name,tipnum,year,antigen
5e6e6f5d,37,0.1534,1
1b96c0f5,32,0.1534,1
7e4a1b8b,47,0.1534,1
1063afbb,5,0.1534,1
3d5a2e6d,6,0.1534,1
14fe5da1,61,0.1534,1
1066c05b,10,0.1534,1
3ede179f,85,0.1534,1
334d7988,80,0.1534,1
5f0800ca,20,0.1562,1
794a6768,33,0.1534,1
37e6f531,48,0.1562,1
6fbf4b7c,38,0.1534,1
702e0811,62,0.1562,1
5af5505b,13,0.1534,1
5aba7949,39,0.1562,1
4f4b2dc9,40,0.1534,1
4f25dab1,14,0.1562,1
3f223c86,49,0.1534,1
365b6a1a,15,0.1562,1
107d2efe,41,0.1534,1
ff4fe1a,21,0.1534,1
20e83c7d,7,0.1589,1
41f99a83,81,0.1589,1
6f914836,34,0.1589,1
4de1ee12,22,0.1589,1
4a0625a7,23,0.1562,1
2f7f464,42,0.1589,1
639d2b93,50,0.1589,1
6ebd88e1,11,0.1589,1
b88adf8,51,0.1562,1
36613c39,2,0.1589,1
3c2a48d5,63,0.1616,1
3e522531,52,0.1616,1
707ba86e,64,0.1589,1
4fc4c2ac,16,0.1616,1
21465761,3,0.1644,1
e9285d5,17,0.1616,1
238774b1,58,0.1644,1
4abf13cf,43,0.1562,1
5951b8a6,4,0.1644,1
43f72274,89,0.1589,1
5b4df447,12,0.1671,1
69dea58a,24,0.1671,1
648a931a,84,0.1671,1
3d9eb49f,69,0.1616,1
4780c5da,44,0.1616,1
4527bbbe,25,0.1644,1
73dbeea1,26,0.1671,1
6fb5f7a5,53,0.1699,1
27c78c80,1,0.1699,1
662833b7,65,0.1699,2
4aaa7735,45,0.1671,1
77e0c66b,54,0.1699,1
a62a91a,90,0.1699,1
11da975a,67,0.1699,1
3648bb5d,66,0.1726,1
2f42617e,46,0.1726,1
30f727f5,27,0.1726,1
75d206f6,55,0.1753,1
6b3c942,59,0.1726,1
6939dda1,28,0.1753,1
3a46017b,70,0.1753,1
33074149,74,0.1781,1
764a6bc,29,0.1753,1
56070469,18,0.1808,1
4ee62e32,35,0.1753,1
56cf1884,36,0.1808,1
44a1b34c,19,0.1808,1
4d25bf98,68,0.1863,1
236fce19,60,0.1863,1
5c87f3f8,8,0.189,1
15f500f7,30,0.189,1
75ccb4ae,56,0.1836,1
280ea308,9,0.1945,1
4bf59dc2,57,0.1973,1
763adef3,75,0.2055,1
66437d5e,31,0.2055,1
33a5da54,155,0.2192,3
3b88847d,6460,0.274,1
3127fd89,533,0.274,1
5c740543,82,0.2986,1
7c198578,4677,0.3014,1
1cdbe28,9712,0.3041,1
7e996900,4675,0.3397,1
23b258d,2396,0.3479,1
323942f7,71,0.3562,1
5ee99666,100,0.3589,1
6b8d25d2,10459,0.3836,1
41c37449,78,0.4603,1
30c16263,158,0.463,3
4897a076,91,0.4767,1
5adf45a4,6461,0.5151,1
58fe4898,95,0.5178,1
7685850b,4676,0.5288,1
6397eb9e,87,0.5397,1
6c1746ed,73,0.5479,1
1676738a,159,0.5534,3
36a4f685,736,0.5562,1
1cb4d241,72,0.5753,1
40230152,4685,0.5808,1
65ecc0ff,79,0.589,1
6101c8b3,4682,0.6164,1
663fbd30,104,0.6384,1
746d0219,83,0.6493,1
121f3155,76,0.6795,1
4ef1e00f,6463,0.6849,1
16805112,1041,0.6932,1
15688005,77,0.7041,1
989357b,182,0.7151,1
48b94ddd,4688,0.7452,1
46b5601c,9714,0.7507,1
2a43e119,86,0.7562,1
5ca58d19,183,0.7836,1
d9c4620,2397,0.7863,1
1fb92448,556,0.8137,1
4d7e8805,4686,0.8164,1
4f2be3d2,535,0.8466,1
1f82fd8,272,0.8521,1
3f96626b,4678,0.8548,1
50d48eff,6464,0.863,1
69d30a40,92,0.8849,1
61d98b43,118,0.8932,1
79f651db,388,0.9178,1
5eabf5ad,93,0.9205,1
75fff1b4,233,0.9178,1
1282a82,160,0.9205,3
70d8a1ed,9715,0.9205,1
3beb5ea4,119,0.9342,1
7d453b88,4689,0.9425,1
31137a3c,96,0.9589,1
2d5b58ed,387,0.9616,1
712f2aa6,9716,0.9836,1
444d2aa7,1040,1.0027,1
34b63f0d,273,1.0055,1
29f6ac79,184,1.0082,1
253242f4,6462,1.0164,1
fda1ef4,6465,1.0356,1
7287fb3,88,1.0411,1
2a1d65e3,4683,1.0658,1
48fbd002,94,1.0795,1
1d8fb7b6,1047,1.0822,1
427d274d,2395,1.0932,1
4ea16cd6,4684,1.0932,1
66c0d56,115,1.1068,1
471f4205,116,1.1068,1
75016fa8,536,1.1068,1
274d7f57,551,1.137,1
c2173bc,185,1.1397,1
6a41c9d3,389,1.1507,1
57f3a1f4,251,1.1562,1
1b08cb9a,4690,1.1562,1
411028dd,534,1.1644,1
1cb3f7d4,2393,1.1863,1
78d8bac0,9713,1.1863,1
3e1b36bc,4679,1.2082,1
326e582e,136,1.2192,1
5587517a,4694,1.2247,1
6fe701e2,97,1.2247,1
65bb4485,117,1.2329,1
6ce9569d,105,1.2822,1
51daef7a,247,1.2849,1
11b56247,1056,1.3014,1
1b465b0c,274,1.337,1
65da7b10,557,1.3342,1
460a8982,10460,1.3397,1
5d46cf5c,1042,1.3479,1
60717260,549,1.3479,1
619a135d,276,1.3534,1
52fb21d6,248,1.3562,1
6656f02b,135,1.3644,1
342a8459,6466,1.3644,1
5ccb01fc,4687,1.3726,1
4e1fd57e,234,1.3753,1
25965caf,98,1.3753,1
7490379e,9717,1.3863,1
61158645,2394,1.4,1
70501c11,186,1.4,1
40d48340,6467,1.4055,1
6e1a3df0,4695,1.4192,1
57b0dcd1,10461,1.4247,1
22693d7e,252,1.4301,1
52290db6,187,1.4301,1
36034a30,188,1.4329,1
67845e75,249,1.4466,1
ced1d36,742,1.4438,1
16b3f5a0,250,1.4603,1
3a4d7f8c,236,1.4658,1
7f7ff946,102,1.463,1
1b9f5f32,156,1.4658,3
1288a714,1043,1.4712,1
4cec2472,232,1.5151,1
43681bd6,140,1.5288,1
2c774443,2398,1.5288,1
180a6b35,558,1.5397,1
435d7f34,1045,1.5479,1
225adea2,6472,1.5479,48
753d6dfa,552,1.5479,1
76086e20,139,1.5479,1
5e041b0a,1044,1.5562,1
2a5f61a6,205,1.5671,1
34138baa,550,1.5808,1
15f9a66,121,1.589,1
7f7d0d0c,120,1.611,1
2efe1114,277,1.6411,1
61881ba,749,1.6356,1
7b69b7b5,4680,1.6521,1
6c6bc0b9,1057,1.6548,1
6ccdd4e3,141,1.6575,1
32c30a91,161,1.6767,3
70945822,101,1.6822,1
7f341972,189,1.6849,1
1a00ab4f,537,1.6849,1
46768d9a,4681,1.6959,1
6592a9a0,275,1.7068,1
742af3e5,6483,1.7151,48
5e17f873,553,1.7397,1
c10eedb,157,1.7644,3
7e78a89e,190,1.7808,1
5d6ec96f,137,1.7836,1
128c6a36,10462,1.8082,1
3c5b66d1,237,1.8082,1
37b631b7,6473,1.811,48
29252d83,538,1.811,1
7baa758,4692,1.8055,1
c314387,743,1.8164,1
27bfd6df,4691,1.8301,1
40354117,142,1.8438,1
4608fb2f,9719,1.8466,1
59e5586,6481,1.8466,48
40a3a512,138,1.8466,1
6d8b0245,559,1.8685,1
19f39af7,9718,1.8712,1
73244d27,540,1.874,1
72f411ef,6474,1.874,48
187b229,99,1.8767,1
2fa2a196,165,1.8849,3
2a83b2b7,10463,1.8877,1
7b9f9fb5,106,1.8877,1
29369240,6484,1.8904,48
668adc82,9720,1.8932,1
132228e1,4706,1.9096,1
24832638,9721,1.9096,1
23e6772a,207,1.9096,1
3edf4584,103,1.9233,1
3c38179e,166,1.9315,3
1b744c7,235,1.9342,1
11f83cfc,2403,1.9315,1
650e439,210,1.9425,1
57ffbaa7,744,1.9507,1
7e22569a,539,1.9452,1
554fa822,737,1.9616,1
2937c1f2,560,1.9699,1
694d4431,4700,1.9699,1
121d396f,6475,1.9781,48
42d2f80c,2399,1.989,1
65403680,206,2.0137,1
70d354d8,162,2.0137,3
6af456cc,167,2.0219,3
ee61bb,1048,2.0219,1
7ddb2231,554,2.0274,1
6f6aaa4,9729,2.0329,1
53b120ee,9723,2.0411,1
1bbb5e62,191,2.0466,1
3f553d8e,1052,2.0548,1
6c604ed0,2400,2.0658,1
19db3929,1046,2.0658,1
3f1e2dcc,541,2.0685,1
c45134a,750,2.0712,1
5629e47c,745,2.0822,1
17a0e895,1053,2.1178,1
18f0ea2,9722,2.1178,1
25f4929a,1049,2.1233,1
3678b00b,107,2.126,1
3ce7885c,6477,2.1342,48
2c933b15,1050,2.1425,1
5510da3b,4701,2.1425,1
5471f241,143,2.1534,1
545435fb,6468,2.1562,1
41f05e5,751,2.1726,1
7955b88b,4696,2.1753,1
6c7e9f72,4693,2.189,1
277173ce,6476,2.2,48
61aaf7f7,168,2.2055,3
32b838fb,1051,2.211,1
69803717,108,2.2164,1
1c0e2c31,738,2.2164,1
24994511,555,2.2192,1
61a38f95,278,2.2274,1
2a2d7508,4707,2.2274,1
5921ef56,144,2.2301,1
317153ea,4709,2.2384,1
73249c76,6469,2.2575,1
7e37dae9,253,2.2767,1
1ee94148,298,2.274,1
5c739e51,6470,2.2822,1
ff92f3d,10464,2.2986,74
46e729b4,739,2.3014,1
1db725e2,2401,2.3205,1
4bba225d,6485,2.3233,49
70efc6c3,542,2.326,1
30ae4f99,212,2.3288,1
1492e45b,163,2.3479,3
ea0945e,1054,2.3562,1
f79297,9724,2.3589,1
4267d797,164,2.3699,3
580d6e1,4708,2.3726,1
41d443bc,145,2.3808,1
4bdc3dbc,6478,2.4082,48
2e7af638,752,2.4137,1
77836d7a,6479,2.4192,48
5ed6b990,208,2.4247,1
655879ac,4777,2.4247,1
ba4c772,543,2.4329,1
3e1198f9,127,2.4356,1
680eac19,561,2.4384,1
67afd661,6482,2.4438,48
42154d79,4702,2.4466,1
6e991878,110,2.4603,1
2e1110fc,391,2.4795,1
3a3cd1b,10466,2.4849,74
1ed0d712,1055,2.4849,1
76463f34,2404,2.4822,1
1173b505,10465,2.4822,74
50f657f0,109,2.4986,1
4da083e0,757,2.5096,1
6dd03187,6645,2.5178,48
73d8119a,149,2.5233,1
6c96e436,740,2.5233,1
55d0b501,562,2.5315,1
12288f10,192,2.5534,1
6e0f73e0,4703,2.5562,1
70830372,2405,2.5589,1
35d917bf,9725,2.5589,1
3929b333,2402,2.5726,1
4504659f,4778,2.5753,1
417c3045,2406,2.5753,1
39f53101,209,2.5863,1
694efe4,122,2.5973,1
3e275a0f,4697,2.6,1
6a682f93,4779,2.6,1
69dde383,6648,2.6,48
3f5ba1a7,6487,2.6192,49
57abadad,392,2.6219,1
47c6e360,6480,2.6247,48
4101d1e0,213,2.6274,1
23b516fe,123,2.6384,1
eacc4a9,6486,2.6411,49
7637e9f3,279,2.6493,1
297901e0,280,2.6521,1
15ec0379,6488,2.6603,49
59d42a4c,111,2.6658,1
16156e47,6489,2.6685,49
1d1c989d,4710,2.6822,1
7c0bfcdf,6471,2.6849,1
4f52f58,9730,2.6849,1
39af0ed7,4782,2.6932,1
400eb10f,746,2.7041,1
634040d5,545,2.7041,1
4ee22c0a,390,2.7205,1
55058919,170,2.737,3
ffa4ab7,147,2.7452,1
3ac9148e,4698,2.7507,1
5beebdea,6649,2.7616,48
43348e1,10467,2.7671,74
59c11522,9726,2.7671,1
2bde17f0,4705,2.7699,1
499df8f7,169,2.7726,3
76e2ae33,146,2.7753,1
5f1fe8c,238,2.7808,1
1b1bca93,4699,2.7836,1
2c831bd,4704,2.7836,1
2b2295a3,4788,2.7918,1
9807a71,741,2.8,7
4a22b4d7,281,2.8055,1
11985bf4,2407,2.8137,1
2645451a,6646,2.8164,48
1b17c2d5,254,2.8192,1
5e1dcc76,255,2.8301,1
1465f6e,148,2.8274,1
52d2e349,173,2.8384,3
77f692ac,568,2.8356,1
47b88e58,10468,2.8411,74
743604ee,193,2.8548,1
7ebd9a66,4780,2.863,1
4cd919ef,6661,2.8712,48
5919955b,124,2.874,1
31bb798a,1058,2.874,11
729bfee3,546,2.8795,1
715264a6,563,2.8795,1
68440686,125,2.8849,1
35071f16,547,2.8877,1
5f1a5715,171,2.8932,3
725bc6f3,153,2.8959,1
4cb03e58,300,2.8986,1
104efb4a,548,2.9041,1
1d3cb9fa,4781,2.9041,1
29404749,4783,2.9123,1
1093e7b7,6647,2.9205,48
3cd3d708,10469,2.9233,74
5900baad,569,2.926,1
5ba0ef73,4719,2.9288,1
23ab6e94,150,2.9315,1
2c8a9b09,126,2.9288,1
e437207,301,2.937,1
4884231c,299,2.9397,1
5244dfcb,129,2.9425,1
2ae3d4d9,239,2.9452,1
5249405f,9731,2.9534,1
478fd35b,9734,2.9589,1
33c1e6e6,112,2.9616,1
730a95b,9735,2.9616,1
1f635a5a,113,2.9644,1
264f47e6,172,2.9671,3
1a05631f,1059,2.9699,11
18fd7b75,114,2.9699,1
1d4943ba,565,2.9836,1
41654782,544,2.989,1
28894640,753,2.9945,1
70c9c92a,151,2.9973,1
31c2295,2519,3.0082,20
541fe5df,211,3.0082,1
3f2de189,4712,3.0137,1
244330d7,754,3.0164,1
64b4ef3a,196,3.0219,1
113ffdf,6662,3.0301,48
63f96de2,755,3.0274,1
3f2a982f,174,3.0411,3
48634d5f,564,3.0438,1
1812dc73,570,3.0493,1
5f588900,218,3.0548,1
6e125a9,194,3.0521,1
2edfdeea,758,3.063,1
7c0467db,2520,3.0658,20
23915994,130,3.0685,1
72fbcd6c,302,3.0795,1
136dc0f1,2521,3.0877,20
36e14abb,195,3.0904,1
7db872f7,306,3.0904,1
2b587e29,9736,3.0959,1
2d40db24,177,3.0986,3
39d05262,131,3.1123,1
72a54be8,756,3.1151,1
5e19787d,4711,3.137,1
60889683,216,3.1397,1
4bbae84d,178,3.1425,3
131810d9,175,3.1479,3
6575857,566,3.1452,1
22cffa90,128,3.1589,1
14acb24,132,3.1616,1
3eab8604,9805,3.1616,1
6de6d7d0,198,3.1671,1
514fafdb,747,3.1753,1
244fb48,748,3.1808,1
c09c418,571,3.1836,1
3f01e7bd,9745,3.2137,1
6e70f83b,567,3.2164,1
3573ea72,10470,3.2247,74
360c8d30,6490,3.2274,49
47180d67,219,3.2356,1
3a8349b5,1060,3.2356,11
196eba70,303,3.2356,1
4be934f1,176,3.2411,3
5b058441,304,3.2411,1
23266992,9732,3.2438,1
acacd60,305,3.2493,1
32dd0e3a,4713,3.2493,1
18d74269,197,3.2575,1
7486d639,6494,3.2575,49
3567364,4714,3.2685,1
59a011ea,574,3.274,1
7b46c4bd,4720,3.274,1
1500ca84,240,3.2767,1
3933f2f2,6650,3.2767,48
9ce7be3,1062,3.2822,11
50380471,393,3.2849,1
1d9641e7,6510,3.2849,49
46f78ca5,6491,3.2877,49
3b1494c5,6663,3.2904,48
6d3c7b3d,6492,3.2932,49
2d454541,572,3.2959,1
41fff127,6503,3.2986,49
51746ee5,10471,3.3041,74
3bffb762,609,3.3041,1
7ec29455,214,3.3068,1
616f85f4,133,3.3123,1
39627dc6,6504,3.3151,49
5fa72637,220,3.3151,1
2dd66860,241,3.3151,1
475c31b3,4786,3.3178,1
5a814c89,2524,3.3178,20
3c714f70,394,3.3233,1
227ab5f6,9733,3.326,1
4d4a0047,759,3.3315,1
48dd9a3,217,3.3425,1
543828bf,2522,3.3479,20
1e0ed1c1,4721,3.3507,1
4366a59f,221,3.3616,1
9bff634,6651,3.3671,48
6284f787,2523,3.3726,20
82ff46b,307,3.3726,1
6e9ad705,215,3.3836,1
15262b24,256,3.3918,1
7f8ca8e2,6652,3.3918,48
6ae41a7c,6505,3.3973,49
2f99f068,768,3.4027,1
1b305163,6493,3.3973,49
bc291b4,310,3.411,1
1193f396,152,3.4164,1
6dd2b067,10476,3.4219,74
5b6e3c22,257,3.4247,1
5486ac63,6665,3.4384,48
166c5e4d,6664,3.4384,48
3b148d97,6495,3.4384,49
24c4e470,396,3.4384,1
2a45ac3d,258,3.4438,1
601a7b,243,3.4466,1
1f0757d5,761,3.4521,1
1ce3d721,9727,3.4603,1
1b40b4c4,769,3.463,1
1bf3d615,179,3.4658,3
1c9dd25d,4784,3.463,1
3e6f8341,6506,3.4712,49
2e77b250,4715,3.4767,1
6f8ffa94,4785,3.4795,1
627a3041,6496,3.4795,49
3c371172,222,3.4822,1
7fbbd17c,6497,3.5068,49
224f74a4,4716,3.5068,1
ffedea5,308,3.5123,1
27094d86,180,3.5151,3
283d3b39,6656,3.5233,48
2dcfe138,820,3.5233,1
65beb7ad,9806,3.5233,1
610696e9,770,3.5315,1
1b2c21ae,6511,3.5342,49
38e19a0e,154,3.5507,1
38b53439,261,3.5616,1
64b8ae49,9737,3.5644,1
354f65e5,199,3.5671,1
55bd3bd4,760,3.5699,1
45aefd11,9807,3.5726,1
10ca8a93,285,3.5836,1
1cf604f,610,3.6,1
68793c4a,2555,3.6055,20
3d909839,6498,3.6027,49
428111a1,134,3.6082,1
f64acef,260,3.6082,1
be01f31,575,3.6164,1
3f5e5c93,200,3.6137,1
4bbe3182,4722,3.6192,1
5c392841,282,3.6192,1
2f3a8e66,244,3.6192,1
3109fda2,6513,3.6219,49
60fe7ec1,9810,3.6192,1
782f015b,1061,3.6247,11
8e1eaea,6508,3.6329,49
5fb9be22,2554,3.6356,20
3a571d11,223,3.6356,1
22483ccd,6666,3.6493,48
749a658f,9808,3.6438,1
4ef296ce,4787,3.6548,1
18403b27,9728,3.6575,1
665a2160,10472,3.6685,74
61eb21fb,6499,3.6712,49
2a6d75f,6512,3.6712,49
1ba65d2f,1063,3.6767,11
67f8ce2f,309,3.6822,1
2c402e1a,4789,3.6932,1
149c2690,226,3.6986,1
8d0472e,9809,3.7041,1
20340773,617,3.7096,1
77ce8299,242,3.7123,1
952697f,821,3.7151,1
24cfa6b1,6657,3.7178,48
5112bc1e,1064,3.726,11
519d36d0,1087,3.7288,11
4b1eb40d,772,3.737,8
123d79f1,9772,3.7397,1
568bc5e4,201,3.7425,1
6e185253,6658,3.7425,48
50982d41,4895,3.7425,1
29933452,6659,3.7507,48
2831d88d,395,3.7534,1
213f7061,6500,3.7562,49
d9934df,10473,3.7671,74
1c7ae208,10474,3.7863,74
6b1ea331,9773,3.7918,1
4ef9c33b,397,3.8082,1
2cfb7471,202,3.811,1
268e6ef4,763,3.8137,1
7ae68a75,6507,3.8219,49
769da5f7,9738,3.8274,1
32665837,181,3.8274,3
79c786d1,10477,3.8247,74
ee82d64,9740,3.8329,1
15c18353,4896,3.8356,1
7b667bb5,2525,3.8384,20
15e6d63c,1088,3.8493,11
50522b5f,773,3.8493,8
2f2fa073,1071,3.8575,11
1f9eaf3c,2408,3.8603,1
6dc6c87,6514,3.8575,49
25a81d56,11017,3.8658,74
2882ffaf,6667,3.8658,48
6461d26f,6515,3.8712,49
e6c7690,4723,3.8767,1
6974fcd4,9774,3.8795,1
6aa8f3f5,9811,3.874,1
6bb18b8e,2556,3.8904,20
e167903,4897,3.8904,1
521ca8bc,576,3.8932,1
648e2004,822,3.8959,1
9bb02f3,6653,3.8959,48
6e3105b1,10475,3.9014,74
5352a715,1072,3.9123,11
60de8d14,2526,3.9151,20
46c9237b,577,3.9178,1
17341dcb,2560,3.9123,20
714e8e11,9775,3.9205,1
37e2e522,6516,3.9123,49
383fda5e,6676,3.926,48
606867f5,10478,3.926,74
e1ca217,203,3.9288,1
f5252d7,1074,3.9288,11
31c8cd61,6677,3.9397,48
a696b2a,11019,3.9425,74
2a0254b0,11018,3.9425,74
20ed2af4,2561,3.9507,20
6ca98684,1073,3.9507,11
71f0b52c,9812,3.9534,1
3081b003,618,3.9534,1
60542a96,6654,3.9534,48
89ec577,6660,3.9534,48
28a3ef46,611,3.9644,1
28b90db8,6521,3.9644,49
5c0e66ab,10479,3.9671,74
432178fa,1065,3.9726,11
6132d481,771,3.9726,8
30d5f0,245,3.9781,1
1ff900ad,204,3.9863,1
281715cb,10480,3.9918,74
58fe95c7,6501,3.9973,49
783055c,1066,4,11
70624ff1,283,4,1
facceec,4790,4.011,1
27c9d538,284,4.011,1
67558280,398,4.011,1
37602547,6517,4.0137,49
5b0b4c5,228,4.0164,1
28d66f12,262,4.0164,1
4aa9b03e,259,4.0192,1
23a0cc46,1067,4.0192,11
15dc9f68,4901,4.0219,1
ee9cc3e,224,4.0192,1
9c6b59d,1075,4.0247,11
2c219a1f,6502,4.0192,49
5df7772c,2557,4.0274,20
1dbfc890,4900,4.0274,1
737fac72,9739,4.0384,1
4e09f38,1076,4.0384,11
2169ece7,823,4.0411,1
1387bb7,2527,4.0438,20
1fba4a76,4717,4.0466,1
5120a555,6655,4.0493,48
679032ab,6668,4.0493,48
4088d81,2558,4.0521,20
6a685733,4791,4.0521,1
57b5ec12,227,4.0548,1
28cf7c0a,311,4.0548,1
4e2c16d2,625,4.0521,1
e08ee13,6669,4.0575,48
30151dd3,578,4.0603,1
5a33b9f2,2559,4.0603,20
26f1e12e,582,4.0603,1
59d49330,619,4.0658,1
758df6d6,9741,4.0658,1
5bb9f433,264,4.0658,1
1208f121,579,4.0685,1
3bd98adf,580,4.0712,1
3e8a28cf,265,4.0795,1
2178e034,10481,4.0822,74
35f49044,6518,4.0795,49
60a0fe22,312,4.0877,1
17580f9b,6519,4.0877,49
71c73404,4898,4.0877,1
60a0ecc8,6670,4.0932,48
7964f10,246,4.0959,1
5065acae,2528,4.0986,20
18cad5b2,9776,4.0986,1
7febaccf,229,4.0986,1
4a3082ed,6520,4.1014,49
374d57d9,774,4.1068,8
79e473c7,5086,4.1096,1
5adc0834,4903,4.1151,1
5b4b35e0,291,4.1151,1
15a2e38e,313,4.1205,1
480c8d7c,402,4.1233,1
12acb5f1,775,4.1233,8
272f1159,4724,4.126,1
10ca7671,2562,4.1288,20
12765975,10485,4.1315,74
3e3d512a,2533,4.1397,20
49c96821,403,4.1425,1
2c08eebd,4899,4.1425,1
af3f697,4792,4.1534,1
2aeeab4d,11020,4.1562,74
7e8e1b3b,1069,4.1562,11
7c84ecab,6672,4.1589,48
69d6eae2,6522,4.1644,49
5fc21787,9743,4.1644,1
77fd7fa9,4902,4.1726,1
447f751f,399,4.1808,1
363d9056,1068,4.1836,11
38e40269,5087,4.1863,1
635e406a,10482,4.189,74
3d012719,9813,4.189,1
6764bfcf,6671,4.1918,48
7f0b1e00,9780,4.1973,1
594aaf61,620,4.1973,1
3a65e59b,11021,4.2,74
272ad4d7,4815,4.2055,1
6e475c9b,10483,4.2082,74
5a4a87a5,230,4.2082,1
1812d1e4,9779,4.2137,1
18595d3a,5198,4.2137,1
3fce27f8,5196,4.2137,1
3cae48fe,10484,4.2192,74
6b39171e,411,4.2219,1
405c41a0,314,4.2219,1
6540d273,9746,4.2219,1
6bd3a2ce,225,4.2329,1
7eabf336,4816,4.2384,1
25eca9ab,764,4.2411,1
64ecbef,612,4.2548,1
7e5f8406,1089,4.2548,11
657e521f,613,4.2548,1
638e3fd9,9781,4.2548,1
1d0423e3,6673,4.2603,48
13cd59ac,765,4.2658,1
1fd77f6b,9777,4.263,1
532c1b8f,10486,4.2658,74
234da3b6,268,4.263,1
fdcee38,286,4.2685,1
3a8efe3b,4817,4.274,1
56c688a8,9778,4.2767,1
34b4f36a,406,4.2767,1
4d4ddc69,5199,4.2767,1
7e0e462c,2563,4.2822,20
1c39c82,581,4.2849,1
30901a48,776,4.2849,8
2f36346a,621,4.2877,1
14f281fa,409,4.2877,1
23ac9093,269,4.2877,1
21ae1b,4718,4.2932,1
c92b715,9782,4.3014,1
3c60be95,5088,4.3014,1
425d0f25,433,4.3041,1
7b0f9982,9814,4.3096,1
401f70b,766,4.3041,1
7653b18e,9742,4.3096,1
6f608a4e,4730,4.3123,1
56cd0521,11024,4.3151,74
510945f3,626,4.3151,1
3a3d519d,404,4.3178,1
51648e6e,10487,4.3233,74
6fbe7d6e,6674,4.3233,48
6856a79c,1090,4.3233,11
74839bb7,5089,4.326,1
45136b06,6523,4.326,49
24628d03,1070,4.3233,11
5180701f,407,4.3233,1
4dc9224c,405,4.3315,1
257f5661,9783,4.337,1
15c5dd58,4731,4.3397,1
47975777,11022,4.3425,74
7c58d2d6,11023,4.3397,74
4dc4e701,435,4.3452,1
4348c68b,5084,4.3397,1
1cdb5cdd,11030,4.3452,74
2a47fa5f,9744,4.3479,1
30813559,410,4.3479,1
27cf6d03,6524,4.3534,49
2a2f8c64,11025,4.3534,74
5a1eaa62,2529,4.3644,20
5f675334,9747,4.3671,1
1ae0f782,5085,4.3699,1
595f0802,2564,4.3753,20
199cc1b1,231,4.3781,1
456710f4,400,4.3781,1
6a05ef80,615,4.3808,1
f1eef07,5097,4.3808,1
3935622e,5098,4.3863,1
7070261c,317,4.389,1
32dfa236,318,4.3973,1
ded7856,9748,4.3945,1
48d1ef84,6675,4.4027,48
dc1dd6c,287,4.4027,1
30cf574e,573,4.4027,1
417ed78d,4906,4.4055,1
2737283c,614,4.4055,1
605d5e91,622,4.4055,1
4ee0da96,401,4.4082,1
2a6200f3,767,4.4137,1
1d97788d,4735,4.4192,1
3ffc5cb,585,4.4192,1
9dcbaf3,412,4.4247,1
69b1ead3,1091,4.4247,11
55a1173d,2530,4.4247,20
1955d4f3,9789,4.4274,1
338356a3,10492,4.4301,74
1576034e,6678,4.4329,48
685a4db6,4814,4.4329,1
202f5d25,9784,4.4356,1
52e47cf1,1077,4.4384,11
43d796c,288,4.4411,1
2da21106,436,4.4384,1
86b0b8f,777,4.4384,8
51200fca,6679,4.4438,48
516964e3,315,4.4548,1
3266d0c9,5090,4.4603,1
4cfa8308,437,4.4603,1
7b7fff2e,11026,4.4603,74
5dff29f0,319,4.4658,1
7f41dffb,6509,4.4658,49
60e83968,320,4.4685,1
300f6189,11031,4.4685,74
37c2ef97,9815,4.4658,1
346b1fd9,6732,4.4658,48
56d15b9b,10488,4.4712,74
1873b8fa,762,4.4658,1
10ff100d,9790,4.4877,1
317d5803,263,4.4904,1
64d9b8c0,6680,4.4959,48
7a35748c,11027,4.4986,74
38e8a1cb,289,4.5014,1
4e685719,438,4.4986,1
132dacef,434,4.5068,1
48882d9b,332,4.5041,1
164c39c4,5197,4.5068,1
7e5b2c78,11028,4.5068,74
78685e41,316,4.5096,1
253dcef0,415,4.5096,1
254cd843,9817,4.5096,1
747d4fcf,5208,4.5041,1
259de21a,6681,4.5096,48
308ca9d,5092,4.5233,1
24171e68,5091,4.5233,1
5ac6d6ac,10493,4.526,74
6f961e54,1099,4.526,11
718b375e,4725,4.526,1
349257d0,10494,4.5205,74
28eafb74,270,4.5315,1
77d12483,10489,4.5342,74
60a7c144,2531,4.5397,20
5f48dce0,9785,4.5397,1
79423c0e,11032,4.5452,74
60c4909,9816,4.5452,1
78079077,4793,4.5452,1
6131ec4b,2536,4.5397,20
6d770da3,10491,4.5534,74
11612b98,266,4.5534,1
6fc520b7,321,4.5562,1
97b1e2f,5202,4.5616,1
3814caae,778,4.5644,8
6ddb5a08,1100,4.5753,11
42af5b17,408,4.5753,1
196b9fbe,586,4.5753,1
291bebec,587,4.5808,1
47261930,5099,4.5781,1
167ded9d,583,4.5863,1
624ac9f0,4794,4.589,1
2141fe40,9819,4.589,1
5773350f,6525,4.5918,49
6ee360a,5201,4.5945,1
62db0f81,1101,4.5973,11
1acea51e,11029,4.5945,74
206b4948,4907,4.6027,1
598349dd,9818,4.6027,1
771e0f53,10490,4.6055,74
390b97f2,2537,4.6027,20
13d567d6,4726,4.6082,1
43d0a892,9749,4.6055,1
5ecc94,588,4.6192,1
7bd3f5b,4904,4.6192,1
62ec9c59,4727,4.6192,1
24be3cae,10495,4.6192,74
52727ec1,11041,4.6247,74
3c5bd433,5093,4.6274,1
3a5389b5,2534,4.6274,20
6f5d991d,5094,4.6274,1
6f799866,2535,4.6301,20
2e186641,9820,4.6329,1
4c00c5fd,267,4.6384,1
6c4171ae,2538,4.6411,20
6ab8f3e9,627,4.6466,1
69ae0ad2,616,4.6493,1
5af7e778,6682,4.6438,48
7e674663,824,4.6548,1
211db5b1,10496,4.6548,74
4e943c8,6528,4.6548,49
4e8c4185,2545,4.6603,20
6386d406,629,4.6712,1
7a67ba3e,5100,4.674,1
34de41b9,5095,4.6795,1
1872aece,1092,4.6767,11
4d016f22,9750,4.6822,1
af09af6,4732,4.6822,1
7f90af21,1172,4.6849,11
4ce5c198,6751,4.6877,48
416c0214,4736,4.6904,1
7384550b,271,4.6877,1
7923b704,4728,4.6904,1
7520d64,5206,4.6904,1
9fb0052,5203,4.6932,1
5766b894,589,4.6932,1
6bf0f9f4,418,4.6959,1
4aad2a3c,2565,4.6959,21
5d033720,5209,4.6986,1
cab4542,1173,4.7014,11
282ad647,416,4.7041,1
6078327a,9751,4.7041,1
4f72b18c,6752,4.7096,48
43a70883,5204,4.7123,1
48276a37,590,4.7123,1
46d97504,6684,4.7233,48
1053abef,6734,4.7288,48
332e950e,6753,4.7315,48
7d98de0,779,4.7315,8
518e490c,417,4.7342,1
643b562a,635,4.737,1
70c44aa5,5210,4.737,1
7a360deb,5200,4.7452,1
b5ca72e,1174,4.7479,11
40a18d28,2409,4.7479,1
63447a19,2547,4.7507,20
310795b6,11043,4.7534,74
5f0c216f,5205,4.7534,1
4d51039c,11033,4.7589,74
13082f6b,2532,4.7589,20
775b707c,10527,4.7671,74
535c1ba1,1104,4.7671,11
3ac49cf6,290,4.7671,1
5efb9e59,413,4.7671,1
72854ac3,1105,4.7781,11
1cc6083,1175,4.7753,11
60c2cbb0,591,4.7808,1
476ab8ed,1102,4.7836,11
3263c3b4,11042,4.7836,74
1493ffad,4908,4.7863,1
338f2e47,6526,4.7918,49
151474a,1106,4.789,11
7c1cc907,1103,4.7945,11
21581384,6683,4.7973,48
3da186f,584,4.7945,1
5f575d6b,2539,4.8,20
20bdf035,6733,4.8055,48
526a82b2,9822,4.8082,1
58a353fe,11038,4.8082,74
2236c5a6,11039,4.8137,74
7533dcef,780,4.811,8
6eb0e8ff,628,4.8164,1
59e1df9e,333,4.8192,1
5201a8ff,781,4.8192,8
14bcbb0,2546,4.8219,20
7983db67,10528,4.8219,74
6af4abd2,439,4.8247,1
3dbe843d,11059,4.8301,74
62278525,334,4.8356,1
3deed49a,9793,4.8466,1
26d5fee8,11040,4.8466,74
777ec452,2540,4.8466,20
5f7e6fdb,782,4.8438,8
720b52ce,11034,4.8521,74
7d230a41,11035,4.8466,74
1cf15142,1094,4.8493,11
470ebe09,2548,4.8548,20
2249f075,4905,4.8603,1
7f1ff9fe,6688,4.863,48
3bddbfde,6685,4.8603,48
658d0b2d,9791,4.8575,1
2e0c5902,6527,4.8658,49
639e32f,6686,4.8658,48
504c9f79,9752,4.8685,1
5d15323e,4737,4.8685,1
119db4d7,592,4.8712,1
1f8f17e2,5211,4.8712,1
5c2ccfa7,2410,4.8795,1
58f40d50,5096,4.8795,1
1b16fb16,1093,4.8822,11
6cf7e660,6536,4.8849,49
33ef6687,4738,4.8904,1
1887bd02,335,4.8904,1
644089c9,1082,4.8904,11
1c26869c,4729,4.8959,1
4fb1a79e,11036,4.8932,74
6afb6cc7,322,4.8986,1
103e0c7,420,4.8986,1
a15ae90,1095,4.9014,11
222fcb28,4911,4.9014,1
606005a4,414,4.9014,1
ba05c43,1176,4.9014,11
514cc03b,6687,4.8959,48
760a95ac,9823,4.9096,1
2aa076ce,783,4.9096,8
4a8d1b1b,4796,4.9151,1
7d774769,440,4.9205,1
5f720a9e,336,4.9233,1
764d11b8,5101,4.9233,1
15e03ab,638,4.9233,1
4859bb04,1078,4.926,11
543a89a9,9786,4.9288,1
1331c048,6529,4.9288,49
5cd81e4a,623,4.9288,1
420614b8,1097,4.9342,11
5f507c20,4795,4.9342,1
42f1ba90,826,4.9233,1
5f5f0106,636,4.9342,1
393a562c,5224,4.9315,1
43697ee9,422,4.937,1
313811e8,825,4.937,1
7ed20865,640,4.9452,1
59a27188,6530,4.9425,49
19973aef,828,4.9452,1
51b4c263,4909,4.9425,1
20f22eec,5649,4.9507,1
61d6aa70,11046,4.9562,74
4e0d8bb7,2541,4.9562,20
52f46320,641,4.9562,1
473f71ad,1098,4.9589,11
4e98dcf,6532,4.9616,49
148ee1db,2542,4.9616,20
73b9f0eb,6735,4.9616,48
420d253e,11060,4.9671,74
4a545966,4910,4.9699,1
55d24660,11044,4.9671,74
60ff5efb,624,4.9699,1
283020de,9792,4.9753,1
1432b39b,6689,4.9753,48
3fbd40f6,292,4.9781,1
252fd97c,488,4.9808,1
cb03bd7,2413,4.9836,1
767192df,4739,4.9863,1
d9fefb1,6539,4.9918,49
5870a404,11047,4.9918,74
3cf724f,1096,4.9918,11
eac9f62,294,4.9918,1
7cbc1b61,4933,4.9945,1
4e0fcb62,5110,4.9945,1
2131d076,784,4.9973,8
59148315,1083,4.9945,11
54dde3f3,419,4.9973,1
168eee05,6537,5,49
332950da,9788,5,1
2f5222cd,6531,5.0027,49
4ff531,5222,5.0055,1
77ddf2f7,2411,5.0055,1
7dbec206,5212,5.0082,1
468e2eb,595,5.0082,1
34696e5d,6538,5.0082,49
58d4ca1e,338,5.0137,1
3a92ece1,6755,5.0164,48
458b60ff,11045,5.0137,74
3951ebbf,1079,5.0192,11
159f8390,2412,5.0192,1
73121f0b,5207,5.0219,1
2324bec5,786,5.0219,8
4eae34ba,4734,5.0247,1
d92e83e,339,5.0247,1
204ae889,2543,5.0219,20
3ed8e8e7,6754,5.0247,48
16c1062,6759,5.0274,48
7c52c38e,5223,5.0329,1
1ba5db69,323,5.0329,1
6c5c7634,4733,5.0329,1
15ba2488,1084,5.0329,11
7434d95d,6540,5.0301,49
417f2a21,1085,5.0384,11
4e9d09ec,337,5.0411,1
a47ead3,11048,5.0411,74
58eb34f7,1086,5.0411,11
45bacaa3,295,5.0438,1
6f36fdf0,785,5.0466,8
46e7dfbe,441,5.0466,1
60fd23e9,9799,5.0466,1
46098473,852,5.0466,1
61fd8d0a,2549,5.0521,20
73adff13,4818,5.0521,1
94880eb,9787,5.0521,1
7260311d,2463,5.0548,1
7b8ba6d3,1080,5.0548,11
6cd4a544,9821,5.0548,1
712b8fcd,325,5.0575,1
6d62b39c,11037,5.0575,74
2fd57bea,10497,5.0603,74
18568221,5213,5.063,1
1e798ff4,6756,5.0658,48
567329ed,2415,5.0685,1
6009fef5,4799,5.0685,1
38621fd6,296,5.0658,1
151aaaf0,6736,5.0712,48
26f60a08,9800,5.0712,1
6d9c059c,630,5.074,5
3fc821f4,9753,5.074,1
177c1574,10498,5.074,74
26c19166,489,5.0767,1
57f17041,2414,5.0767,1
6fd946b2,5214,5.0767,1
5acc3fc6,9796,5.0795,1
247572ea,10500,5.0795,74
535514a5,11050,5.0795,74
f7a05f6,10502,5.0822,74
5d07fedd,1107,5.0849,11
347329d0,442,5.0849,1
6107bad2,6760,5.0877,48
9c3cdfa,297,5.0877,1
3b1eff96,3428,5.0904,21
268ea59a,10499,5.0904,74
48256ee,639,5.0932,1
4095346c,2544,5.0959,20
1f9fdc3d,6737,5.0959,48
328f4bb7,3429,5.1014,21
7ea1e03f,594,5.0986,1
63c3f1ce,10503,5.0986,74
4300af2f,11051,5.1014,74
767f597,5225,5.1041,1
177e9dd3,5215,5.1041,1
784577c,11062,5.1041,74
76e1d535,4741,5.1068,1
3e7beaad,593,5.1096,1
4f2a4545,6533,5.1123,49
2c59d976,1108,5.1151,11
54e9f9b5,829,5.1123,1
5df5e1db,9794,5.1151,1
35a65f07,5111,5.1151,1
28bb349b,423,5.1151,1
2d310709,853,5.1151,1
4a4bca93,10501,5.1205,74
5174b63e,11049,5.1178,74
562d8570,1178,5.126,11
5c53e872,3430,5.1288,21
5fdcad1b,2566,5.1342,21
56f7274f,1177,5.1342,11
6bea8f50,324,5.1315,1
27c37cc2,2424,5.1342,1
33c825fb,11053,5.137,74
47f9b0fa,490,5.1425,1
7c979eab,2423,5.1452,1
7dc5bb70,491,5.1452,1
415cfd66,4801,5.1479,1
3349ff4b,1109,5.1507,11
39bde7b8,600,5.1534,1
1f6e8c5b,5216,5.1589,1
69f3d5c4,5113,5.1616,1
4f62b251,2550,5.1644,20
657b0ebb,4913,5.1644,1
315389e3,5114,5.1699,1
487b6204,5219,5.1699,1
16f20b6d,5102,5.1699,1
2bc1c1de,4797,5.1699,1
345ec611,5217,5.1753,1
7788be15,2568,5.1753,21
27a6f9dc,9895,5.1753,1
21093726,10512,5.1781,74
463cde8,10504,5.1781,74
464ffd3b,830,5.1781,1
56379437,9896,5.1808,1
3eef39d0,596,5.1808,1
2479af68,2567,5.1808,21
1d6628f9,10529,5.1836,74
779a814e,11063,5.1836,74
307c07d4,9797,5.1863,1
5997ec5c,854,5.1863,1
751a3677,10510,5.1863,74
56a9596b,5218,5.1973,1
63bb6cd,6541,5.1973,49
60a85f5a,856,5.1973,1
44a564b6,11054,5.1973,74
58db0f48,11052,5.1945,74
1ea32259,492,5.2,1
30d5740,5103,5.2,1
21fd8af4,855,5.2027,1
4e12caa9,2464,5.2027,1
4e333d6c,5227,5.2027,1
27edd4bd,5115,5.2082,1
6a0a509e,5112,5.2082,1
321598f4,10505,5.211,74
651a1b87,6534,5.211,49
2c1b73a5,6738,5.211,48
aa2d2b6,11055,5.2164,74
14ad4818,6535,5.2164,49
ae1b041,293,5.2164,1
79b1bed9,6548,5.2164,49
3f1254b9,5108,5.2219,1
4e5f306e,9801,5.2219,1
48e38ea5,10506,5.2219,74
8f2d463,5650,5.2247,1
36f0e229,9802,5.2247,1
428b10f6,444,5.2219,1
1b2bd9b1,11064,5.2274,74
7c96e786,10513,5.2274,74
31942f0e,5116,5.2274,1
1c8e1219,601,5.2301,1
552782bd,4934,5.2301,1
62f30bf5,6547,5.2329,49
484c218b,637,5.2356,1
799c6301,5105,5.2329,1
3d461d79,1110,5.2411,11
45c32c6a,4740,5.2384,1
28f6d72a,1081,5.2411,11
304cc7b7,5104,5.2411,1
6960df63,326,5.2411,1
5903acc,4803,5.2438,1
512168c,424,5.2438,1
1e3d820b,11066,5.2466,74
2c7b2fdc,3431,5.2466,21
1078aa28,447,5.2466,1
3665c539,787,5.2466,8
50d5fecf,6549,5.2493,49
59918f51,10514,5.2548,74
4ca24499,493,5.2548,1
3952871e,6543,5.2575,49
2186d100,6758,5.2575,48
74383966,1179,5.2575,11
3072f57b,9826,5.2575,1
2ae03df4,789,5.2575,8
7a725c1,11067,5.2603,74
10befae4,443,5.2603,1
25f8029c,5106,5.2548,1
dbd547,788,5.2603,8
edc844a,5118,5.263,1
306b317d,11065,5.2658,74
57e5944e,9803,5.2658,1
56eb3d89,6757,5.2658,48
326c90cc,831,5.263,1
58f8bc1f,4819,5.2685,1
329bc8a,9795,5.2712,1
31f18ea4,4802,5.2685,1
351b816a,4830,5.2712,1
4acd3b30,11061,5.274,74
1c713855,4935,5.274,1
6be81caf,5226,5.274,1
1f47780,2551,5.2767,20
47318922,4743,5.2767,1
3c4d5db4,329,5.2767,1
1ffaf5b6,9798,5.2767,1
a5cc58c,9832,5.2795,1
28b6eb30,4820,5.2795,1
7e40b36f,5134,5.2822,1
6fead280,1180,5.2822,11
4d33773,5658,5.2822,1
365fae54,421,5.2849,1
5a437db6,1111,5.2849,11
25ea0e9,5107,5.2822,1
4533f2a5,9757,5.2849,1
3e93faa7,1112,5.2877,11
27f1d76f,11056,5.2849,74
5b905bdf,6542,5.2932,49
7575ce2f,425,5.2932,1
349aa3fa,9824,5.2959,1
67af2baa,426,5.2932,1
6e66d916,9827,5.2986,1
4f0150bf,450,5.2959,1
14deebc6,9758,5.3014,1
75ba0fd4,4744,5.3041,1
2d4cc61c,5229,5.2986,1
256f288f,10515,5.3068,74
1f47b4e1,2569,5.3041,21
688defa2,2570,5.3123,21
b6eb9ae,6544,5.3123,49
2e0fd3b8,646,5.3123,1
65389c43,4936,5.3123,1
62cf8fb9,6739,5.3123,48
75142a71,448,5.3123,1
1c12f987,841,5.3151,1
631db1fd,6761,5.3123,48
4c506bae,451,5.3178,1
6dab3ce3,5653,5.3178,1
7387c4a8,4745,5.3205,1
1d5ee13d,2465,5.3205,1
7852c59e,4937,5.3178,1
3790cc21,9825,5.3205,1
56351a1a,858,5.3233,1
3e8a214,4742,5.3315,1
4e878445,5740,5.3342,1
3afe754c,10507,5.337,74
2097d63e,597,5.3342,1
11d7f7c9,6690,5.337,48
57690fe5,452,5.3397,1
253e0ce1,5135,5.3425,1
3b06185e,4914,5.3397,1
15c1d948,2419,5.3452,1
6ccb47a3,10511,5.3452,74
24c93fab,4821,5.3452,1
ac8ea32,9759,5.3507,1
5fc4b68e,9754,5.3507,1
548b91c0,4800,5.3534,1
4f9b1980,449,5.3562,1
24fe33b,330,5.3589,1
7845453a,4915,5.3589,1
70c8ce63,9828,5.3616,1
67888ee3,2571,5.3616,21
3679778d,6763,5.3616,48
1a23ef12,1113,5.3644,11
3fd00ebd,6762,5.3671,48
489d05f9,861,5.3699,1
7e10615f,4831,5.3699,1
5dcc07e8,6545,5.3671,49
5812283c,2572,5.3781,21
78004c0a,327,5.3781,1
7a66fdb0,5739,5.3781,1
1576e9c9,842,5.3781,1
61a7bc4e,5738,5.3836,1
5e7c0cc,6742,5.3808,48
382964df,840,5.3836,1
b5a8030,4746,5.3781,1
7133e82e,5117,5.3836,1
44dc45f5,4798,5.3863,1
b298a1e,5659,5.3863,1
3073da17,9829,5.389,1
3317e8e1,4747,5.389,1
438f4f5a,859,5.3918,1
2d93bd9d,642,5.3918,1
6a2dab4b,6740,5.3918,48
14ce9137,9902,5.3945,1
17e6e7dd,11057,5.3945,74
4420677b,9833,5.3973,1
7d6c153a,5741,5.4,1
4d23305f,3432,5.4,21
4a53bd43,427,5.3973,1
d8f10cd,5651,5.4,1
28cfa316,2552,5.4027,20
4e0c8846,5228,5.4,1
6143d72e,843,5.4027,1
6b617f8b,9834,5.4055,1
10570183,647,5.4055,1
44a27a1e,5230,5.4082,1
13cc7e6c,4917,5.4137,1
66300da0,445,5.4137,1
4e4353fc,11069,5.4137,74
2caecbe0,643,5.4164,1
19e6b2a0,328,5.4164,1
69a990ee,6692,5.4137,48
f92cd76,2573,5.4192,21
5b9aa3cb,6691,5.4192,48
7dcde0a4,5137,5.4219,1
77c579aa,1123,5.4192,11
52cea95c,4804,5.4219,1
283c630b,5652,5.4247,1
621f659d,2416,5.4247,1
4bae370e,11068,5.4274,74
4524414b,6743,5.4219,48
127c92dc,10516,5.4301,74
27a8e2e8,6550,5.4301,49
2a21d183,5660,5.4301,1
437179f9,10508,5.4356,74
5d59d84e,9804,5.4329,1
19f0686c,644,5.4329,1
2e43ea9c,2553,5.4384,20
3ed3b647,9835,5.4411,1
4ffe0d4,6744,5.4411,48
30ea6771,6552,5.4384,49
768e9f91,5136,5.4411,1
63b6d719,3433,5.4438,21
791f600b,598,5.4438,1
6d6e8e21,857,5.4466,1
5add80e1,340,5.4411,1
6230c4de,6553,5.4466,49
7368bf58,341,5.4466,1
74393fc1,5109,5.4493,1
21df222e,6554,5.4493,49
74043713,1116,5.4493,11
76990ea0,4938,5.4521,1
4075521a,1118,5.4548,11
1863c668,5654,5.4548,1
4d0ac6d8,6745,5.4548,48
73582dd7,10530,5.4575,74
19575424,4916,5.4575,1
1f8181e0,631,5.463,5
41f6d91,1117,5.4658,11
786e2d52,9898,5.4658,1
4a6a8ce,2428,5.4658,1
7f5704e,6551,5.4658,49
7a29c0c1,844,5.4658,1
36a21b18,5661,5.4685,1
4d101a9,599,5.4712,1
15f78f9c,446,5.4712,1
6ea8243,9830,5.4712,1
4a9b5026,10534,5.474,74
3c95b710,4919,5.474,1
405fa3c5,347,5.4795,1
37bbaa88,6764,5.4849,48
11670dbc,10518,5.4849,74
30ffce35,6546,5.4849,49
7e18ab11,1185,5.4877,11
3845fb63,845,5.4849,1
6a6f9eb2,5220,5.4904,1
7957564f,5662,5.4959,1
24790178,9855,5.4932,1
29c961c1,5126,5.5014,1
3e400978,5746,5.5014,1
284c8a0c,11260,5.4959,74
7c46bff6,5138,5.5014,1
1e631ed6,1119,5.5041,11
20d6cfab,11262,5.5041,74
6c863d57,1122,5.5014,11
2576863e,348,5.5123,1
7c10c14f,2466,5.5068,1
6bcfd37f,2429,5.5123,1
2365b9e8,11261,5.5123,74
355891b8,11263,5.5123,74
6173059f,4918,5.5096,1
5345ee40,4940,5.5096,1
325f191a,4939,5.5151,1
508427ce,10519,5.5151,74
69cceff0,5745,5.5151,1
68697ec1,5744,5.5151,1
2188f214,3434,5.5178,21
79bf4284,9755,5.5178,1
779b0ea2,602,5.5205,1
6bf84b8,9897,5.5233,1
593e7f82,5120,5.5288,1
25037dd8,6555,5.5315,49
26aba09e,4832,5.5288,1
326e8521,2417,5.5315,1
9ea44f7,9905,5.5342,1
730a9b36,9831,5.5342,1
6a2eafc1,632,5.5342,5
4d59c532,1114,5.537,11
44ab884d,827,5.537,1
75efa4ae,6765,5.5397,48
360d2357,1121,5.5397,11
6d9b149d,9856,5.5425,1
4a6fe133,10520,5.5425,74
491ccd19,5663,5.5397,1
342c0ea,1120,5.5452,11
165448f6,6556,5.5452,49
23de895d,6766,5.5479,48
168d826c,4833,5.5479,1
3956e1a1,6747,5.5589,48
df10d85,2467,5.5589,1
11a0f799,2579,5.5644,21
5a32e907,1115,5.5644,11
674bb0c1,2425,5.5616,1
20568ecf,667,5.5644,1
2e83388d,5750,5.5644,1
2b1b95fd,633,5.5644,5
4c052146,11071,5.5616,74
662c2b48,10572,5.5644,74
4ac09425,5254,5.5699,1
5eb3ff45,10517,5.5699,74
7298e1b4,5664,5.5699,1
68a12b54,9760,5.5699,1
4a3f541c,5119,5.5699,1
5a45d685,862,5.5726,1
4568f83a,10531,5.5726,74
2273a0a3,6768,5.5753,48
32ab2917,6746,5.5753,48
355a2261,864,5.5753,1
7af03f,866,5.5753,1
1e091d4c,863,5.5781,1
2516122,2468,5.5781,1
695913ee,604,5.5753,1
df46d8e,2418,5.5808,1
59be850,355,5.5808,1
5a589f07,6557,5.5808,49
5389bd1f,10532,5.5836,74
726e02e3,846,5.5836,1
2702280e,11070,5.5836,74
5c58993d,5749,5.5863,1
42669516,2420,5.5863,1
5c99a900,11072,5.5836,74
5e62c16a,4912,5.5863,1
227040b3,428,5.5836,1
466b3aea,356,5.5863,1
3053d914,494,5.5836,1
2113b7b7,11058,5.589,74
69b24b6e,865,5.589,1
761180d8,2469,5.589,1
19ecc3db,2575,5.589,21
58a47c77,4922,5.589,1
15201565,1124,5.5918,11
1a1e56bf,349,5.5918,1
357fbff0,9899,5.5918,1
163202cf,9857,5.5945,1
1ab77c46,4822,5.5918,1
64b6c6db,1663,5.5945,11
1f241818,5655,5.589,1
65494c64,4823,5.5918,1
1504ee30,5742,5.5918,1
1ef5c37e,11076,5.6,74
34b84eab,11074,5.6027,74
32ea79ad,453,5.6027,1
4ca74e65,605,5.6055,4
77ea722c,3435,5.6055,21
737c7b31,4834,5.6055,1
5c793356,10533,5.6055,74
19fbef70,429,5.6027,1
6ca7e594,331,5.6082,1
1a055a03,860,5.611,1
a300f81,9858,5.6082,1
35e03dba,9756,5.6137,1
1f467e12,1125,5.6137,11
4bd4a443,4748,5.611,1
4c9eb32b,2574,5.6164,21
7c7b2df9,3436,5.6164,21
763d69f0,2580,5.6192,21
5aa73fcb,5231,5.6192,1
6319d85f,6767,5.6219,48
4a72ea67,11094,5.6219,74
46a83520,9904,5.6247,1
1ab92e03,4749,5.6247,1
5b47a6ec,868,5.6247,1
387d8328,1664,5.6219,11
158b6f58,5743,5.6247,1
128d49fc,11073,5.6301,74
741bed87,1197,5.6301,11
297159d7,9837,5.6301,1
202b44ef,5669,5.6274,1
6e141e1d,11264,5.6301,74
16551337,10522,5.6329,74
53f788e6,9761,5.6301,1
162e688a,1126,5.6329,11
3df2c81d,832,5.6329,1
4784ef70,9903,5.6356,1
5c950536,1127,5.6356,11
92ee56b,6748,5.6356,48
1e265249,3438,5.6356,21
5701f22b,5142,5.6411,1
29f00f08,10521,5.6356,74
64b1ab69,1128,5.6384,11
36fb9e45,5141,5.6384,1
6c21a6fc,1198,5.6438,11
47b82945,4837,5.6384,1
27a7a1ad,454,5.6411,1
595c1d8f,495,5.6438,1
7b22cef3,867,5.6466,1
38ab561e,9836,5.6466,1
5cf6163b,5656,5.6466,1
3e5fa24f,5221,5.6466,1
505dd16,6693,5.6493,48
24efc6e0,2576,5.6493,21
1d661797,668,5.6466,1
7f1fa983,9900,5.6521,1
3c9131f5,11077,5.6521,74
66133841,4753,5.6521,1
4be451bb,1667,5.6521,11
4935aaf5,1129,5.6548,11
7c1e24bf,5232,5.6548,1
3b0ca4d,342,5.6548,1
6a302a09,5747,5.6575,1
eb657b8,350,5.6575,1
300b10d,5139,5.6548,1
3b355eaa,5748,5.6575,1
667e182,4835,5.6603,1
6d6ce325,5143,5.6603,1
51db72a7,2577,5.6575,21
57d53948,357,5.663,1
6e87a9c1,847,5.663,1
64f81aff,5255,5.6575,1
6ebc128d,4921,5.663,1
105d796b,645,5.6658,1
43c70300,1670,5.6658,11
5865200f,2583,5.6658,21
674cd665,2426,5.6658,1
69ea887b,2427,5.6685,1
1f3adbd8,10509,5.6685,74
1207220c,1181,5.6685,11
6923ec4f,2581,5.6712,21
68dde0f0,4944,5.6658,1
16a17a75,1199,5.6685,11
71714c4e,1137,5.6712,11
55c914c0,9901,5.6685,1
7e755b37,5127,5.6712,1
8428122,11078,5.674,74
f1f3aba,4751,5.6767,1
12ed508d,10523,5.6767,74
1a60ee74,4836,5.6767,1
60438d43,5128,5.6795,1
4ac2f627,5121,5.6795,1
46951d04,796,5.6822,8
672927bb,869,5.6822,1
32ef8195,5751,5.6849,1
5ac2df65,1182,5.6795,11
2c7ee46d,5322,5.6877,1
2ef24716,1183,5.6877,11
546fa057,1200,5.6904,11
3a7cfae3,2582,5.6932,21
7689233e,458,5.6932,1
3a603157,2585,5.6932,21
4ff385e2,5233,5.6959,1
6ea768c9,3439,5.6959,21
2d8ffc0e,5665,5.6959,1
44b8cf0,4941,5.6986,1
59bdd578,11095,5.7014,74
20959a27,10536,5.6986,74
66128da2,1187,5.6986,11
342f72e2,606,5.7014,1
228d09fc,5657,5.7014,1
6cdb449b,352,5.6986,1
5bfa4a6d,1201,5.7041,11
29f7a32d,1188,5.7068,11
ebd01e9,4920,5.7041,1
66807c93,9906,5.7068,1
1e296ded,5123,5.7068,1
50c90344,3437,5.7096,21
382d5b4f,9846,5.7096,1
59e98212,4754,5.7123,1
4d93bcc9,351,5.7151,1
2812350c,455,5.7151,1
30d9d069,6770,5.7151,48
14a11d61,1671,5.7151,11
25b52d72,4942,5.7178,1
7510a8f9,2435,5.7178,1
4c935902,1186,5.7178,11
4d095d9a,5140,5.7205,1
197513da,11265,5.7178,74
16eff782,1132,5.7178,11
32b78261,607,5.7205,1
3ee5f7f8,2589,5.7178,21
78c51b3,459,5.726,1
4ec2c7bd,11268,5.726,74
18cfdc2e,6694,5.7205,48
1665f1dc,11081,5.726,74
1be71d3a,1133,5.7288,11
72e9edf,11079,5.726,74
5f894ea8,10524,5.7233,74
39c1c7db,2436,5.7288,1
133a2e,5235,5.7288,1
73b88495,11266,5.7288,74
783f0e1a,358,5.7315,1
66517844,10573,5.7315,74
5199944a,10535,5.7315,74
48c2161d,496,5.7315,1
1a1451a7,11084,5.7315,74
7fe9bfbc,9907,5.7342,1
12977b5d,5122,5.7342,1
f319681,11080,5.7342,74
44af0a12,6695,5.7342,48
579b1b84,2472,5.7342,1
65bd4a94,5130,5.737,1
4cd988ed,5234,5.7397,1
4fdf8a69,6771,5.7397,48
4097ff2d,5129,5.7425,1
51f6c3ee,5124,5.7425,1
4f71f441,5236,5.7425,1
61dd7c41,2590,5.7425,21
4c96e278,2471,5.7425,1
7b40c38a,11082,5.7452,74
4fef83a2,2578,5.7452,21
7cd0c4f4,4750,5.7425,1
34122d4,430,5.7452,1
6146d8cb,4924,5.7452,1
51681ac7,1130,5.7452,11
667322b6,2584,5.7397,21
43520d01,10574,5.7452,74
62a353fc,497,5.7479,1
44641337,1184,5.7479,11
7da2761c,9861,5.7507,1
7093745a,4825,5.7507,1
483e9c9c,2421,5.7534,1
5cd6635,11075,5.7534,74
a1ef9d8,2591,5.7534,21
433dcd,833,5.7507,1
532a12c1,11098,5.7534,74
38709d5a,10542,5.7534,74
45dd63b5,634,5.7562,5
3d128f51,5256,5.7562,1
79856959,1135,5.7562,11
3353a358,10575,5.7589,74
6d2496e0,2470,5.7589,1
4dc16d1c,432,5.7589,1
5bf7fb1e,6741,5.7562,48
73ecebc8,9862,5.7589,1
5ce98396,11267,5.7616,74
5fd62ed0,431,5.7589,1
6370e23d,10525,5.7616,74
4d9ef52d,3445,5.7589,21
2d1855c3,603,5.7644,1
23bbdea3,1190,5.7616,11
5d7b2a3b,456,5.7671,1
33b53fea,5237,5.7671,1
57b042ab,794,5.7671,8
6dbdf2ed,793,5.7699,8
73c30f24,11103,5.7699,74
2633aeed,9838,5.7671,1
241b0a5c,9839,5.7671,1
54449ee3,1136,5.7699,11
2f92b4e6,1140,5.7726,11
3f151160,1202,5.7753,11
768eab40,5765,5.7753,1
46a94a9,5144,5.7753,1
785f3792,10543,5.7781,74
1ae0460c,11096,5.7726,74
3ad333b0,4943,5.7781,1
81c0dfc,1203,5.7753,11
1f15938e,870,5.7808,1
4f8a8319,4923,5.7781,1
e7026bf,10544,5.7808,74
3fbb99c3,1134,5.7808,11
130c6457,4925,5.7836,1
74782a70,1206,5.7836,11
d49ea6c,5666,5.7863,1
4ee8cedd,457,5.7863,1
26f34911,1688,5.7863,11
17f4f53b,11099,5.7836,74
15c937a2,3446,5.7836,21
e40ec49,5324,5.789,1
656557a,5241,5.789,1
3ad13f60,673,5.789,1
3ff5041c,10526,5.7918,74
66f97bbf,10146,5.7918,1
6fd2e18d,11083,5.7918,74
29eb7c1,10576,5.7945,74
5b1b8488,6560,5.7945,49
68028ab4,9762,5.7945,1
450b3088,871,5.7973,1
3dad7f2d,791,5.7973,8
3a9593d4,10537,5.7973,74
16b91fe,3440,5.7945,21
463ef918,1672,5.7973,11
132db262,1668,5.8,11
6c26776a,9859,5.7945,1
5a2d0e27,6558,5.8027,49
caf5658,2437,5.8027,1
1ab26f2a,3441,5.8027,21
2bf5a35d,10551,5.8055,74
28ea9668,2422,5.8082,1
191bdc32,672,5.8027,1
6f7054df,6568,5.8055,49
6632ad24,5125,5.8082,1
4003dd6d,3447,5.811,21
60db15f4,2473,5.811,1
21d36b31,1189,5.811,11
27e6bf91,353,5.8082,1
4addc11e,4805,5.8082,1
62ac1931,1689,5.8137,11
39f50eec,5242,5.811,1
1b9d893,1669,5.8164,11
13b1e502,887,5.8192,9
606c504e,6561,5.8192,49
3740135b,5672,5.8164,1
26d3e931,2592,5.8164,21
3f2d6ccf,2601,5.8219,21
48c17313,10538,5.8192,74
7c238b7f,498,5.8219,1
69e1c038,3443,5.8192,21
7564b1f3,10539,5.8247,74
7fd356ee,6562,5.8247,49
4209becf,1131,5.8192,11
546a905c,1192,5.8247,11
7baa4dde,1191,5.8247,11
1cada293,10577,5.8274,74
4c9673dc,790,5.8247,8
43664347,5325,5.8301,1
6a8b3248,670,5.8329,1
3f238171,4824,5.8356,1
1ab240bb,1705,5.8329,11
71cbc6cd,9908,5.8356,1
3ef1825f,354,5.8356,1
33cd9c4d,6559,5.8329,49
baa40a0,1665,5.8384,11
5354057b,5326,5.8384,1
1bc3bcb0,6750,5.8384,48
64343487,11097,5.8411,74
15393f3d,2593,5.8411,21
261356a0,1204,5.8411,11
3aedb23a,6778,5.8356,48
73424e59,4755,5.8411,1
65e6c073,10550,5.8466,74
3a5c14ee,5673,5.8438,1
72024ec0,4947,5.8466,1
3c4c5ea7,5257,5.8493,1
39fadb25,6749,5.8438,48
4c674e03,5327,5.8493,1
5e03cec,2586,5.8548,21
3f2ef086,4926,5.8548,1
6c984a48,669,5.8575,1
3d4970d,5131,5.8575,1
7d7ccc7,11100,5.8521,74
4f35a67b,5674,5.8603,1
2d17687f,6769,5.8548,48
61516fdf,1146,5.8603,11
76803b0c,2438,5.8603,1
469ae007,5752,5.8603,1
7f92ade7,5323,5.863,1
1d76ca10,2594,5.863,21
773371f6,608,5.8603,1
3388b742,5675,5.8658,1
66383dcf,4945,5.8658,1
17aee9fe,5341,5.8685,1
caf497a,5668,5.8658,1
272234b5,10248,5.8685,1
50107787,1193,5.8712,11
4b724d66,795,5.8685,8
6c83c782,1145,5.863,11
1a91a7f1,11820,5.8685,74
4b8a495d,10552,5.8658,74
2c20bf8a,652,5.8658,1
7560de15,6780,5.874,48
72db8ec,1141,5.8712,11
101429d7,10141,5.8712,1
5c5b7512,674,5.874,1
39e118b0,1143,5.8767,11
76b75bf6,5687,5.8767,1
4a02f9ef,9763,5.8767,1
2002c29b,3444,5.874,21
11e91ddd,671,5.8767,1
20fca3c8,5667,5.8795,1
7d6cebb9,4838,5.8767,1
4bcce895,11104,5.8822,74
129203c4,5766,5.8822,1
57b510bd,5342,5.8849,1
4d9e08d1,343,5.8822,1
61bac9b7,1147,5.8849,11
63347a67,1675,5.8849,11
38c56d90,9840,5.8877,1
7d4550f,1674,5.8849,11
18a57d8e,2595,5.8877,21
44ac0fa7,2706,5.8877,21
1cfbae44,461,5.8904,1
219ef58a,11085,5.8877,74
165e677f,344,5.8932,1
56f9d091,6696,5.8932,48
17b1cd84,11105,5.8959,74
544908a0,5886,5.8959,1
41d5585d,1194,5.8959,11
2e1672a2,5787,5.8959,1
24d5aa87,5145,5.8932,1
592500b9,1205,5.8986,11
3cb08bd4,1691,5.8986,11
25f4bc2b,6772,5.8904,48
2838e481,2587,5.8986,21
2786c884,6565,5.8986,49
112c559d,5361,5.9014,1
5d251993,888,5.9041,1
4e080f78,3442,5.9041,21
470015ac,1673,5.9041,11
7f56c8b3,894,5.9041,1
7f433696,10540,5.9041,74
14c6f634,5262,5.9041,1
713e85c9,6563,5.9041,49
22d23d05,792,5.9041,8
36545337,5767,5.9068,1
7f8e061e,10541,5.9068,74
191f78ff,1207,5.9068,11
1c8aa6d8,2704,5.9096,21
8539395,1706,5.9096,11
41eadb10,1690,5.9096,11
5d0ba355,6702,5.9096,48
7e2ca77,6773,5.9096,48
65d882f4,6566,5.9068,49
2cad54f1,5360,5.9096,1
3876b5ca,10547,5.9096,74
295661c1,2478,5.9123,1
71bb707d,10548,5.9123,74
838893d,4826,5.9123,1
4ef44e17,2439,5.9041,1
43217ae6,2588,5.9123,21
59e3432a,5885,5.9151,1
15de484a,1211,5.9151,11
79b62810,2440,5.9151,1
31089b8a,5676,5.9151,1
72317492,5753,5.9123,1
186eea51,5364,5.9178,1
15caee86,1195,5.9151,11
5df4a287,5243,5.9205,1
da0f1b2,1692,5.9151,11
25f1d662,6567,5.9178,49
2855b678,10545,5.9205,74
51b9c204,9849,5.9233,1
13c5a86b,499,5.9233,1
6bddc00e,9847,5.9233,1
6ebe5d7b,2442,5.926,1
71880b4a,2431,5.9233,1
4fb073e0,5132,5.926,1
4ae807a8,5238,5.926,1
46cd1950,359,5.926,1
175d2b7e,5244,5.926,1
25f4e6a8,360,5.9288,1
56a1de0b,10253,5.9288,1
67425dce,10252,5.9288,1
2b210db5,3448,5.9288,21
5c3e8300,4927,5.9315,1
21fe9a3e,1196,5.9315,11
16f16aa0,2597,5.9342,21
79f7498c,6564,5.9342,49
c2ec751,5258,5.9342,1
2f412fc4,5680,5.937,1
7abb6f78,2430,5.937,1
39c3e28a,501,5.9342,1
43adbeac,2703,5.937,21
65b48612,5148,5.9397,1
4455e573,11086,5.9397,74
75e71eb4,10254,5.9397,1
62a488c1,5670,5.937,1
2c1bce9d,5788,5.9397,1
4cd202e7,2441,5.9397,1
d979979,2603,5.9425,21
66028bc5,1213,5.9425,11
20a6e544,4806,5.9425,1
7cbf1e8d,1215,5.9425,11
4dd20c32,345,5.9425,1
3ffceaee,895,5.9452,1
3f843388,6779,5.9452,48
2867b490,9848,5.9425,1
2c289c67,5149,5.9452,1
71c6a64c,10553,5.9479,74
4a84a4b6,1676,5.9479,11
29358900,10546,5.9479,74
752170b1,896,5.9479,1
3c636b82,2702,5.9479,21
544003cd,834,5.9452,1
10702bcf,890,5.9507,1
5997a9c4,2598,5.9507,21
1508dd48,9868,5.9507,1
103454,9764,5.9479,1
5cff59c3,1666,5.9534,11
5287e1b8,346,5.9534,1
32109b10,1214,5.9507,11
47dabd61,3679,5.9507,21
12873f79,9869,5.9534,1
669aa8f4,889,5.9507,1
7725c9bb,361,5.9534,1
37e1c942,9909,5.9562,1
2494b88a,5679,5.9562,1
12ea6f13,5754,5.9562,1
2104a8b2,897,5.9589,1
3d447b0d,5328,5.9589,1
7835c538,1209,5.9589,11
6a41ef05,2602,5.9589,21
79e4625c,5768,5.9616,1
38b70884,1693,5.9644,11
3c726618,460,5.9589,1
60c81e4c,836,5.9616,1
6a3878ab,10142,5.9616,1
3c30ce62,2596,5.9644,21
30940132,5259,5.9671,1
3067dc8c,10249,5.9644,1
6e29f31e,1148,5.9644,11
1f8a3e3e,5336,5.9699,1
1ba251dc,6817,5.9726,48
36def044,1144,5.9726,11
5133dbcf,4929,5.9726,1
12748cc2,6781,5.9753,48
26d3fa3c,6571,5.9726,49
2feed813,4928,5.9726,1
7d61651c,6697,5.9808,48
426904a2,5362,5.9808,1
285ed1d6,2432,5.9808,1
6ddb4f82,1694,5.9836,11
3d999857,10583,5.9863,74
2ae32dd8,1153,5.9836,11
4985bdf5,891,5.9753,1
52af7161,1138,5.989,11
4a323fbc,5329,5.989,1
4d8f49a6,2708,5.9918,21
7f21f7c6,2705,5.989,21
66eb712d,678,5.989,1
7b4ae278,5755,5.9918,1
2776f164,4764,5.9945,1
1e4dfdac,6569,5.9945,49
40c35fd2,5263,5.9973,1
7d9c3cfe,2605,5.9973,21
6d710ff8,371,6,1
1c202f67,2707,6,21
46c7defe,5677,5.9945,1
608499f6,1142,6.0027,11
5aa07114,5363,6.0027,1
3fcbab77,1210,6.0027,11
228df0fe,6703,6.0027,48
5a45fa7f,11269,6.0027,74
3b408f2,10151,6.0055,1
61c69be0,4763,6.0055,1
2c019d26,1154,6.0055,11
59e21cdb,4807,6.0055,1
7a326c8d,9850,6.0055,1
2f7ef1b0,3709,6.0082,21
f36a1d4,5756,6.0082,1
46fb602d,9987,6.0082,1
2fc42a7b,2709,6.011,21
776fbd42,5671,6.011,1
297ae49,10152,6.011,1
4ded9a7a,5678,6.0082,1
3be97894,3449,6.0082,21
38a4dd91,4840,6.0137,1
500a61e2,5146,6.0082,1
5e130e6a,5260,6.0137,1
7ddbe464,462,6.0137,1
541c3d47,1208,6.0137,11
750343f4,4841,6.0164,1
760539c7,2606,6.0164,21
35e5d06d,2474,6.0137,1
30230933,4839,6.0164,1
560fc75,9870,6.0192,1
6a1313ce,3710,6.0192,21
3727f6f,10549,6.0192,74
3587c44a,5789,6.0192,1
1dc52958,2599,6.0219,21
76afc0e3,11089,6.0219,74
1fc4edc1,4756,6.0247,1
6d3b0094,4752,6.0247,1
71e630ba,5365,6.0247,1
1b25e0fb,797,6.0247,8
66153ced,5344,6.011,1
2c9eaf34,4857,6.0274,1
522e469e,4948,6.0274,1
3107656d,4762,6.0301,1
613af8c1,6704,6.0274,48
7e9ef365,463,6.0301,1
6abc03ff,835,6.0301,1
5f36919c,11090,6.0274,74
3fcfc9de,837,6.0301,1
31c700f3,4930,6.0329,1
108b2cc3,11101,6.0274,74
30b192fa,6572,6.0329,49
3a98dce8,1678,6.0301,11
51491056,4765,6.0329,1
714220da,11272,6.0329,74
186dc388,675,6.0329,1
2477b43d,10554,6.0329,74
58f443c7,1155,6.0329,11
4126232f,5246,6.0356,1
37a1d900,5266,6.0356,1
2e6e4595,2475,6.0384,1
68b88cb9,5688,6.0384,1
547ec1e4,5330,6.0384,1
2431af1f,898,6.0411,1
1de11b40,2600,6.0411,21
417fa784,9910,6.0411,1
63ac3fae,11821,6.0411,74
4a4c3d93,10147,6.0411,1
26700baa,1677,6.0438,11
11b13c6f,2607,6.0466,21
5fe21481,11561,6.0438,74
631dcb7e,5343,6.0466,1
61ced9fc,5245,6.0466,1
4a45c0f3,5331,6.0411,1
5cc8326,372,6.0438,1
807feda,9911,6.0493,1
1f91d71f,798,6.0493,8
7b37ce46,4931,6.0493,1
1a83b7b5,3713,6.0466,21
2dc57b11,4932,6.0493,1
3c7d7899,10255,6.0493,1
797dd4ae,10153,6.0521,1
b898d00,6782,6.0548,48
78df0b11,5792,6.0548,1
2f310d23,11102,6.0548,74
38fe74cf,9841,6.0521,1
56cf2ab8,4946,6.0575,1
61325449,5891,6.0575,1
61355cfd,872,6.0575,1
46ca0ded,1679,6.0603,11
d5951f7,5392,6.0575,1
7e3acc09,5760,6.0603,1
35a3a587,1216,6.0603,11
74549b15,10143,6.0548,1
6adfc8a6,1139,6.0603,11
231063bb,4827,6.0603,1
648158c7,3680,6.063,21
4c738ada,5332,6.0603,1
64d4814e,10263,6.063,1
44792bd4,848,6.063,1
2a5004fc,5247,6.0658,1
31d2387a,902,6.0603,1
5bcb14fd,5681,6.0685,1
7a257e36,838,6.0685,1
5554d6f,468,6.0685,1
59f32f01,1152,6.0575,11
3abb5ecd,6774,6.0712,48
3711f5c5,6570,6.0712,49
1a5cd575,899,6.0712,1
4ae3aecf,9863,6.0712,1
70499d6b,4808,6.0712,1
6ac6ec3e,1212,6.0712,11
26f88c68,799,6.0712,8
1dcc703f,10256,6.0658,1
4c49697e,2476,6.074,1
1c2b20ac,5264,6.074,1
2ce41b0c,5333,6.074,1
14636c88,849,6.0767,1
6a50bbb3,4757,6.0767,1
6d553d1e,5337,6.0767,1
456030ff,5790,6.0712,1
25ff76cd,5887,6.0767,1
61e567c3,9842,6.0767,1
6e6d405b,6705,6.0795,48
18ff306,6708,6.0822,48
457693e4,4858,6.0822,1
7a2ebcf,2604,6.0849,21
fe72ff6,11091,6.0849,74
b0cc9c9,464,6.0849,1
75e51c6d,5265,6.0877,1
166271fe,9912,6.0877,1
45de0090,1149,6.0877,11
47d5886,6786,6.0877,48
32534f60,892,6.0877,1
5f7c8a62,5791,6.0904,1
2a7f394,465,6.0904,1
6c70322e,3027,6.0877,21
e201631,6709,6.0904,48
3502f080,676,6.0904,1
44f0488f,677,6.0904,1
4379070,10148,6.0932,1
6e94767c,1150,6.0932,11
7f64f5e9,3682,6.0959,21
5c1a86fb,3684,6.0959,21
42e282c2,4965,6.0932,1
2f6e29f2,6797,6.0877,48
37be7e23,873,6.0959,1
691ca8a0,6575,6.0959,49
310fc3d7,4809,6.0932,1
67ada3a6,4949,6.0932,1
39d23718,801,6.0986,8
3587c12a,11563,6.0959,74
7842ba2a,1217,6.0986,11
7ad9ad36,10154,6.0986,1
4e2cd0fd,9851,6.0986,1
70638158,466,6.1014,1
31b4f8c9,653,6.1014,1
58a112bb,2433,6.1014,1
776dc4f2,800,6.1014,8
53241614,11564,6.1041,74
3313a4b9,10555,6.0986,74
6423a15b,6798,6.1041,48
82685c6,1219,6.1041,11
58c27ab3,6796,6.1068,48
2ba54309,503,6.1014,1
52f5165f,2710,6.1041,21
5d761288,1156,6.1068,11
6ec1a172,2711,6.1096,21
cea481,467,6.1096,1
4bdfe3f4,5757,6.1041,1
251d59fb,5762,6.1096,1
585f05ee,2477,6.1068,1
6fc7e914,2608,6.1068,21
24a1fb5a,839,6.1123,1
5e1c467f,1695,6.1123,11
3db5b6ff,5393,6.1123,1
18b85ebe,3457,6.1151,21
7228e233,2480,6.1096,1
59f8bc07,6787,6.1151,48
656b36f9,5690,6.1151,1
75f976e5,11270,6.1178,74
40f52b13,1680,6.1151,11
5cf1af8e,3681,6.1178,21
60119617,5390,6.1151,1
5e619aae,11092,6.1151,74
37a59fc2,6576,6.1205,49
6679db67,3471,6.1178,21
ab44891,10144,6.1205,1
2a3f3303,9843,6.1205,1
58d20783,4760,6.1233,1
4312d8d4,1157,6.1233,11
6b988132,10257,6.126,1
333a8a2b,3458,6.126,21
4340ac10,2444,6.126,1
b6645e4,1696,6.126,11
5ee7e824,2610,6.126,21
715963db,4810,6.126,1
37bf61cc,3028,6.1315,21
ecf5bba,5889,6.1315,1
6f08248f,1681,6.1315,11
55f5c50e,6573,6.1315,49
19087f7d,11562,6.1315,74
6deee56d,4828,6.1315,1
436c8803,5761,6.1342,1
384ae8d5,2479,6.1342,1
62e39b36,5147,6.1342,1
78bccf8a,5368,6.137,1
5fb77c0e,6577,6.137,49
30543b6d,3450,6.137,21
5cd46d68,1683,6.1397,11
6f8f8a8b,1158,6.1397,11
3aeaf5c4,4829,6.1397,1
4e903c7a,4950,6.1397,1
56d08e19,9844,6.1397,1
184f52fd,9860,6.1425,1
50ce6abd,3459,6.1425,21
347d2ba6,3683,6.1425,21
25e3f117,2434,6.1425,1
3581c459,3691,6.1397,21
7dab0bb7,6699,6.1452,48
60313c86,10261,6.1452,1
6a5f6a3d,6776,6.1397,48
49676e49,5345,6.1425,1
149a5cd8,4842,6.1425,1
431786b2,10260,6.1452,1
34f0e50b,4859,6.1452,1
729ee0bd,3698,6.1452,21
47f2e7f3,6799,6.1479,48
3fd4f573,2713,6.1479,21
4db3d1e6,10250,6.1452,1
39ec7762,6777,6.1452,48
19a1a24f,373,6.1479,1
b892814,6800,6.1479,48
7ed756b4,6790,6.1507,48
66b04b70,5239,6.1507,1
3f7e1598,900,6.1507,1
4f23d53c,1684,6.1507,11
35df9aa1,4860,6.1534,1
77d4dd86,11271,6.1534,74
3372573e,4811,6.1534,1
577d71eb,10149,6.1562,1
566355cd,6574,6.1562,49
9b047b7,5682,6.1562,1
32da0538,1682,6.1562,11
1ebef337,2482,6.1562,1
4fd7258b,5391,6.1562,1
39c687db,2712,6.1562,21
6ebd40e8,5689,6.1562,1
58f3c4c5,2611,6.1589,21
527386fd,11087,6.1589,74
68b79eee,5888,6.1562,1
3bbdf0cf,2445,6.1562,1
5f149604,362,6.1616,1
490ed210,6775,6.1616,48
20bb65b9,4843,6.1644,1
1ec4c65f,5366,6.1644,1
704e1a2,5133,6.1644,1
53eb4205,901,6.1644,1
1d9f7337,4976,6.1644,1
22bebcc6,3711,6.1589,21
21750c2,3477,6.1644,21
267d5b19,2609,6.1644,21
be5c1ef,5240,6.1644,1
6d050d6f,10258,6.1671,1
3a0ac485,6706,6.1671,48
75e9207,5347,6.1671,1
2230246,6784,6.1699,48
1a5485e0,11822,6.1699,74
27ec5154,3715,6.1699,21
62474eb3,3685,6.1671,21
6abbc2fa,10584,6.1726,74
e859092,11273,6.1726,74
14ae9236,4981,6.1726,1
518d0706,5758,6.1726,1
637de7d9,5893,6.1753,1
75ae4ded,4766,6.1726,1
15b7abd5,6707,6.1699,48
967e952,1685,6.1781,11
2b44f9ec,3686,6.1781,21
4b1bf190,6700,6.1781,48
6b9d0c49,3699,6.1753,21
72976ac2,6578,6.1753,49
2a549a67,4767,6.1781,1
5cfdd81,10578,6.1781,74
440c20bb,6579,6.1781,49
480b3a4f,5346,6.1781,1
4939c622,1686,6.1808,11
4447ea0e,10259,6.1808,1
5052fdf5,10585,6.1808,74
6d2fdbad,3453,6.1781,21
5c88c5af,850,6.1808,1
15006586,3483,6.1781,21
302c8665,5683,6.1808,1
712496f,364,6.1836,1
21640b6d,649,6.1836,1
3b5b1753,11107,6.1726,74
2de179eb,363,6.1836,1
792acd9c,3463,6.1753,21
78148eb7,5248,6.1836,1
5acd11ed,9765,6.1836,1
5a2db70e,10579,6.1863,74
2cc1a8e7,5892,6.1863,1
4190d653,3700,6.1863,21
1b96ff69,504,6.1836,1
3d9ee3d1,4758,6.1863,1
12779fd3,11093,6.1836,74
74ec81e0,5261,6.1863,1
4e4aca1c,10557,6.189,74
620b190b,10150,6.189,1
28c1fef0,3714,6.1863,21
5cf32a20,874,6.189,1
1a502224,3694,6.1918,21
4339f629,11088,6.1918,74
6e6753c,1218,6.1918,11
1ee455d6,3454,6.1945,21
55f09777,9988,6.1945,1
70e7b858,3695,6.1945,21
241dc440,893,6.1945,1
30c984d,3693,6.1918,21
7573745c,3460,6.1918,21
6889c8d8,4861,6.1918,1
1ec052e8,5396,6.1973,1
36f65285,10145,6.1973,1
67c3351f,3455,6.1945,21
a00fb68,6785,6.2,48
407511ac,6788,6.2027,48
275c371f,3451,6.2027,21
25056553,5759,6.2027,1
23ba2b0b,5394,6.2027,1
652d0565,3692,6.2027,21
2eec5faf,10155,6.2055,1
6fb53cdc,918,6.2055,1
467cd3af,4863,6.2055,1
5ef0b0,3461,6.2055,21
72ce71c3,4761,6.2055,1
71ff3696,3452,6.2082,21
9f2af94,5348,6.2055,1
3e935912,7787,6.2055,50
1a4329d8,500,6.2055,1
242e5306,5150,6.2082,1
144d44bd,11274,6.2027,74
1ed204c4,5367,6.211,1
410e2cd5,654,6.211,1
697eacde,1151,6.211,11
1854fcc,1687,6.211,11
68bf885b,5153,6.211,1
20226511,5691,6.211,1
4cc00797,10558,6.2137,74
42baceef,3462,6.211,21
5e3e823a,11277,6.2164,74
4ad734f6,4966,6.2164,1
42565912,4844,6.2192,1
5ba928d5,3456,6.2192,21
54ad8eb0,6806,6.2192,48
6e76e84,2622,6.2192,21
46664514,10264,6.2192,1
7120dc45,2714,6.2219,21
5c378726,6789,6.2219,48
12be1501,11826,6.2192,74
38bb7a3e,655,6.2247,1
4bb8995b,5684,6.2247,1
6650ca24,469,6.2247,1
6175fd83,1707,6.2247,11
76165de6,4847,6.2219,1
3b6d8671,922,6.2274,1
14624838,4977,6.2219,1
389963e6,4862,6.2219,1
776bba00,4951,6.2247,1
781697f7,11278,6.2301,74
3cab1c7e,470,6.2301,1
7b24f361,5890,6.2301,1
b6de386,10559,6.2301,74
3a0ea05b,4846,6.2329,1
101fa6a0,8510,6.2329,50
bf8993d,4845,6.2329,1
5cfa327b,7784,6.2329,50
38568d76,1401,6.2329,11
7715fe5f,5335,6.2274,1
4840bed7,6791,6.2329,48
36c2e978,5397,6.2356,1
1a527cbb,1699,6.2356,11
198356d1,11279,6.2329,74
1d775b8f,10156,6.2356,1
1736fc60,3478,6.2356,21
1b87fecd,2721,6.2356,21
43b80ce4,3481,6.2356,21
4a86178c,2715,6.2356,21
347af68b,5349,6.2411,1
6af32740,11565,6.2384,74
4e26cd45,4850,6.2438,1
4d7a2749,9864,6.2411,1
3e2e9f3c,3029,6.2438,21
37ba631d,2483,6.2438,1
8962562,4813,6.2438,1
44809b8d,656,6.2438,1
3c343abd,6582,6.2411,49
55d40855,917,6.2438,1
20e8021d,6701,6.2466,48
442e2f96,6783,6.2466,48
432886d,2612,6.2466,21
2421a793,11827,6.2466,74
19cebb84,1399,6.2466,11
7956aa4a,4812,6.2493,1
564fef6c,4980,6.2493,1
4c316869,5351,6.2493,1
72ad5f24,4768,6.2521,1
27b16ed7,4978,6.2521,1
5cd0f062,9917,6.2521,1
3b772297,1221,6.2493,11
30ae62e7,7788,6.2521,50
15eb6419,9866,6.2521,1
7c668a42,3484,6.2521,21
3bd3d787,10265,6.2548,1
60db737f,5694,6.2548,1
23a18cd9,6581,6.2575,49
6bdd2675,4759,6.2575,1
382664cf,3479,6.2575,21
e7f00a9,10157,6.2575,1
4e97ab66,5354,6.2548,1
75ec6940,7789,6.2548,50
7752d092,9865,6.2493,1
5a04e460,6698,6.2603,48
58688fdb,1700,6.2603,11
2b57c32b,10588,6.2603,74
3de70968,5695,6.2603,1
d95fa01,6710,6.2603,48
40bdcd50,5692,6.263,1
14d1d62a,9766,6.263,1
5c3784cb,5702,6.263,1
34a8b81a,1406,6.263,11
49ec4afd,1403,6.2658,11
1371a059,11106,6.2658,74
4c45a6e1,11823,6.2658,74
623c3574,5334,6.2658,1
24de424,3696,6.2685,21
48ce2446,802,6.2685,8
4d4b02de,10262,6.2685,1
4b5a3fbe,2484,6.2685,1
75a4112a,925,6.2685,1
26db8e35,3712,6.2685,21
602943a1,5267,6.2685,1
597cb7f6,6580,6.2685,49
43c1c4a8,4848,6.2685,1
399150c3,5151,6.2712,1
138f281b,5352,6.2712,1
2f70ee9b,10587,6.2712,74
62598b59,3476,6.2685,21
6c39ee3b,10556,6.2712,74
51fdc899,5685,6.2712,1
310392f9,5395,6.2712,1
3b58fd4d,3480,6.2712,21
13f4c88b,11824,6.274,74
3dd99aef,1697,6.274,11
2df34cd,1222,6.274,11
dbcfecf,1698,6.2767,11
7e91134e,4849,6.274,1
3a6bd9e8,7785,6.2767,50
1e8fb3ae,1703,6.2767,11
41e9eb34,3687,6.2712,21
34630d82,6711,6.2767,48
37948b24,505,6.274,1
5609cac1,2443,6.2795,1
5d8ee945,7786,6.2795,50
39cedf85,4769,6.2795,1
377033c3,10581,6.2795,74
242e43a2,2481,6.2767,1
ec042a3,2485,6.2795,1
54de742a,3472,6.2795,21
413d8609,3465,6.2795,21
77e55bc6,11836,6.2795,74
218025cb,2623,6.2795,21
2d59be02,2792,6.2795,21
79686e,5353,6.2795,1
5d9f28cc,1402,6.2795,11
7d91f0c9,5809,6.2795,1
1d58e8d7,2487,6.2822,1
5629d90a,6820,6.2822,50
3eac9229,3688,6.2822,21
7254524b,11590,6.2822,74
31f370,3466,6.2795,21
5a75bdf1,11832,6.2822,74
7c6f54c3,11833,6.2849,74
420cde3c,3030,6.2877,21
1e3035e7,10586,6.2877,74
121a0a3c,11837,6.2877,74
1d3fd17c,3689,6.2904,21
6a526d1f,6889,6.2904,50
4e0ba357,1702,6.2904,11
c821b40,4864,6.2877,1
6f559f9d,377,6.2932,1
16963dfd,8511,6.2932,50
7f4e4f01,6890,6.2932,50
5142563,5810,6.2932,1
1950669a,7932,6.2877,50
5a3abb5a,926,6.2932,1
7d640c35,5030,6.2959,1
59ff11c7,2793,6.2959,21
4301c8d4,875,6.2932,1
4cee5b85,5370,6.2959,1
1859730f,374,6.2959,1
1136e389,472,6.2959,1
30e6b941,10580,6.2932,74
2c10fa19,6807,6.2904,48
7d6c80e1,648,6.2986,1
43e0ceba,11108,6.2986,74
656c57e4,471,6.2986,1
60c5c6b9,2486,6.2986,1
79b739c8,679,6.3014,1
596d5355,3473,6.2986,21
3ce7ad5a,11825,6.3041,74
239fdb86,1704,6.3041,11
3b330e55,5369,6.3041,1
750df784,473,6.3041,1
407845cc,3701,6.3041,21
3534e994,6587,6.3041,49
136bad57,3464,6.3041,21
34b80f15,2716,6.3041,21
6242804,11109,6.3068,74
175afe71,9867,6.3068,1
d719ac9,1225,6.3068,11
579373c4,6818,6.3096,50
1f1bbaba,7791,6.3123,50
6bafceeb,3702,6.3123,21
2bc60c99,6583,6.3123,49
7de0f4f,5268,6.3123,1
2a607cfa,5793,6.3123,1
68ecdd66,6585,6.3123,49
7da19e06,657,6.3123,1
34cca1a,6801,6.3151,48
6618e7ef,10582,6.3151,74
366cc3a6,6821,6.3151,50
4fb6d07a,5028,6.3096,1
41bf2307,5152,6.3151,1
301fc498,5350,6.3151,1
11197aeb,10268,6.3151,1
68554db2,11418,6.3151,74
2d072f22,3482,6.3123,21
50cafca4,919,6.3123,1
1e3fc921,10590,6.3151,74
442b362f,7790,6.3178,50
6d1dbc5,1252,6.3178,11
1f93867,6824,6.3151,50
61ef9fb8,1400,6.3123,11
7c6857e4,3467,6.3178,21
746fb45f,4952,6.3178,1
378fbc08,5250,6.3205,1
3c1d90b5,1160,6.3205,11
2192cad1,4979,6.3178,1
e08a3b3,923,6.3151,1
1ffb6e70,6826,6.3205,50
16bffc9c,9769,6.3205,1
268bbcf6,11828,6.3178,74
71bcd193,9852,6.3233,1
46775ec6,880,6.3233,1
7104d09b,5338,6.326,1
2e3df40c,1223,6.326,11
35c8a825,5372,6.3233,1
5c7af91c,11834,6.326,74
20071d3b,6825,6.326,50
775081a8,5400,6.326,36
72986e7,6809,6.326,48
c103d07,1407,6.3288,11
5614b2f6,6588,6.326,49
1466177b,920,6.3288,1
307ae23d,8660,6.3288,50
67c8999e,685,6.3288,1
2c1d353e,6808,6.3288,48
53681548,658,6.3205,6
2168ddbf,1716,6.3288,11
9265802,3716,6.3288,21
511cb26,5154,6.3288,1
33fe0c04,3697,6.3315,21
2636b673,9767,6.3315,1
3be624bc,10269,6.3315,1
63c7d34e,5696,6.3315,1
4256fac,9768,6.326,1
f66ccf5,6819,6.3288,50
61ac68b7,365,6.3315,1
1cf07644,6802,6.3315,48
2247d79c,2791,6.3342,21
41709b37,3717,6.3342,21
6e87c4ba,5251,6.3342,1
2ae317e9,3690,6.3342,21
573fbcfb,11275,6.326,74
20ea94f1,1224,6.3342,11
5eb53d4c,5402,6.3342,36
4862a20e,4955,6.3342,1
d0e2116,1713,6.3342,11
5d7c8619,8659,6.337,50
43f37383,2447,6.3397,1
770e3129,9871,6.337,1
2a218f14,2446,6.337,1
56db0dd7,1253,6.3425,11
6f2e055b,5296,6.3425,1
692fe6ee,10251,6.3425,1
2eb6f1fd,5031,6.3425,1
4fd09df0,6584,6.3425,49
7e3ec728,8758,6.3425,50
41eb8468,1220,6.3452,11
5e7055d3,5155,6.3452,1
68ed3567,7933,6.3425,50
487ec065,5769,6.3452,1
563e78e0,11286,6.3479,74
633a248a,11416,6.3479,74
30afb87,1714,6.3452,11
1edfe74a,7792,6.3452,50
425de78f,881,6.3479,1
7c1e6a49,10158,6.3507,1
695708ec,5693,6.3507,1
281c608e,6810,6.3507,48
49983770,5275,6.3507,1
64d4c053,1244,6.3507,11
6b97a2a2,5029,6.3507,1
791ef1c6,6905,6.3479,50
2044a74e,5371,6.3507,1
28ef2781,6712,6.3507,48
605ab9ae,474,6.3534,1
6afbac97,10562,6.3534,74
3caf81d8,5270,6.3534,1
64aa3690,11338,6.3534,74
39542fd4,650,6.3534,1
3dc3bdfe,879,6.3562,1
68d6c450,927,6.3507,1
5f7e52c9,1709,6.3479,11
4ac5ee1c,851,6.3562,1
1f9fa9bf,6592,6.3562,49
7ad1f17,11339,6.3562,74
5907bff6,5401,6.3589,36
5e011e4e,5894,6.3589,1
74c25605,1701,6.3562,11
1672cb73,11340,6.3589,74
79c82b0d,1409,6.3589,11
1dd4d3cd,9915,6.3589,1
1865c128,5403,6.3562,36
7b40cc0c,1408,6.3616,11
7b69b944,659,6.3616,6
43c16567,11341,6.3616,74
78b09c69,4967,6.3616,1
5ed1fdf,506,6.3616,1
337825bf,2448,6.3644,1
7bda94ea,1715,6.3644,11
7751c2c,3858,6.3507,21
180b8666,5339,6.3644,1
29482d12,5398,6.3644,36
6a0bf8fa,924,6.3671,1
18ac6dd9,11281,6.3671,74
377ed7e2,6589,6.3671,49
18c5295d,9872,6.3699,1
2dbcde97,1708,6.3699,11
49a300c6,2717,6.3671,21
5605bc5c,11567,6.3726,74
1785b0b9,11276,6.3726,74
1b78eba4,1226,6.3726,11
26bbfcd5,5276,6.3726,1
6d38c6f3,2795,6.3726,21
16a47054,1254,6.3699,11
2c9e0a41,1717,6.3726,11
276351b1,4968,6.3726,1
55ba0653,4982,6.3753,33
78ec9dfe,10266,6.3753,1
7e1e5d49,803,6.3753,8
4b0db40e,475,6.3753,1
209ec6cf,5269,6.3726,1
171d632c,2796,6.3753,21
12107702,6586,6.3753,49
1ee8841c,6792,6.3781,48
3a018d38,5340,6.3781,1
38e3fe0b,4953,6.3781,1
441bfe38,6822,6.3726,50
55a229de,11829,6.3753,74
fb09f12,3783,6.3808,21
28842b49,5252,6.3808,1
5989b30d,2718,6.3808,21
3375fa5f,811,6.3808,8
775dc936,6906,6.3836,50
35c9d19b,3031,6.3836,21
6c7cb859,5355,6.3836,1
7c9e90c0,7936,6.3836,50
75492279,10592,6.3836,74
6972898d,2719,6.3863,21
707ff9ec,11280,6.3863,74
6cbfc730,10267,6.3863,1
78ef6fb3,921,6.3863,1
62954644,375,6.3863,1
4489d03d,11566,6.3863,74
63a94f0,5686,6.3863,1
1923f665,5998,6.389,1
39ca07c0,3032,6.389,21
3675298c,9853,6.3918,1
35e44a06,2723,6.3918,21
3fe67cbf,5159,6.3945,1
567b8884,11300,6.3945,74
49ddf28e,11593,6.3945,74
5e7e25c9,11417,6.3945,74
47097b0b,3485,6.3945,21
5271b93d,2613,6.3945,21
58c4345f,5156,6.3973,1
7eabf44b,5158,6.3973,1
51d4c63a,5249,6.3973,1
71721880,687,6.3973,1
3ec01d05,6803,6.4,48
72bc1245,7935,6.4,50
e33256c,11591,6.4,74
772c8e39,8661,6.4,50
11af3150,876,6.3973,1
61d8665d,2488,6.3973,1
69a0478a,10591,6.4,74
2694a8ba,476,6.4027,1
4c56062c,10560,6.4027,74
2116dcd7,4773,6.4027,1
4fb56020,8512,6.4027,50
369995dc,804,6.4,8
25d78870,9918,6.4055,1
528d5c0c,11113,6.4027,74
456ac2ee,5771,6.4055,1
3fa788ea,4959,6.4055,1
26aa0366,2720,6.4055,21
1eff5683,3486,6.4027,21
d919a00,686,6.4,1
2cc4dcdf,10270,6.4027,1
3eed4bfd,928,6.4055,1
ef2a380,903,6.4055,1
7835300b,1710,6.4082,11
5ae03944,1718,6.4082,11
4a0f33f1,10593,6.4082,74
1c9a2ac0,6813,6.4082,48
1d5af2c9,3474,6.4082,21
6afac41,11835,6.4082,74
574b61f7,5895,6.4082,1
1a4a9df4,4774,6.411,1
79d5e55f,10561,6.411,74
50cce8ce,5763,6.4082,1
4a9a0a63,1711,6.4137,11
2bfa8b32,5404,6.4137,36
27320363,11111,6.4137,74
69d99f4c,5253,6.4137,1
4330b8a3,1255,6.4137,11
5e648021,3859,6.4164,21
21b833c4,6827,6.4137,50
2e5eb448,3033,6.4164,21
554da60c,680,6.4164,1
1626058b,2450,6.4164,1
33a0cbfc,2449,6.4137,1
5c692023,9916,6.4192,1
49bf2021,10589,6.4192,74
29791cc1,8514,6.4192,50
fd55e38,11110,6.4192,74
3a1f8b15,2624,6.4219,21
3cbaca34,6804,6.4219,48
4c4797be,3034,6.4219,21
a111a5f,8759,6.4219,50
6bef80c8,1404,6.4219,11
4e6e2713,11838,6.4219,74
9327878,2618,6.4219,21
8ef4ae8,6596,6.4219,49
3a57d6d0,1162,6.4219,11
a2e7a48,5373,6.4247,1
5812882f,3468,6.4247,21
1d504205,2489,6.4247,1
2239a803,9919,6.4219,1
50731ea6,3141,6.4219,21
16b1e1f,6600,6.4219,49
2976c2da,3718,6.4274,21
224e7b2f,2722,6.4274,21
36a9ed9b,882,6.4274,1
7c278c5f,2614,6.4301,21
593f32fd,1159,6.4301,11
11f19152,7937,6.4301,50
7ed4698f,1405,6.4301,11
e0ee1a4,4851,6.4329,1
773200cb,5043,6.4329,1
573a7c0a,3703,6.4301,21
f93af,7794,6.4329,50
5ec1df5a,376,6.4301,1
4adc1cbe,3035,6.4274,21
3326d780,1161,6.4356,11
54f5ad77,5357,6.4356,1
502b51cf,6590,6.4356,49
7ab88e98,11342,6.4356,74
7fa7dc98,9845,6.4356,1
6c0580e,11568,6.4384,74
c6fc430,6891,6.4384,50
ce1114e,6598,6.4384,49
383281f3,7934,6.4384,50
329d576b,11840,6.4411,74
739f1ebc,5375,6.4384,1
2c631011,6828,6.4384,50
771b28e9,5764,6.4411,1
5a72c7e,5772,6.4411,1
5dd915ae,9920,6.4411,1
68424efc,7793,6.4411,50
56b89a57,5399,6.4411,36
5cf9ef0c,8513,6.4438,50
784abc09,3036,6.4438,21
548274d0,366,6.4438,1
715264d9,367,6.4438,1
4432aba2,6591,6.4466,49
5153a2ef,2638,6.4466,21
432bf0b0,4954,6.4466,1
49334163,10565,6.4466,74
2ee23623,378,6.4493,1
1d0978c2,904,6.4493,1
70a1680e,9923,6.4438,1
6eacb628,5812,6.4493,42
3f927fe4,10569,6.4493,74
739af623,805,6.4493,8
6fa83690,2490,6.4438,1
2f44b660,2494,6.4493,1
643ed0bb,2615,6.4521,21
487ffe87,4983,6.4521,33
6c702245,10159,6.4521,1
424295ed,7831,6.4493,50
35b5c141,11112,6.4493,74
50eb3e16,11839,6.4521,74
6757694a,7380,6.4521,50
a581def,10180,6.4548,1
5274b294,1260,6.4521,11
5c631cb4,10568,6.4548,74
42184759,1261,6.4521,11
55f182a0,10179,6.4548,1
9b0bc6d,5044,6.4521,1
2901919c,4969,6.4575,1
434d7fd1,929,6.4575,10
78f5db0,11592,6.4575,74
5e322b63,806,6.4603,8
6b393024,11569,6.4575,74
3275a753,2794,6.4575,21
526db71c,6805,6.4575,48
7a76e977,11301,6.4521,74
7e95954,5026,6.4603,1
47ff03e8,5045,6.4603,1
37589ca8,8760,6.4575,50
48cf13f9,5697,6.4603,1
77a588ab,905,6.463,1
3a55ea79,2724,6.4575,21
77bb279e,11923,6.463,74
475ba24b,1719,6.463,11
1ce08adb,1712,6.463,11
9f3bd1c,6597,6.4658,49
27dafc6b,5707,6.4658,1
1040a217,660,6.4658,6
3d894b21,6594,6.4658,49
25a7a819,2629,6.4658,21
31a8faec,7941,6.4658,50
41617116,3037,6.463,21
36c6ea58,2726,6.4658,21
2eb96bf9,10564,6.4658,74
58309b58,507,6.4685,1
1293b889,4271,6.4685,21
130604a9,807,6.4685,8
76854393,5703,6.4685,1
2ab3fc40,10178,6.4685,1
450bb294,3048,6.4685,21
256b4e6f,5025,6.4712,1
3fb73a9a,6593,6.4712,49
66b2527,2625,6.4712,21
5aae67a2,8805,6.4658,50
4b7ec509,3142,6.4712,21
6fcac14b,8761,6.474,50
10ade2eb,5811,6.4712,42
4feeb97f,10594,6.474,74
4fb0bfc4,6907,6.4712,50
69d467fc,11925,6.474,74
660a52e7,7938,6.4685,50
5ff307f4,681,6.474,1
20360c5b,11114,6.4767,74
30bb812b,6823,6.4767,50
6a2c4a,379,6.4767,1
349fdf3c,5358,6.474,1
6ab2d906,2616,6.4795,21
5e1b33dd,2828,6.4795,21
1910434d,5374,6.4795,1
9d4c0e0,3785,6.4767,21
75d24235,8708,6.4795,50
69ee0240,11924,6.4795,74
72500289,11287,6.4795,74
69c13da5,6892,6.4767,50
463d23bd,10563,6.4795,74
1938ccc0,3475,6.4795,21
219902a5,5297,6.4795,1
53af0855,8804,6.4822,50
789fbde4,477,6.4822,1
4e64bf61,1245,6.4822,11
33e33b90,6793,6.4822,48
2f274c33,11284,6.4822,74
1c6cd69a,3705,6.4822,21
75096398,10595,6.4822,74
3c33fd36,5698,6.4822,1
19ebe811,6893,6.4849,50
5ecf20cc,2626,6.4849,21
74daaf3e,5282,6.4849,1
ef87f39,3469,6.4849,21
30d3d8dd,10271,6.4849,1
173d474b,9875,6.4849,1
363fa9cd,9922,6.4877,1
7b63d2ad,4956,6.4877,1
60cee0c4,3487,6.4877,21
7b731984,9921,6.4877,1
55483307,8705,6.4877,50
283221fa,3040,6.4877,21
638894f0,5032,6.4822,1
d40e3c,6794,6.4877,48
1410d52a,10611,6.4877,74
17271e83,5279,6.4904,1
2d941ba3,7144,6.4849,50
a1c35f5,5046,6.4904,1
2a197f64,2631,6.4904,21
38325688,11573,6.4904,74
35761b2e,3488,6.4932,21
9302fd4,6595,6.4932,49
5e2e33e8,2620,6.4932,21
adc6fc7,6602,6.4932,49
56209202,6713,6.4932,48
3fad9516,3130,6.4932,21
6fec5e54,3042,6.4932,21
5d692140,3707,6.4932,21
1581127d,9770,6.4932,1
1e8f9279,5405,6.4849,36
10abd488,11578,6.4959,74
77553215,5160,6.4959,1
3fb50406,11600,6.4959,74
161f07e4,4272,6.4959,21
6c6323c3,3039,6.4877,21
716cd6c8,3044,6.4959,21
3fad53f9,9936,6.4959,1
21ecdb17,4865,6.4959,1
2238fa94,3143,6.4959,21
28aff53e,6604,6.4986,49
5d27a6d3,5033,6.4959,1
4a6ae129,930,6.4986,1
1f0d5106,5770,6.4986,1
13f30e05,5157,6.4986,1
48dc41dc,5359,6.4959,1
28ad672a,3038,6.4959,21
3553a8bf,10566,6.5014,74
40235a72,6714,6.4986,48
7f44d902,3719,6.5014,21
4cb2fe5c,3706,6.5014,21
6a5b210b,9189,6.5014,50
298c9f5d,2630,6.5014,21
1b2cc83,2829,6.5041,21
5b18e60d,380,6.5041,1
39394fd1,3129,6.5041,21
6878d71c,11282,6.5041,74
25c3cb39,5298,6.5041,1
3202cdd6,10726,6.5068,74
2e366d15,11926,6.5068,74
d89ff8,2627,6.5068,21
64306ce,2495,6.5068,1
3b7906d9,5407,6.5068,36
544c67fa,2830,6.5068,21
1f31101d,1720,6.5068,11
7c886659,5406,6.5068,36
2f2882b,10160,6.5068,1
4611e0d2,11574,6.5068,74
35ad6907,3047,6.5068,21
228b3657,4776,6.5068,1
342e51fd,7795,6.5096,50
7df030da,10598,6.5068,74
3716916c,6894,6.5096,50
23cb9b32,3821,6.5096,21
58892892,6603,6.5096,49
5f58735,2640,6.5041,21
1e6e3bc7,1536,6.5096,11
6264ae30,7834,6.5096,50
1d09bb45,11867,6.5096,74
393760c4,1537,6.5096,11
35759fb8,11302,6.5096,74
cd5cdce,3704,6.5123,21
630a7f90,1411,6.5123,11
1b7331a0,11601,6.5123,74
245848ef,5271,6.5123,1
74db0cb2,5283,6.5123,1
56c2045a,1263,6.5123,11
46b7f3a1,3491,6.5123,21
292261b6,2639,6.5123,21
660417ed,4855,6.5123,1
fd24f2,4852,6.5096,1
2cef06c3,10567,6.5123,74
6ac927d0,6829,6.5123,50
2cb4ee1b,2831,6.5151,21
458795cb,4775,6.5151,1
118a5aa6,10836,6.5151,74
325e18e0,11830,6.5151,74
5079b526,478,6.5151,1
11c3e960,1256,6.5151,11
7ef892a9,5773,6.5151,1
7437eec8,7873,6.5151,50
3991fc86,3860,6.5151,21
40c10fb2,1264,6.5151,11
35d2266,3731,6.5178,21
4186a3f5,9190,6.5123,50
77c5128f,2617,6.5178,21
7520abc9,11303,6.5178,74
3fb13f5a,5280,6.5178,1
551574d8,2502,6.5178,1
21f8ec84,502,6.5178,1
7ef6d35e,11288,6.5178,74
488b7835,1410,6.5178,11
36c67648,1543,6.5123,11
50bc30d8,5794,6.5178,1
181875b2,5896,6.5178,1
6af139b8,2504,6.5205,1
b4a1b65,3131,6.5205,21
5ff0e538,10730,6.5205,74
b41fc54,6605,6.5205,49
eb0af42,6811,6.5205,48
3f3b64bc,5161,6.5205,1
64d5230c,3470,6.5205,21
60f2c09e,11115,6.5233,74
6f87360e,11343,6.5233,74
4013f4a0,7807,6.5233,50
7fe9fe18,7145,6.5233,50
6bb3b97d,4853,6.5233,1
3e8953c8,6795,6.5233,48
fc93e33,11572,6.526,74
735003dd,5284,6.526,1
2cb78b60,5027,6.526,1
4249a185,2491,6.526,1
34497f62,3495,6.526,21
15977213,4273,6.5233,21
424750c7,3045,6.526,21
a4b5546,3708,6.526,21
4d44a1f6,4270,6.526,30
28af72fd,4985,6.526,33
4b9c61a,3784,6.526,21
256211b9,368,6.5288,1
5d94e846,8521,6.5288,50
b731a81,11831,6.5288,74
e5909c5,479,6.5315,1
44f3cdb9,1247,6.5315,11
74bec6e2,7871,6.5288,50
c0761da,5010,6.5315,33
515b0fbe,11283,6.5315,74
6ad6e153,11289,6.5315,74
46c4ff56,11290,6.5315,74
55f0421d,6715,6.5315,48
57fb0797,7817,6.5315,50
53edbef2,6716,6.5288,48
3c803516,877,6.5342,1
60c5b503,3863,6.5342,21
562d8286,5034,6.5342,1
e3f64fb,3490,6.5342,21
5965f06b,2621,6.5342,21
84cd98d,7835,6.5342,50
5e9150cd,9873,6.5342,1
5bee6860,6599,6.5342,49
1d03f9c8,11576,6.5342,74
14452be9,1257,6.537,11
2d442e96,3041,6.5342,21
43483bbb,10729,6.537,74
5e945b6,5356,6.537,1
794bb8e6,3070,6.5342,21
f5bf90c,5281,6.537,1
32fc916d,11931,6.537,84
21203890,5897,6.5315,1
306be16a,7825,6.537,50
14c3e309,10599,6.5397,74
729aed5,384,6.5397,1
4400eb04,5277,6.5425,1
1374c5dd,5004,6.5425,33
12a16d10,11604,6.5425,74
7daeae9f,516,6.5425,1
7c5890,7832,6.5425,50
767ec188,3049,6.5425,21
d4270d2,1266,6.5425,11
5f88a7dc,7146,6.5452,50
6575fda3,5003,6.5452,33
644d55f8,1258,6.5452,11
35654c88,5299,6.5452,1
49fbd344,2453,6.5479,1
17b7aa4e,8667,6.5479,50
6049217,2628,6.5479,21
b092d09,5273,6.5479,1
7bb08364,7872,6.5479,50
2c357ed9,8819,6.5479,50
2467f796,3145,6.5452,21
24151013,11930,6.5425,84
3b8b0915,7939,6.5479,50
3ccf7b0b,381,6.5479,1
278ff043,878,6.5452,1
2b16e929,10612,6.5507,74
48b68eff,933,6.5507,1
f66b3c1,7833,6.5479,50
57334786,1423,6.5534,11
4bf0a3e8,5272,6.5534,1
585ecafa,10161,6.5534,1
7eed1f1b,8806,6.5507,50
37cd1d1f,682,6.5534,1
d8f489c,4867,6.5534,1
55a182bf,2732,6.5534,21
40cd31dc,1267,6.5534,11
eec35ce,3144,6.5562,21
5116e4e9,3492,6.5562,21
26aa8dff,4251,6.5562,21
5bf8d8bd,6909,6.5562,50
fc01b27,4957,6.5589,1
606d1d54,7946,6.5589,50
739f05a4,4866,6.5589,1
78c09e25,11347,6.5589,74
6ba9c1c,2503,6.5589,1
7b1b18c4,6812,6.5589,48
73142d4e,2733,6.5589,21
219c154c,3861,6.5507,21
3cee5a1a,8707,6.5589,50
1f90b87b,10570,6.5616,74
4dbc889a,8807,6.5616,50
c4bd214,683,6.5616,1
a24296f,7178,6.5616,50
423b670d,1412,6.5562,11
23605c99,7989,6.5589,50
58725c51,8709,6.5589,50
71a3f79d,651,6.5589,1
232a50cf,3721,6.5616,21
3ab058a8,3864,6.5644,21
70ea0b7b,2492,6.5644,1
48d40826,3080,6.5644,21
1e9b05e4,688,6.5644,1
6f4682d0,6831,6.5671,50
570be288,10613,6.5644,74
779a8ac1,5274,6.5616,1
31e815f3,3722,6.5644,21
3d2b62a,7945,6.5671,50
6ae3511c,5162,6.5671,1
62f4f16a,5047,6.5644,1
419ba377,1227,6.5644,11
302d613a,5035,6.5671,1
40b6ad92,11575,6.5644,74
58c7b4f,5036,6.5699,1
1990e092,3786,6.5671,21
426f662b,3732,6.5671,21
10acc348,8668,6.5699,50
7515919f,4252,6.5671,21
7c7019b0,1538,6.5699,11
6bd52455,3256,6.5671,21
374089c9,2808,6.5726,21
5170ca6d,934,6.5726,1
4ffa34a1,9924,6.5726,1
4f2b0a96,6895,6.5726,50
769d4d4b,4854,6.5726,1
45209c90,3862,6.5726,21
125415fb,5164,6.5671,1
c15742c,661,6.5726,6
10fe97f0,2735,6.5726,21
517b4d63,2734,6.5726,21
6332717a,5166,6.5753,1
633e9631,1249,6.5753,11
4421cd24,2725,6.5726,21
21628474,684,6.5753,1
20849347,11291,6.5753,74
2b1fc261,2498,6.5726,1
70c3d161,7808,6.5753,50
5bd6dfd9,11932,6.5781,84
18dd2b06,9937,6.5781,1
11d4716a,5300,6.5781,1
6546cd9c,7948,6.5781,50
154ec6bc,5384,6.5726,1
409712be,4771,6.5781,1
2d522562,1248,6.5753,11
1fbf4e83,9930,6.5781,1
7c2710ee,5898,6.5781,1
3f461f86,3489,6.5781,21
4ddef36,3866,6.5781,21
51762617,5038,6.5781,1
7700ab68,3102,6.5726,21
3898a3fa,1259,6.5781,11
5db6393c,7848,6.5781,50
19d2e204,5804,6.5753,1
729d1a57,5709,6.5781,1
31791cad,5408,6.5781,36
fe7f08d,1262,6.5808,11
63f45794,11570,6.5781,74
6db85b2c,8522,6.5808,50
77edab6e,3497,6.5808,21
47be4e86,5005,6.5808,33
637e912,3046,6.5808,21
67018ea9,9876,6.5781,1
4eff9f08,4257,6.5808,21
27d7d48a,11579,6.5808,74
42867436,10737,6.5808,74
2979b3c3,9771,6.5808,1
3355db59,3132,6.5808,21
4144c109,11292,6.5836,74
6aa79cb,9874,6.5781,1
3f6c6f75,3043,6.5836,21
361a90c4,3820,6.5781,21
6b0949a8,3103,6.5808,21
5b6f24f0,2728,6.5836,21
46fda3d7,6910,6.5836,50
96ed0b1,5386,6.5836,1
134cfee2,7818,6.5863,50
74bedd15,6607,6.5836,49
19a00dd7,2633,6.5836,21
4f072c39,11571,6.5863,74
6dedc98d,8662,6.5863,50
46252cfc,7944,6.589,50
32ea6134,2632,6.589,21
44faf5b4,8808,6.589,50
47d8ed07,5797,6.5863,1
28756bcc,1413,6.589,11
86e3b45,11605,6.589,74
49775c37,2842,6.589,21
494ff5ab,4960,6.5863,1
5a3357f8,10614,6.589,74
3990611,4958,6.5863,1
24f0819d,932,6.589,1
53421c36,10736,6.589,74
5a03396c,8865,6.5863,50
592b02eb,4868,6.5918,1
2a4e6b1d,9926,6.5918,1
6a02753b,1545,6.5918,11
7e75a92c,2643,6.5918,21
2bf2db05,3097,6.5918,21
2909f94e,5006,6.5945,33
2619e02,4250,6.5945,21
28b49ade,931,6.5945,1
71fb1a56,3093,6.5945,21
8a902ff,2832,6.5945,21
266d4e8b,508,6.5863,1
6e0c492d,11928,6.5945,74
62624c58,8809,6.5945,50
4b62c3e8,10596,6.5945,74
b9c8e81,7264,6.5973,50
7d5ebfe,2619,6.5973,21
77a567d0,11577,6.5973,74
2a85974f,11841,6.5973,74
4582fc18,1539,6.5973,11
6da0754d,480,6.5918,1
316704ce,5278,6.5973,1
375ed242,11599,6.5973,74
65ee8a8d,1250,6.5973,11
b8a8160,2797,6.5973,21
44fb799a,3791,6.6,21
13e7633b,11842,6.5945,74
2c2a5ab,2798,6.6,21
43cfbb73,11868,6.6,74
599515ec,1228,6.6,11
52e4eb65,5007,6.6027,33
dbaf1d8,3734,6.6027,21
1ac2e239,2814,6.6027,21
24e8c631,3086,6.6027,21
51a2ae0a,9191,6.6027,50
5e9d58b5,5708,6.6027,1
51cdd337,1544,6.6027,11
b4ca1d7,482,6.6027,1
61249ad,10733,6.6027,74
6429de10,3496,6.6027,21
20bfee61,3098,6.6027,21
70b96bf4,11285,6.6055,74
4e13a1b8,5301,6.6027,1
5be2e347,3105,6.6055,21
5ad8d6f6,5710,6.6027,1
3dc90a1c,10734,6.6027,74
52c9f168,3739,6.6055,21
14eb61be,7823,6.6055,50
70ab4ae3,8669,6.6055,50
661d9c1f,3493,6.6082,21
2f386e71,5037,6.6082,1
2470c9fe,4961,6.6082,1
5feb3662,6601,6.6082,49
7cf5144f,3096,6.6027,21
5e486401,11843,6.6082,74
350a685b,2493,6.6027,1
20e672f9,382,6.6055,1
60860241,1600,6.6082,11
6f15546a,5379,6.6082,1
20110101,1246,6.6082,11
240baaa7,4869,6.6082,1
7b379b9f,5302,6.6082,1
4a50b0e0,2641,6.6055,21
26f7043d,5011,6.6082,33
10ab483d,3865,6.6055,21
72f43bc0,10163,6.611,1
612e46f,10615,6.611,74
22b0abd5,4256,6.611,21
6d28d8d3,2642,6.611,21
1b586fe2,1791,6.6082,11
7360ffa7,3092,6.611,21
7835a6a3,2451,6.611,1
2099e030,11606,6.611,74
75019f5,2634,6.6082,21
2c15a78c,2736,6.611,21
58fcf86e,4254,6.611,21
370b0b21,7942,6.6137,50
30932384,7799,6.6137,50
1e4a7060,11308,6.6137,74
313bcbdd,1414,6.6082,11
6558d8e3,2833,6.6137,21
ebb6a1c,9913,6.6137,1
53f8378a,4770,6.6137,1
48a0ba5e,7180,6.6137,50
27aae5b4,1265,6.6137,11
2028c04f,3580,6.6164,21
729490d7,3787,6.6164,21
1b7a6d5b,7388,6.6164,50
6f2a8158,3802,6.6164,21
1f5d5e4c,7874,6.6164,50
49996758,8706,6.6137,50
3385a658,481,6.6164,1
466b4e38,6830,6.6164,50
56e9a4e6,11125,6.6192,74
7df027ec,3720,6.6192,21
8aaa920,509,6.6192,1
a0bacca,5381,6.6164,1
160d393d,3134,6.6192,21
6abeb357,9192,6.6192,50
3700f489,11124,6.6164,74
603a635f,7943,6.6192,50
71dd6008,11927,6.6219,74
1f817ab4,5286,6.6219,1
37a92307,4253,6.6219,21
3a5618,5795,6.6219,1
54b026b3,11602,6.6219,74
30ae5e2a,7266,6.6164,50
33df3fb,3579,6.6192,21
48dedfeb,8811,6.6219,50
177d7df2,10181,6.6247,68
45a56393,5055,6.6247,1
7383a03,9854,6.6247,1
6b76a334,8810,6.6247,50
519de305,6833,6.6247,50
a1a3b8e,3263,6.6247,21
1718d145,3104,6.6247,21
79cf81ce,10731,6.6247,74
3f6154d6,11117,6.6219,74
7d812f0a,3826,6.6247,21
61d02f0d,9932,6.6219,1
3013488b,10571,6.6219,74
7f6ea866,6606,6.6192,49
35577eb6,3823,6.6247,21
5abba605,7824,6.6274,50
254b2e,11310,6.6274,74
7054c135,11929,6.6247,74
606da460,11845,6.6274,74
4a90fff6,9193,6.6274,50
443c9adc,7381,6.6274,50
6e6ad54e,11121,6.6274,74
63a93247,6814,6.6274,48
57afd91d,7846,6.6274,50
3266f3d7,10735,6.6247,74
1eeaee64,3094,6.6274,21
449fcdc9,3525,6.6247,21
2e0b0e8b,5376,6.6301,1
3069bebe,7940,6.6274,50
4fd6cb6c,12000,6.6301,84
e419bec,9914,6.6301,1
36b9efcf,8859,6.6329,50
1f3405b8,5796,6.6329,1
1c28c855,10162,6.6329,1
6a21e20d,2815,6.6329,21
683d8a5e,812,6.6329,8
debf9c7,8519,6.6329,50
1248eb32,3106,6.6329,21
1183c701,11355,6.6356,74
4bb3df04,10727,6.6356,74
2ee77df5,7179,6.6356,50
752e707b,7801,6.6356,50
1f4a50b2,7827,6.6356,50
23f5262e,8854,6.6356,50
2a8c7d0d,5799,6.6329,1
25b81c92,2803,6.6356,21
40966d43,7389,6.6356,50
70a6acde,11119,6.6356,74
1cf568e5,3524,6.6356,21
653b7fea,11869,6.6329,74
2c961255,13481,6.6356,84
4709ac72,5380,6.6329,1
492fc7d9,7265,6.6384,50
caa427e,2917,6.6384,21
3250b82e,2452,6.6384,1
2ec8108b,10728,6.6384,74
196e0b84,7809,6.6384,50
5961723,7181,6.6384,50
2784e265,5800,6.6384,1
520f3944,10732,6.6356,74
47091365,8860,6.6411,50
b294cc4,1540,6.6411,11
37aa06c4,5040,6.6411,1
1c3f8c44,5049,6.6411,1
70af4262,8861,6.6411,50
1e8d48b4,8663,6.6411,50
775652ca,7847,6.6411,50
78cbe57e,10182,6.6411,68
727d1457,8515,6.6384,50
206227ce,1163,6.6411,11
6c12a44,3733,6.6411,21
7ba817ca,5041,6.6438,1
4344f854,5039,6.6411,1
64031557,11886,6.6438,74
7ec66a2c,2635,6.6438,21
7925d6a8,3095,6.6411,21
71dafcba,7947,6.6438,50
fc8e707,383,6.6438,1
b6b77e0,5012,6.6411,33
16f3801b,937,6.6411,1
15b83c8d,10191,6.6466,68
7d4c3cd6,1546,6.6466,11
696d3ac0,5705,6.6466,1
24b7aacb,8866,6.6466,50
4da20214,4856,6.6466,1
7573df5e,385,6.6411,1
f202fec,12001,6.6466,84
6c7a201e,4258,6.6466,21
5c3546fa,8710,6.6438,50
2aebdcb,2636,6.6466,21
6a8829e7,945,6.6466,1
5626b547,5774,6.6466,41
3409ebc8,883,6.6466,1
569d2e79,11351,6.6493,74
10761028,2727,6.6493,21
486a6f1c,5704,6.6466,1
5385ec15,8159,6.6493,50
4fe52793,1449,6.6493,11
38d28b41,9877,6.6493,1
1a9d75fb,3051,6.6493,21
5bbd8d91,7800,6.6521,50
646c9e79,10839,6.6493,74
2d3e4d8,9882,6.6493,1
2ef7ff40,6896,6.6521,50
19112e0a,9886,6.6521,1
759d02b,1802,6.6438,11
190ee407,7990,6.6521,50
4e626da,7826,6.6521,50
157ac4f9,2637,6.6521,21
58bd922,8853,6.6466,50
6b4b3b48,11356,6.6466,74
69812b9e,3257,6.6521,21
5e2e100d,936,6.6466,1
4629d260,5382,6.6493,1
748a2096,11350,6.6548,74
6703a84e,2729,6.6521,21
5a8ae872,3100,6.6548,21
457430ac,1793,6.6548,11
28f02fab,6815,6.6521,48
4d4640b0,2805,6.6548,21
686d571e,11933,6.6575,84
65a9fb19,3146,6.6575,21
13c4650,1630,6.6575,11
7c307bcc,6816,6.6548,48
d04530d,3824,6.6548,21
652c5fe0,1542,6.6575,11
7e00d507,10164,6.6575,1
7c57b87e,2499,6.6575,1
568cf5de,12002,6.6575,84
35e12799,2809,6.6575,21
4db174cf,3258,6.6603,21
ce4a14f,3827,6.6603,21
3d779708,517,6.6603,1
1a2f1ed9,1547,6.6603,11
116a2d0,2816,6.6603,21
296cc8d8,3740,6.6548,21
8bd131,7184,6.6603,50
22871438,11324,6.6603,74
47c7a931,2644,6.6603,21
6e80965f,1541,6.6603,11
6fce9350,11118,6.663,74
5bfabc5b,8727,6.663,61
210e1834,5163,6.663,1
a71db33,2843,6.663,21
4bd64024,935,6.663,1
6f3a2888,8160,6.663,50
50991e1d,11934,6.663,84
467658ca,7796,6.663,50
5e0f7831,11344,6.6658,74
f91047c,7810,6.663,50
763fb2ca,2505,6.6658,1
4b16e5e2,3081,6.6658,21
6e4e23e6,1727,6.6603,11
980e0bf,6617,6.6658,49
6ede1df1,5711,6.6685,1
4ba510ee,9194,6.6658,50
32d93514,4437,6.6685,21
4c904f02,5048,6.6685,1
2ea55634,483,6.6685,1
47b21db8,5056,6.6685,1
58fc57bb,9878,6.6685,1
3bbd1e2a,3052,6.6685,21
1bdac32,1803,6.6685,11
2495d7a0,5409,6.6658,36
3b6caa8a,11421,6.6685,74
751bae00,2799,6.6685,21
229322c6,5057,6.6712,1
12170fdb,7820,6.6658,50
1868f8a0,518,6.6712,1
25d344ea,2743,6.6712,21
4bf7f9c9,3526,6.6712,21
63342519,3788,6.6712,21
588abeab,3135,6.6712,21
778e0e2,5999,6.6712,1
3b083258,2801,6.6685,21
6d12d112,3087,6.6712,21
73356875,12003,6.6712,84
31eb97e7,7828,6.6712,50
3c991897,5813,6.6712,42
419bf0ec,5287,6.6712,1
7c268016,2737,6.6712,21
24883927,519,6.674,1
21a036a3,8711,6.674,50
4931d6fe,7875,6.674,50
3d1822ef,8161,6.674,50
7576336a,3867,6.674,21
10d27de2,13030,6.674,84
29680659,6717,6.674,48
5793cf20,6832,6.674,50
2b609067,5798,6.674,1
6f490b02,11349,6.674,74
241657c2,13031,6.674,84
18dc7e7f,3107,6.674,21
6c775664,2645,6.6767,21
25547e05,3259,6.6767,21
a182160,2804,6.6767,21
2d2e2a3a,10906,6.674,74
7b3c9d8d,10183,6.6767,68
7d9e70b9,3071,6.6767,21
36465d4b,7185,6.6767,50
6a65de43,11321,6.6767,74
46d99025,3261,6.6767,21
75aaf677,3741,6.6767,21
7bbf5bc3,8523,6.6767,50
7f17fdfa,8671,6.6767,50
3bc4a39d,1229,6.6767,11
19fff3dc,369,6.6767,1
12a489c0,8670,6.6767,50
181fd263,6622,6.6767,49
582714b7,6858,6.6767,50
4680c56e,11581,6.6767,74
315bf9f4,4255,6.6767,21
46e18c65,7512,6.6795,50
2066f676,694,6.6795,1
468ca4d3,11345,6.6795,74
266e9219,3082,6.6795,21
6ca6a015,7382,6.6795,50
7be42eb1,1166,6.6795,11
58edb722,4984,6.6795,34
ac1087c,1634,6.6795,11
53bea739,11607,6.6767,74
9758a59,696,6.6822,1
3c9468f2,7949,6.6822,50
3e1405f4,4772,6.6822,1
2fedf9a7,1450,6.6822,11
18b5ea60,3083,6.6822,25
3db78c6d,9251,6.6822,50
16d3d780,1794,6.6795,11
22fba0d1,10272,6.6795,1
3c5e2adf,7391,6.6822,50
b0f21de,8532,6.6822,50
6f82d08,9931,6.6849,1
a5a0036,10922,6.6849,74
46f44dfd,9925,6.6849,1
74b40d76,2802,6.6849,21
75d8d484,3829,6.6849,21
381d0032,5285,6.6849,1
4aeec73e,5805,6.6849,1
106f25e5,11126,6.6849,74
23a0bf98,4436,6.6849,21
4f44322c,5699,6.6849,1
486acea4,2496,6.6877,1
73ec374e,3088,6.6877,21
6d4979fe,9927,6.6877,1
79dbc565,1548,6.6877,11
435c6f24,946,6.6877,1
4f07d93a,8525,6.6849,50
26ae9d32,1251,6.6877,11
d4aa00,1165,6.6877,11
1290ab13,6616,6.6877,49
665c8c18,5775,6.6877,41
632f7e72,5388,6.6904,1
31ba2828,7849,6.6904,50
141b00b5,11580,6.6904,74
3c4f916,4871,6.6904,1
3a37626d,7902,6.6904,50
6a423b2c,2497,6.6904,1
1b80cbf2,5377,6.6877,1
7b9b4bc2,3101,6.6904,21
3749f2ac,11296,6.6849,74
1361a11a,699,6.6904,1
2967d0d,938,6.6877,1
e2337df,3055,6.6877,21
2f47a882,3264,6.6904,21
4180ff83,11844,6.6904,74
5763f354,11293,6.6877,74
5dbb0517,5042,6.6904,1
4994e1d3,9879,6.6904,1
7f2ddf51,1804,6.6904,11
619c33ca,10273,6.6904,1
5e1eaaf1,2834,6.6932,21
4c8f0a08,1721,6.6904,11
43ea99e,11294,6.6932,74
41c97b7,11309,6.6932,74
6aca4ab3,12463,6.6877,84
41a82c39,4262,6.6932,21
7543b14e,3099,6.6932,21
4a6c9868,2510,6.6932,1
4c09421,2730,6.6932,21
3c67c9d8,5712,6.6932,1
3caef389,10617,6.6932,74
634f0a55,809,6.6932,8
1bdc6459,11346,6.6959,74
7115e80c,8027,6.6959,50
6ff69c05,3050,6.6959,21
15bdef5,11935,6.6959,84
540fec93,810,6.6959,8
54ee0baf,1417,6.6959,11
564521e3,3089,6.6959,21
1dbcb219,6902,6.6959,50
b644b42,3830,6.6959,21
457d8d08,7267,6.6959,50
367cae49,11357,6.6959,74
12eb785a,10911,6.6959,74
6d5e19dd,1448,6.6932,11
158a4215,8520,6.6959,50
46d7b80b,3260,6.6986,21
5949888b,11122,6.6986,74
f372123,11846,6.6986,74
123a41e9,10051,6.6986,1
4b949333,10920,6.6986,74
55672351,11348,6.6986,74
71fdd2be,6000,6.6986,1
2e0bde16,10165,6.6932,1
1883dccd,1725,6.6986,11
58f6f33d,6718,6.6877,48
34e73ed9,9342,6.6959,50
7ca62772,6903,6.7014,50
2715a368,7207,6.7014,50
44da2ac5,11297,6.7014,74
446cbd3d,10184,6.6959,68
428f74c9,1268,6.6986,11
2d8f08be,3828,6.7014,21
76ef2f0b,11120,6.7014,74
2013ea20,3831,6.7014,21
1372e4a,3053,6.7014,21
38273b99,6861,6.7014,50
6db80edb,2845,6.7041,21
52c5aba6,5383,6.7041,1
6a389aca,10600,6.6986,74
6bc28fe7,2500,6.7041,1
46a18a92,11603,6.7041,74
477d8eb4,7837,6.7041,50
770f427b,7393,6.7041,50
3946817b,3803,6.7041,21
1786a253,2738,6.7041,21
560fd1bc,1726,6.7041,11
4cc16a17,11595,6.6986,74
68c4aaf3,7821,6.7014,50
227b5863,5060,6.7014,1
2f3b580e,2800,6.7041,21
3e6f317,816,6.7041,8
d8de380,7798,6.7014,50
504a857f,1164,6.7014,11
40d353f0,2506,6.7041,1
3813a3c9,11847,6.7041,74
4d9d77ed,9881,6.7041,1
2fee0c3d,7268,6.7041,50
757886e3,4870,6.7068,1
2d7ff625,4259,6.7068,21
50d06e6e,10921,6.7068,74
2f0c2833,7854,6.7041,50
76544986,813,6.7068,8
29042c95,7797,6.7068,50
18fae8c8,7811,6.7068,50
4b0a56a7,6908,6.7068,50
1fc63e39,8524,6.7068,50
3bad40ca,3498,6.7041,21
189bd7d6,3742,6.7041,21
172ec9d0,10924,6.7068,74
585ddf55,9880,6.7068,1
41fb1597,2950,6.7041,21
6f62cc67,11353,6.7068,74
e63e812,7819,6.7096,50
4b1e74e9,1167,6.7096,11
38f239fc,5061,6.7068,1
21bcc4d8,6922,6.7096,50
58c4357c,5714,6.7096,1
49f6650e,10840,6.7096,74
60628815,9883,6.7096,1
2c6e0752,3084,6.7096,25
273f0ac5,10873,6.7096,74
33e0d948,3822,6.7096,21
5e29b48b,5165,6.7096,1
240d7455,3920,6.7096,21
2fdb0140,10738,6.7096,74
50db62e1,3843,6.7096,21
f6d231d,8863,6.7096,50
1cf35397,11312,6.7123,74
47df3d6d,5700,6.7096,1
53933380,6925,6.7123,50
38b00da9,11311,6.7123,74
58d49f79,6623,6.7096,49
4b038d33,5052,6.7123,1
3e473ab5,5387,6.7123,1
382eb901,7192,6.7123,50
72eb82b7,6624,6.7123,49
eb8e4c4,11596,6.7123,74
92df534,11422,6.7123,74
2dcce16b,7390,6.7151,50
4486b3a1,8874,6.7151,50
6ad66fbc,1611,6.7151,11
693d84aa,2511,6.7151,1
6b127fe2,689,6.7151,1
230138e6,3834,6.7151,21
4563ede7,8527,6.7151,50
34895551,8855,6.7151,50
6dfb77f3,11594,6.7151,74
4717a4a2,9231,6.7151,50
1dc16572,1451,6.7123,11
639c9846,5706,6.7151,40
55ee3f29,10643,6.7178,74
2fa6b382,1230,6.7178,11
395aa9f1,1424,6.7178,11
3e835834,11463,6.7178,74
433eb24e,7802,6.7178,50
1ab02fba,2836,6.7178,21
90a5cd,8526,6.7178,50
340a899e,1549,6.7178,11
6c69810f,10601,6.7178,74
78f740cb,2835,6.7151,21
62176274,10201,6.7178,68
488f364e,8856,6.7205,50
53591d1a,3147,6.7205,21
3a82aa54,9233,6.7205,50
56e27471,8862,6.7205,50
76a3f65b,6897,6.7205,50
472f9387,10837,6.7205,74
5c85e7b5,3832,6.7205,21
190151a8,6002,6.7205,1
70f97dfd,7963,6.7205,50
262a3c24,11425,6.7205,74
4b716bce,9884,6.7205,1
38ba955a,3841,6.7205,21
6832c078,1425,6.7205,11
2ba50ff4,1795,6.7205,11
64d58c54,7964,6.7205,50
100899e8,5288,6.7205,1
19882ae6,12071,6.7233,84
50e7af3c,7836,6.7233,50
1408cfe3,3054,6.7233,21
3c1be03f,7967,6.7233,50
3f4292e7,8896,6.7233,50
4c8dc6a6,13494,6.7205,84
6bd19b3e,13392,6.7233,84
6a25737,11384,6.7233,74
655b55c4,2844,6.7233,21
4e253622,1452,6.7233,11
294a5cb3,7829,6.7233,50
3d45ad42,1827,6.726,11
41d61588,7280,6.726,50
28f2a5b,520,6.726,1
4f106128,7186,6.726,50
657c980e,8857,6.726,50
7a90eb85,9232,6.726,50
1ea8ffd6,8864,6.726,50
16ab8100,6900,6.726,50
e976efc,3795,6.726,21
75314087,8665,6.726,50
24fc8ef8,11116,6.726,74
740c1ac7,6834,6.726,50
2d031ddf,6001,6.726,1
576d895c,10741,6.726,74
679c28f8,2806,6.726,21
73d2ccee,11423,6.7288,74
468acaae,2731,6.7288,21
68e513d2,1415,6.7288,11
6b9a84c4,11888,6.726,74
eca80e5,7838,6.7288,50
41e2e577,5289,6.7205,1
1e85f428,2512,6.726,1
4e4139de,10166,6.7288,1
71422876,3911,6.7288,21
633f29cb,3148,6.7315,21
2b555313,3842,6.7315,21
1a40c6e5,6722,6.7315,48
5d8883ba,11352,6.7315,74
3d6911e5,3792,6.7315,21
3c250090,12006,6.7315,84
204e9e1f,947,6.7288,1
39c25cff,4263,6.7315,21
4cd1841b,2646,6.7315,21
58e43c91,3499,6.7315,21
3e3c1b1e,1722,6.7315,11
61074c2c,3494,6.7315,21
1998fe4d,1740,6.7315,11
9b25d39,5917,6.7315,1
c0efff4,9887,6.7315,1
765b2dc3,663,6.7315,6
4a1c845a,11157,6.7315,74
27006f2e,10274,6.7288,1
67b1d689,1633,6.7342,11
338dd21a,3262,6.7342,21
1e487e5a,4970,6.7342,1
6542d338,13381,6.7342,84
28f33a85,1610,6.7342,11
75142b6f,2952,6.7342,21
63cede6,6618,6.737,49
b0196c7,3845,6.737,21
1d8576a5,9203,6.737,50
3a528e21,9230,6.737,50
bc4bcfc,2921,6.737,21
5f5fb1b8,2651,6.737,21
3e6d3468,11354,6.737,74
10e09602,664,6.737,6
3e6dfbbe,2647,6.737,21
6bc96f76,818,6.737,8
1c1d5fba,5303,6.737,1
4b84f625,11608,6.737,74
5f4039d1,1469,6.7342,11
ea1898c,9890,6.737,1
7837e76d,3793,6.737,21
14ee0390,3072,6.7342,21
7858f285,6835,6.737,50
4a3e2e6d,11848,6.737,74
171bef7f,8813,6.7342,50
48d1334f,8028,6.737,50
f1aa9b7,1828,6.737,11
6b0cd947,11436,6.7342,74
507acf0d,2746,6.7397,21
412d0424,3872,6.7397,21
367d5968,9239,6.7397,50
1170d506,884,6.7397,1
59d0a06e,10912,6.737,74
4bfd818e,5013,6.7397,33
46b6af57,2807,6.7397,21
69256f34,2745,6.7397,21
beeffb9,3844,6.7397,21
7334e92f,8529,6.7425,50
2588f563,2920,6.7425,21
40b2122b,10644,6.7425,74
577d37de,2657,6.7425,21
2d34c383,3868,6.7425,21
63ce3e6,5058,6.7397,1
702b2d4e,1601,6.7425,11
394f80b,8666,6.7397,50
53e79118,11322,6.7425,74
6d1a9f7d,1792,6.7397,11
44728ecd,11870,6.7425,74
608272e8,7822,6.7397,50
85bfa1c,6003,6.7425,1
f8250b1,6837,6.7425,50
36dad74b,2918,6.7425,21
660e33bb,2837,6.7397,21
15e808a0,1741,6.7397,11
872d574,1648,6.7452,11
68f22bbe,10203,6.7452,68
7ff65ef0,8664,6.7425,50
2a0ee4a6,1796,6.7452,11
34c95de6,370,6.7425,1
77474fc7,9889,6.7452,1
60f92c70,7812,6.7452,50
4d9f3f1a,5050,6.7342,1
26775b3c,13437,6.7452,84
7ad30d2e,9253,6.7452,50
d3e987,2509,6.7452,1
73ac1292,2501,6.7425,1
5d2516ef,2919,6.737,21
7ecd2dc1,10616,6.7452,74
48bee6b7,1806,6.7425,11
23fd46c0,11426,6.7425,74
172eca4a,939,6.7479,1
82e96f9,814,6.7425,8
31c12624,13393,6.7479,84
4a2bfd84,3155,6.7479,21
7d496b7d,1632,6.7479,11
344bf952,8162,6.7452,50
55d6190b,1551,6.7452,11
3432fd24,485,6.7452,1
1755e92c,10907,6.7479,74
2933c416,6923,6.7479,50
1f9740ce,697,6.7452,1
747dab07,5385,6.7479,1
1106fac2,5290,6.7479,1
26229f80,8812,6.7452,50
3163aba,2838,6.7452,21
6d46ec46,13032,6.7479,84
1aaa9c4c,10842,6.7479,74
3c5ca531,3090,6.7479,21
eb0e3a5,13398,6.7479,84
3c41cb23,11849,6.7507,74
7247781b,11854,6.7507,74
2beb2e4f,12007,6.7507,84
22cf5d5c,7804,6.7452,50
10e592f5,12004,6.7507,84
592bb752,13492,6.7479,84
1f5a96a4,3149,6.7507,21
2b40736e,2869,6.7507,21
6ab789c,3846,6.7479,21
733dfee7,3266,6.7507,21
4f73a84f,7414,6.7507,50
4be607d4,9891,6.7507,1
6f280ac1,5505,6.7534,36
6395c6c5,5051,6.7534,1
7f43c696,2839,6.7534,21
505e36e2,7814,6.7507,50
2d2028e1,10838,6.7452,74
1414fd5f,8528,6.7534,50
56035236,1728,6.7507,11
1b6d05dd,8306,6.7534,50
7a7b0750,4482,6.7534,21
56304fde,10202,6.7534,68
1a6e35cc,3909,6.7534,21
695e88b1,7193,6.7534,50
4bbd534d,9244,6.7562,50
1f27ab5b,3794,6.7562,21
740c2d26,13034,6.7562,84
690a3816,8747,6.7534,50
488c2941,13495,6.7562,84
6a533e78,2810,6.7562,21
89ecc01,1743,6.7562,11
7f234b09,4962,6.7562,1
6ebee9e9,2454,6.7562,1
1d50cccf,3871,6.7562,21
2782e195,7850,6.7562,50
1dedaab8,808,6.7562,8
7ea56e14,2507,6.7534,1
66079916,1631,6.7562,11
78f3d10f,11328,6.7562,74
219fb16a,1603,6.7562,11
37dea2fc,9198,6.7562,50
2e36e44f,7187,6.7562,50
5efe235b,7046,6.7562,50
3863ea22,2744,6.7534,21
505cc0c6,1550,6.7589,11
7ae86690,11597,6.7589,74
3235dbac,942,6.7589,1
63e5e11e,3073,6.7589,21
74bd3d7,11889,6.7589,74
4c2ef2c2,691,6.7589,1
22ee4b87,11419,6.7562,74
6b3b339f,815,6.7562,8
786527dc,1729,6.7589,11
1c5f6773,8820,6.7589,50
52de048e,8516,6.7589,50
1e7ff2da,11397,6.7589,74
25fcab35,5806,6.7589,1
17e9c3de,13493,6.7589,84
18f78cf4,11402,6.7562,74
35b15fd9,7331,6.7589,50
54b99297,2739,6.7589,21
14dc2e36,1418,6.7616,11
6fc7d656,8188,6.7616,50
6f49bc2a,2846,6.7616,21
35db91b,7328,6.7616,50
566e0da9,7147,6.7616,50
4df2e840,11469,6.7616,74
2dee6a0b,4359,6.7534,21
720229b0,521,6.7616,1
6a37204d,8815,6.7644,50
1f6f1ea3,3796,6.7616,21
458555e6,8684,6.7589,50
26a9ab4f,948,6.7616,1
2e29db8d,8728,6.7644,50
754fc29f,2649,6.7644,21
2789f846,11326,6.7644,74
12325093,8746,6.7644,50
7df70d56,4971,6.7644,1
16ef2274,3091,6.7644,21
88b00d4,4260,6.7644,21
1dbf510c,6004,6.7616,1
1d093ce0,4487,6.7671,21
58510faa,7903,6.7671,50
37427a56,1552,6.7644,11
1aad8033,11127,6.7671,74
50126a83,3873,6.7671,21
428a25d,12464,6.7671,84
54d4d12d,8530,6.7671,50
30e50f20,2811,6.7671,21
70e0912b,8868,6.7644,50
33e5abc6,4972,6.7671,1
5f000f9d,3789,6.7671,21
1a6c47e5,7392,6.7671,50
729eddad,7209,6.7671,50
b1376a,11299,6.7671,74
74ac979e,3798,6.7699,21
6a09b956,13395,6.7699,84
6efe720f,3056,6.7699,21
677d02dd,11424,6.7699,74
777d79cb,6012,6.7671,1
4d2dc54d,1799,6.7671,11
5099bd7b,8678,6.7699,50
34307328,11295,6.7699,74
b89b58a,9888,6.7699,1
4dead36d,11851,6.7699,74
420e5be7,4261,6.7699,21
5e21d14c,3348,6.7699,21
59002ef3,3512,6.7699,21
314551a,12072,6.7644,84
43cecd96,13033,6.7699,84
58a41f39,3074,6.7699,21
68c5b6a9,6862,6.7699,50
383ea14c,7580,6.7699,50
d2979a0,6911,6.7699,50
758ce2eb,910,6.7699,1
30b9620d,9243,6.7726,50
7d409197,2856,6.7644,21
3b6213e6,7950,6.7726,50
d6a3c1b,10618,6.7726,74
e3fef40,1807,6.7726,11
29eb35db,911,6.7726,1
52b993e1,6843,6.7726,50
58b395,484,6.7726,1
2b8c6c08,9245,6.7726,50
1fd56e6a,8729,6.7726,50
5b23ff37,6723,6.7699,48
5ab7bc,940,6.7726,1
706f1f81,10185,6.7726,68
6e57acf6,3150,6.7726,21
26f36118,3850,6.7726,21
7cf90451,9928,6.7753,1
43720750,1742,6.7726,11
73c1d52d,8748,6.7753,50
7b5a4fc3,6901,6.7726,50
28b97c42,662,6.7753,6
745673bf,6904,6.7753,50
15ff23ec,7991,6.7726,50
7911601,11330,6.7753,74
464f6787,3745,6.7753,21
686ae4c3,6836,6.7753,50
41679a5a,3924,6.7753,21
46a686a7,13040,6.7753,84
22dfa558,3510,6.7753,21
38d0ec6b,3085,6.7753,25
4e5312ac,7851,6.7753,50
7120bb59,11158,6.7753,74
ce85a6d,8685,6.7781,50
4fa4140b,8677,6.7781,50
5342dbcd,10204,6.7781,68
5d2757b,8858,6.7781,50
3e8c95d0,7830,6.7781,50
71dceceb,11437,6.7781,74
54bb4268,4438,6.7781,21
3f29eb8f,9929,6.7753,1
1bb2b3be,665,6.7753,6
30e65423,2841,6.7781,21
3ee1df83,5716,6.7781,1
40fab48,3797,6.7781,21
1108c258,4449,6.7781,21
7a70d314,2648,6.7753,21
744dbd3e,941,6.7808,1
9e3778a,5842,6.7808,42
66859c7b,11298,6.7781,74
6c1f088c,5715,6.7808,1
5cf12ac7,5508,6.7808,36
7a320a50,5059,6.7808,1
ab7f30a,3265,6.7808,21
76a3693b,10909,6.7781,74
626c440b,666,6.7808,6
866a29c,13394,6.7781,84
17760d61,2653,6.7808,21
3dfc2f39,4275,6.7808,21
362c89fa,13042,6.7808,84
50fb630c,7329,6.7808,50
4fb725d1,11385,6.7781,74
3f490a5e,8166,6.7836,50
50b73904,3921,6.7836,21
6df803cc,4274,6.7836,21
31216cad,1746,6.7836,11
3a498a86,6851,6.7836,50
18bf245b,3799,6.7808,21
53dffbd2,1553,6.7836,11
7e947406,7805,6.7836,50
44ea2b7d,7345,6.7781,50
78f178f1,2847,6.7753,21
5a762077,3057,6.7836,21
320194dc,7852,6.7808,50
1eacf825,3869,6.7836,21
43c59bb2,3804,6.7808,21
8f1b53b,2840,6.7781,21
56e1f174,13041,6.7836,84
68782800,8885,6.7836,50
11ec98fa,9234,6.7836,50
7e1b997e,10925,6.7863,74
2728ad98,7330,6.7863,50
7b8d2a40,2513,6.7836,1
eb9b955,2857,6.7863,21
6eec0fff,11470,6.7863,74
7b67cb30,1269,6.7863,11
59157d4b,1805,6.7863,11
65649dea,7048,6.7863,50
40714250,3551,6.7863,21
492582b1,2747,6.7836,21
3b334f9c,5814,6.7836,42
78033abe,10742,6.7863,74
2603ee00,3735,6.7863,21
3d7850c5,6619,6.7863,49
4ff59d04,1270,6.7863,11
6e9b64c9,7968,6.7863,50
fac656e,3825,6.789,21
511e5c38,8560,6.789,50
702de226,7969,6.789,50
13534c9a,10743,6.789,74
26dbdf15,7347,6.789,50
4a3049b5,9892,6.789,1
5513ae07,3267,6.789,21
5cad0fa3,2748,6.789,21
24764054,7215,6.789,50
6cc3d88e,9989,6.789,1
63736ce0,11850,6.7863,74
24683087,3995,6.789,21
2d9edd7b,10843,6.789,74
100cf3be,6915,6.789,50
6ee750b,1797,6.789,11
6a222aa5,10187,6.7863,68
741bdaf0,1568,6.7918,11
119220fc,9204,6.7918,50
66f4a073,7806,6.7918,50
13c7c78b,2858,6.789,21
39215359,10908,6.7918,74
39b40141,8714,6.789,50
7a80c93c,817,6.7863,8
5756b278,2749,6.7918,21
95af3e3,8168,6.789,50
64de8850,10841,6.7918,74
7df92383,11329,6.7918,74
1cccc29,3848,6.7918,21
77523ba2,10739,6.7918,74
636b6b1a,10740,6.7918,74
4d0376de,2652,6.7918,21
73e7e32f,3133,6.7918,21
16888292,9252,6.7918,50
47b623eb,5062,6.7945,1
20fc02b0,5918,6.7945,1
18779e0e,1744,6.7945,11
5445f8b4,1476,6.7945,11
221a30ac,7149,6.7945,50
62b35fdd,7195,6.7945,50
46903a6b,9938,6.7945,1
784cf05,1292,6.7945,11
3debfa55,1614,6.7945,11
4e873214,1808,6.7945,11
3632d1ae,5503,6.7945,36
7136f661,8773,6.7945,50
47eb9e93,3744,6.7918,21
5b700bb4,1800,6.7945,11
7562b642,1769,6.7918,11
136d9340,10923,6.7973,74
648d14ab,6863,6.7973,50
44921635,11128,6.7945,74
2d16538,8886,6.7973,50
7d5911b1,13508,6.7973,84
71fd6afd,8679,6.7973,50
77e09153,3870,6.7973,21
29ccdf8f,3527,6.7973,21
250af949,6916,6.7973,50
2cfbb075,11582,6.7973,82
191ae8c2,7803,6.7973,50
32ad39e,10623,6.7945,74
7118a203,1798,6.7945,11
7ba81f9f,513,6.7973,1
11dc4d,10205,6.7945,68
405ca203,3762,6.8,21
4e036875,3552,6.8,21
19e2b853,11420,6.8,74
26618c99,386,6.7945,1
1be0e408,11313,6.7973,74
2fdc45cd,5506,6.8,36
212117cf,11316,6.8,74
2bed1512,10597,6.8,74
74b4835e,8869,6.8,50
48566808,7970,6.8,50
68e8e964,1604,6.8,11
d9e701b,2922,6.8,21
25572b99,6015,6.7973,1
c61cf93,10746,6.8,74
41f5ea74,7531,6.7973,50
5c1f1332,8531,6.8,50
7313621c,3925,6.8,21
6f048404,7904,6.8027,50
6d1bc320,12073,6.8027,84
49b9cb32,11887,6.7945,74
2152439b,6853,6.8027,50
6a3dd711,5512,6.8027,36
598c0bb5,5919,6.8,1
4c7e250d,8533,6.8,50
674884e5,9241,6.8027,50
5eebbbed,8816,6.8,50
6d967530,2508,6.8027,1
6917b2cc,5509,6.8027,36
50ffddf8,11123,6.8027,74
534820d9,10277,6.8,1
59fcb2ce,6014,6.8027,1
77c2b414,8821,6.8027,50
659e1cdd,3059,6.8027,21
27f67253,10602,6.8,74
726ad45a,11304,6.8055,74
1b20dea1,1477,6.8055,11
7920bbc5,2650,6.8055,21
6ccd28c8,3923,6.8027,21
783dabe8,8588,6.8055,50
6575b798,8171,6.8055,50
1977d660,8775,6.8055,50
1cf926ee,13506,6.8027,84
98ebc72,11892,6.8055,74
41f62ceb,11438,6.8055,74
7c6d173b,6021,6.8055,1
418f13ac,6006,6.8082,1
666c092b,8592,6.8082,50
33f79d5e,1453,6.8082,11
4f66da7e,7839,6.8082,50
764da24d,11890,6.8082,74
706ec8fe,1612,6.8082,11
7ffca6c0,2870,6.8082,21
71ab782,10278,6.8082,1
6b0366b,10208,6.8082,68
1d74b33a,4488,6.8082,21
1bdba152,1012,6.8082,1
2b9a953b,13396,6.8082,84
60a8a1b8,1650,6.8055,11
18bde4f,5063,6.8082,1
68fb37b,1829,6.8082,11
3eda3df3,8169,6.8055,50
3d5319ce,486,6.8055,1
5b553aff,3761,6.811,21
784dca4b,10844,6.811,74
439079c6,4439,6.811,21
26d6c0e6,3075,6.8082,21
560c4741,1809,6.811,11
276b0aab,8814,6.811,50
5c046156,7210,6.811,50
335eea80,10188,6.811,68
550ce590,10926,6.811,74
54e82ded,11327,6.811,74
e961fc3,3849,6.8082,21
25d77132,5843,6.811,42
5a161971,1639,6.811,11
25e7ddb4,11325,6.811,74
61a93962,12005,6.811,84
7f698a84,2859,6.8137,21
2d2076e4,9240,6.8137,50
15ded989,10747,6.8082,74
6dbae5b7,4360,6.8137,21
4aec99f3,13483,6.8137,84
ecfbcfb,10207,6.8137,68
2685e669,3743,6.8082,21
115b4b14,7049,6.811,50
150b6597,2923,6.8137,21
767ae42e,8559,6.8137,50
22e3c310,5167,6.8137,1
5a1a67e,1801,6.8137,11
5f3f5066,1554,6.8137,11
6609b5c5,9990,6.8137,1
c9eae0d,10913,6.8137,74
42f755d4,5291,6.8137,1
630d9230,11331,6.8137,74
522dda21,2659,6.811,21
6b174a79,1416,6.811,11
12006fd0,8186,6.8137,50
e3916fd,912,6.8137,1
212be80e,8882,6.8137,50
8683841,10914,6.8137,74
6aa1d1b1,8674,6.8164,50
32f603dd,11464,6.8137,74
65b252c7,7853,6.8164,50
737918de,11129,6.8164,74
27f90ef1,7454,6.8164,50
72f3b6d1,4276,6.8164,21
282c7d8e,11399,6.8164,74
5fd4254c,3076,6.8164,21
3427888a,1602,6.8137,11
25c81f31,7189,6.8164,50
41807e60,6898,6.8137,50
189ef82b,511,6.8164,1
36d328fd,2933,6.8137,21
3eb88575,10636,6.8164,74
5b6c3404,2661,6.8164,21
19dd3277,10845,6.8164,74
7fdb133,7855,6.811,50
36667571,8163,6.8164,50
20c93702,10745,6.8137,74
4c8fdde5,2953,6.8164,21
76791c64,9205,6.8164,50
4b51be1,9195,6.8164,50
647c656,7453,6.8192,50
30fe612,3151,6.8192,21
31dd7363,13484,6.8192,84
2b8408cb,9200,6.8164,50
3d44c2be,11398,6.8192,74
f79c300,13509,6.8192,84
37b4d1cf,995,6.8192,1
4bf79e5d,6724,6.8164,48
11ebba2b,12031,6.8192,84
50cb1ad5,10189,6.8192,68
27d3af16,8774,6.8164,50
416083aa,1606,6.8192,11
3692e8ad,7326,6.8192,50
7ae436b6,3847,6.8219,21
72f1968d,1605,6.8164,11
374936aa,9254,6.8219,50
163f776e,9085,6.8219,50
338e104c,8170,6.8219,50
4d8c9cf1,13037,6.8192,84
20e51629,8185,6.8219,50
3685a21c,7951,6.8219,50
402449c6,11430,6.8219,74
3eb3dfe,8875,6.8219,50
8c7ae4e,4963,6.8219,1
2aa95266,7047,6.8247,50
4fc37d3e,3153,6.8247,21
22754d44,3800,6.8247,21
407d5ab5,9343,6.8247,50
1aa39b89,10619,6.8247,74
7a79d0d9,11131,6.8192,74
72eeadbf,1294,6.8247,11
58ece9a5,2818,6.8247,21
72bbabbc,510,6.8219,1
5ed708b9,7194,6.8247,50
57d877d2,2851,6.8192,21
5e154ee2,4973,6.8247,1
6a5eb2e1,5053,6.8274,1
6d5a6940,12465,6.8247,84
52c4148f,11598,6.8274,74
26d2326b,5008,6.8274,33
398455ea,11893,6.8247,74
7aa2bf3,8776,6.8274,50
78c11e60,4455,6.8274,21
753827e5,11392,6.8274,74
424e1243,7279,6.8274,50
597e24e5,3269,6.8274,21
fdd798a,7412,6.8274,50
3bee609b,3916,6.8274,21
1991cc80,8817,6.8274,50
980a1af,1730,6.8274,11
7599f9f3,10645,6.8274,74
21f1f576,3344,6.8274,21
5d7a22bd,10603,6.8274,74
4584c9eb,7332,6.8247,50
4f4871f,8818,6.8274,50
da69378,4264,6.8274,21
127d6ba,9216,6.8247,50
68f5b933,2924,6.8274,21
2fd3d9ad,5168,6.8274,1
1b37f532,1272,6.8274,11
4c7b862d,3807,6.8247,21
357534d0,1231,6.8301,11
75ffe189,8867,6.8301,50
4ad26b8a,7813,6.8301,50
7b7dcdcc,10622,6.8301,74
6ba77660,3064,6.8274,21
615e2134,8739,6.8301,50
4b931892,4569,6.8301,21
380998ae,3077,6.8301,21
2d0f31ce,7346,6.8301,50
7d4b4679,1636,6.8301,11
6d8c8f65,7212,6.8274,50
19b4a692,4281,6.8301,21
79e7ef50,3910,6.8247,21
4de1752b,8871,6.8301,50
6a3e8a60,3108,6.8301,21
63c0c7e5,1748,6.8274,11
5f7c6d39,3912,6.8329,21
5989c01c,698,6.8301,1
197213d0,8870,6.8301,50
7f37c0a,3806,6.8329,21
701e714,1649,6.8329,11
621be7fe,3913,6.8329,21
5e325b21,819,6.8329,8
57d72fa4,10638,6.8329,74
5f665b0d,1810,6.8329,11
21e95218,13397,6.8329,84
62ff7308,11130,6.8301,74
56f4337a,7327,6.8329,50
1bdd7d2,10744,6.8329,74
2ed8c725,7413,6.8301,50
409c7755,8573,6.8329,50
40e305a8,2514,6.8329,1
2dcff278,2852,6.8329,21
3431b3fa,1747,6.8329,11
5cb8bbb6,1563,6.8329,11
7f3d49ab,3922,6.8329,21
2db33806,2871,6.8356,21
3379edeb,8675,6.8301,50
239f05ba,8754,6.8356,50
14a4f029,2740,6.8356,21
6ed53bce,1419,6.8274,11
d588c00,886,6.8356,1
183dec11,3554,6.8356,21
4e99719,3369,6.8356,21
2cfa9418,3349,6.8329,21
1f6c1c16,512,6.8356,1
59897e74,8822,6.8329,50
569dab77,8713,6.8356,50
213788d1,2813,6.8356,21
591582bb,1773,6.8356,11
7468b5d7,2951,6.8356,21
1d1b789b,2812,6.8384,21
f70ae9,8672,6.8384,50
75024016,1233,6.8384,11
5a5f628,3833,6.8356,21
73db1ca8,8712,6.8384,50
1b00ca90,6013,6.8384,1
52cebca2,11358,6.8384,74
66be5024,11428,6.8384,74
20a723c8,4458,6.8384,21
183fd577,7082,6.8384,50
7f5a3496,1559,6.8384,11
5ed5ada3,3736,6.8384,21
6bf16429,5378,6.8384,1
22a36d08,11404,6.8384,74
72d1b3fc,9080,6.8356,50
142354bc,6846,6.8411,50
3af33c2a,9099,6.8411,50
5ac3d771,5904,6.8411,1
7c6e9507,13507,6.8411,84
25f2c186,8883,6.8411,50
2bfaf730,7349,6.8411,50
8cb9c09,8876,6.8411,50
68333470,9235,6.8411,50
4cf7aa3e,8565,6.8411,50
7fbabcd7,8772,6.8411,50
351bdfda,11427,6.8411,74
3858767,6917,6.8411,50
577a78ca,3737,6.8384,21
26ad9e41,8872,6.8384,50
c5bd247,523,6.8411,1
5f9dde9f,7965,6.8411,50
5b9b69bb,5515,6.8411,36
23cad214,6845,6.8384,50
6e285acb,3368,6.8329,21
3439fa26,13442,6.8356,84
2772428f,12013,6.8411,84
6de78fb6,11894,6.8411,74
3ffcb1a7,5513,6.8411,36
4ad39e3e,8888,6.8411,50
7f00cbd1,3914,6.8438,21
2e4b71b8,885,6.8438,1
74e08c5f,7348,6.8384,50
2214de93,2660,6.8438,21
5bb3c743,3810,6.8438,21
2e00ab3c,8307,6.8438,50
5e7248d7,525,6.8438,1
5a16e5cc,8777,6.8411,50
1fdaa812,11405,6.8438,74
3428a99e,6957,6.8438,50
78d06b3c,8676,6.8438,50
1585c96f,8715,6.8438,50
5f5579f5,9939,6.8438,1
2e405fd8,11159,6.8438,74
55b248a7,3555,6.8466,21
6ec72dcf,3154,6.8466,21
1a296b33,3062,6.8438,21
363b4931,3763,6.8466,21
718bd821,8716,6.8466,50
26753a8a,8561,6.8466,50
2121639c,1811,6.8466,11
7754ad84,12472,6.8438,84
1b4a009e,7878,6.8466,50
34af8906,5514,6.8466,36
3b014473,11583,6.8438,74
66ad303e,10186,6.8466,68
3eba1379,4440,6.8466,21
696bf61a,8187,6.8466,50
22ee4559,6859,6.8493,50
6a410fbb,10910,6.8493,74
1ec76294,2925,6.8493,21
5b52ec5c,4451,6.8493,21
530e00d0,3345,6.8466,21
6dbf0a0a,1427,6.8493,11
251b6652,3500,6.8466,21
3dab5e69,3078,6.8493,21
5f75b2b0,11305,6.8493,74
6f7d22c,8673,6.8493,50
1309950e,13150,6.8493,84
6f3323f,692,6.8493,1
61cc6c9e,11429,6.8493,74
135ea225,7877,6.8521,50
2346e2b8,906,6.8521,1
4c20f4a5,1478,6.8521,11
535d55d4,2817,6.8521,21
2ab1c29e,9249,6.8521,50
51776bbd,8517,6.8521,50
6f389767,11960,6.8521,84
375eb43c,2753,6.8521,21
7a360a6d,6854,6.8521,50
7c90fbae,4507,6.8521,21
45dae21d,8887,6.8521,50
2f9a4398,10275,6.8521,1
6d27ed03,1237,6.8521,11
16112682,11852,6.8493,74
449e457,3836,6.8521,21
7932f1c5,3885,6.8521,21
2b2f4415,11403,6.8521,74
349552c4,1432,6.8521,11
7f35735d,11853,6.8521,74
116719a7,8889,6.8493,50
4039e872,5903,6.8521,1
5e2481c3,700,6.8493,1
a5faec1,3589,6.8548,21
235c240c,524,6.8548,1
2c29326d,3801,6.8548,21
58ab368d,9236,6.8521,50
56f994b2,13202,6.8521,84
53331859,7966,6.8521,50
7a591fa6,1569,6.8548,11
7e187ac4,9217,6.8548,50
6de58426,950,6.8521,1
2127110a,9246,6.8548,50
63193d66,2677,6.8521,21
426adeb7,11855,6.8548,74
646c132,10849,6.8521,74
3c86682,7083,6.8548,50
11981693,6958,6.8521,50
1c80994c,11465,6.8548,74
5b66497,913,6.8548,1
2f6e9b4a,8755,6.8548,50
4646a34d,7058,6.8575,50
7710a735,1420,6.8548,11
37e009df,9197,6.8575,50
6f6f9765,8617,6.8575,50
6bd38244,7459,6.8521,50
1f1180c4,7188,6.8575,50
486345d6,10748,6.8575,74
7c33093,2663,6.8575,21
31e76e20,3370,6.8575,21
6a08179d,10606,6.8548,74
798cadb8,13485,6.8548,84
67555db2,3877,6.8548,21
2f08917b,13047,6.8575,84
46a63f3f,4493,6.8575,21
6dc9a916,12076,6.8575,84
4757efcd,1640,6.8548,11
5b2a6bf2,5389,6.8548,1
315963f,4565,6.8575,21
165f05e8,3079,6.8575,21
3fc55e77,5504,6.8603,36
3d1d53f6,11891,6.8603,74
36fe9f2c,1234,6.8603,11
7f2e2f38,8518,6.8575,50
4e2f37b9,2750,6.8603,21
46d2a075,2752,6.8603,21
6a8970d8,13510,6.8603,84
5dac10cf,3152,6.8603,21
eaed207,13444,6.8603,84
3cf9df49,3109,6.8603,21
42c6fa5d,12029,6.8603,84
7bc1b0ea,8752,6.8575,50
63e85d6d,10651,6.8603,74
5e7f03b7,13511,6.8603,84
2639dc95,11513,6.8603,74
402fbdd9,1613,6.8603,11
53d8de1d,3203,6.8603,21
727af23e,7190,6.8603,50
54be257d,13482,6.8603,84
3c8b960b,3805,6.8575,21
29b68fb1,1293,6.8548,11
1c6b3466,1638,6.863,11
cf863bb,1470,6.863,11
29482a94,7394,6.8603,50
4913ca78,11897,6.863,74
54451fec,3728,6.8603,21
1bef4b64,7533,6.863,50
731bde07,10766,6.863,74
240c8a16,1466,6.863,11
58ca5b04,3808,6.863,21
30922fcd,10632,6.863,74
391f9f12,10874,6.8603,75
14d985d0,3835,6.8575,21
dc6a5a4,12473,6.863,84
10df4ca7,10765,6.863,74
5445f167,1283,6.863,11
5edd9290,7519,6.8603,50
1b7f6156,1641,6.8603,11
1e130251,1642,6.863,11
43d080ec,11610,6.863,74
1ad57977,3874,6.863,21
1ddf762b,11386,6.8575,74
5a0a3d14,8534,6.863,59
38659f38,1168,6.863,11
a1ed3b6,12474,6.8658,84
6a0b6672,6625,6.8603,49
2d9b4c3f,7208,6.863,50
39939aeb,11317,6.8658,74
456c7d0c,11319,6.8658,74
a202380,1558,6.8658,11
74e5bb25,1274,6.8658,11
141c9f25,2460,6.863,1
271d2d7d,8039,6.8658,50
3672ac49,8589,6.863,50
368eb32,1745,6.863,11
26897d76,3996,6.863,21
2be0b6,487,6.8658,1
59ce4f05,4872,6.8658,1
1d3b1e75,11306,6.8658,74
7034b269,8751,6.8658,50
2f45c289,2658,6.8658,21
4581603,8823,6.8658,50
370a33b6,13382,6.8658,84
3724c2dc,3851,6.8658,21
4155784b,10928,6.8685,74
14272df2,11609,6.8685,74
1577e475,11360,6.8658,74
51db10d6,11959,6.8685,84
3ba6bd86,3067,6.863,21
16434fbd,9196,6.8658,50
3c3d454c,10639,6.8685,74
3569afbd,1273,6.8685,11
5720973,5516,6.8685,36
3b2d7e1b,8983,6.8658,50
379ff064,7455,6.8685,50
3d1c295a,7148,6.863,50
61dec4fe,8566,6.863,50
19329b3f,1570,6.8658,11
493ff3a4,11318,6.8658,74
1eb3637,1831,6.8685,13
1685ebc0,8984,6.8685,50
7a34ee04,12009,6.8712,84
1b63614c,2964,6.8712,21
2d771357,4491,6.8712,21
73f9ebf8,12008,6.8712,84
75f5d240,9242,6.8712,50
4c17ecd5,1235,6.8685,11
5c82d09c,2963,6.8712,21
1c5103b5,7335,6.8712,50
265c8afa,3136,6.8712,21
4c7e8d1a,1295,6.8685,11
fd88522,13489,6.8712,84
5986c269,7952,6.8712,50
23a7ccb,8686,6.8712,50
b4d6174,3156,6.8712,21
21a56e52,1278,6.8712,11
71b8591d,4452,6.8685,21
49161c6d,1830,6.8712,13
26ec1aac,6860,6.8685,50
149acef9,5054,6.8712,1
22f2dbd7,8763,6.874,50
46e339dd,6008,6.8712,1
7761f69e,13443,6.874,84
10545095,10847,6.874,74
44a229de,3502,6.874,21
3d2ea053,6838,6.8712,50
7bd1e420,10193,6.874,68
3fc28c2,6912,6.874,50
56451dba,3110,6.874,21
40c2bc4f,7905,6.874,50
1e210319,12030,6.874,84
7a71b264,11332,6.8712,74
75ce1366,8602,6.874,50
6aa51419,1651,6.874,11
4abb9ef9,2849,6.874,21
5725a75b,8164,6.874,50
8fd9bb7,7152,6.8767,50
762befdf,3774,6.874,21
600403c8,4450,6.8767,21
2243c60d,1232,6.874,11
4607d1d1,6844,6.8712,50
6ffb8bd9,8167,6.8767,50
2f21dfad,12475,6.8767,84
33a1f105,12466,6.8767,84
13ee17ea,7859,6.8767,50
5b41d26a,1236,6.8767,11
6b9fc51f,1556,6.8767,11
74a7647b,952,6.8767,1
58893ef6,9089,6.8767,50
79f45efd,3729,6.8767,21
499fb18c,2457,6.8795,1
1ac6576e,11160,6.8795,74
77a71f38,9940,6.8795,1
f64ce14,10757,6.8795,74
436017fd,10605,6.8767,74
1e0b2f80,10192,6.8767,68
4553890a,695,6.8795,1
3fcf6355,4266,6.8795,21
6de4674,8764,6.8767,50
1daea9e5,2655,6.8795,21
6d86cbe9,12469,6.8795,84
566624f0,5015,6.8767,33
443bbc23,9237,6.8795,50
38bfc0b,6107,6.8795,1
5ac93ea9,3730,6.8795,21
14b6f9a,3514,6.8795,21
18881134,693,6.8795,1
44bfdd8a,6864,6.8712,50
57909fc2,5014,6.8795,33
7090623d,1733,6.8795,11
41b29ab7,8720,6.8767,50
dfd1d15,8172,6.8795,50
7ed44c74,13383,6.8795,84
55a4ac2f,11320,6.8767,74
6f4d789c,7084,6.8795,50
3cf08438,7213,6.8795,50
59002306,7953,6.8822,50
29b529dd,11961,6.8822,84
2db82def,8873,6.8795,50
15d1bd24,3727,6.8795,21
4d11a48b,11936,6.8822,84
4dea9735,6007,6.8795,1
799ef8a1,11896,6.8795,74
21d11c32,6626,6.8795,49
39f1adb1,3513,6.8822,21
790473f8,8742,6.8822,50
604e10d2,7211,6.8795,50
4957a065,7333,6.8795,50
3b5115c9,3346,6.8822,21
7dff10db,8762,6.8795,50
273e372f,7166,6.8822,50
cca58e1,6899,6.8822,50
37e67b9a,7971,6.8822,50
4346a18b,1277,6.8822,11
46ba08f0,2751,6.8822,21
16b936c1,6620,6.8822,49
10ebc847,1472,6.8822,11
5062ee1,13486,6.8849,84
70dbd98d,5717,6.8849,1
14d54b6b,6621,6.8795,49
6269ea83,522,6.8849,1
740293b6,1271,6.8849,11
3a65d481,3915,6.8849,21
4d54eb5,3875,6.8849,21
29c5815e,3503,6.8849,21
49ba38f3,7911,6.8849,50
5d6f3c99,8741,6.8849,50
43a4b3f0,13035,6.8849,84
73616167,11315,6.8849,74
76abd124,8740,6.8849,50
59a0f32e,2459,6.8849,1
6ece02a2,3186,6.8822,21
4ae17016,10640,6.8849,74
32f35a74,943,6.8849,1
4be64905,6633,6.8877,49
1af99fff,9206,6.8877,50
43c4510,10848,6.8877,74
459cf441,11361,6.8877,74
4194d2c2,11323,6.8877,74
6d94267c,8637,6.8877,50
3bc44a56,13036,6.8877,84
bb8595c,11613,6.8877,74
361547dc,11512,6.8904,74
5db69cfb,7461,6.8904,50
7f2a55f0,1426,6.8904,11
23eaf87,1467,6.8904,11
33412baf,1473,6.8877,11
2ace416b,1621,6.8877,11
4376518d,10627,6.8904,74
6e5e19c6,7581,6.8904,50
54785bf1,7458,6.8904,50
ce58d0c,2935,6.8904,21
7d6e4f24,1014,6.8904,1
756c08b7,1754,6.8904,11
63ff8a8e,8925,6.8904,50
6360f966,4483,6.8904,21
28de8412,7972,6.8904,50
70be3c43,12470,6.8877,84
fcfbb8b,1749,6.8904,11
75519128,10170,6.8904,1
16c3163c,10846,6.8877,74
55fcff63,3350,6.8932,21
5ae48d97,1637,6.8904,11
564aa96a,3268,6.8932,21
e769d92,7843,6.8932,50
3eabe464,10624,6.8932,74
478afa48,9199,6.8877,50
753f123d,8221,6.8904,50
6a0fd384,7312,6.8932,50
bc9b138,3157,6.8904,21
18183fd1,4441,6.8932,21
6aa0ece1,5701,6.8932,1
21bbc8db,13402,6.8932,84
7ae80347,9284,6.8932,50
53f9f6e1,10620,6.8932,74
774b58dd,2968,6.8932,21
31cd677d,8891,6.8904,50
16447cb1,13445,6.8932,84
5c675241,7584,6.8932,50
66af80b1,11363,6.8932,80
4b0fa109,9885,6.8932,1
1123c19a,7334,6.8932,50
77306ca5,4484,6.8932,21
b98f627,10637,6.8904,74
79c2a506,8165,6.8932,50
fad52ea,11333,6.8932,74
6d00d0fa,3738,6.8877,21
346f186c,6947,6.8959,50
5bb133ba,5807,6.8959,1
7c5c6d99,7200,6.8959,50
54911647,13490,6.8959,84
20b01d34,3725,6.8959,21
4b5c8ed8,2863,6.8959,21
19fba790,1433,6.8959,11
192258ea,6847,6.8959,50
455d46a7,2458,6.8959,1
27d743b6,8680,6.8904,50
6524ba85,12471,6.8959,84
1bb1bf27,4268,6.8959,21
61fe8b81,8562,6.8877,50
4a21c2b7,4269,6.8959,21
414f3611,5016,6.8959,33
1677264d,13399,6.8959,84
6e0828e1,11898,6.8904,74
2e384737,8535,6.8959,59
6ac81c3d,3111,6.8959,21
e2ed360,2662,6.8959,21
7a75becd,12014,6.8932,84
520f50cb,7815,6.8986,50
7d6f354b,3560,6.8986,21
1ed8c53d,9344,6.8959,50
1102c42e,8928,6.8986,50
645533ba,8890,6.8986,50
4756d7b7,3812,6.8986,21
3b011bc7,11362,6.8986,74
4cbd5921,10634,6.8959,74
13a09d64,4986,6.8986,33
199e562d,1770,6.8986,11
17613736,3511,6.8986,21
1045a240,11400,6.8959,74
79a30d6e,13448,6.8986,84
23a95cac,9081,6.8959,50
6ec10c6d,8593,6.8986,50
34f5ae00,1812,6.8986,11
2a33f72f,6608,6.8986,49
1759078b,2860,6.8986,21
7e7c75f0,3187,6.9014,21
48ee2828,10607,6.9014,74
67605191,5510,6.9014,36
525f48dd,9933,6.9014,1
de57842,1771,6.9014,11
10ab4ffb,12205,6.9014,84
889a41d,690,6.9014,1
75a278a6,2515,6.9014,1
6f7a0e39,6959,6.9014,50
1e810338,10633,6.9014,74
5d13df6f,10915,6.8986,74
b802977,997,6.8959,1
7b929be7,4282,6.9014,21
17f6e946,8312,6.9014,50
310cc7f9,3137,6.8986,21
578dfe36,12015,6.9014,84
3368568b,12467,6.9014,84
6357e6b7,8780,6.8986,50
14a6bb0f,6848,6.9014,50
7b8447df,3747,6.9014,21
2c606459,11895,6.9014,74
142453ad,13203,6.9014,84
35fbece5,7286,6.9041,50
6c98ff3a,7202,6.9041,50
43f51c5c,5921,6.9041,1
757a96b4,5169,6.9041,1
1f8cc03a,12010,6.9041,84
34468dde,7196,6.9014,50
5fba70f6,6960,6.9041,50
7ed48283,9296,6.9041,50
6ceb2218,12468,6.9014,84
7200073,4479,6.9041,21
734cbca6,2934,6.9041,21
7884534,6108,6.9014,1
b39b8f3,9366,6.9041,50
51a3f38d,9941,6.9041,1
56075252,11334,6.9041,74
13e31c43,3553,6.9041,21
555bc0ec,949,6.9041,1
1baa6e51,8563,6.9014,50
2af00c94,3347,6.9041,21
6f1eeb69,7191,6.9041,50
77532ab4,8892,6.9041,50
7c593119,1434,6.9014,11
255ef02,11514,6.9041,74
778ed2de,8898,6.9041,50
39a6ad0d,10604,6.9041,74
3f9ee298,3586,6.9068,21
51f67955,9210,6.9068,50
64124b8b,4283,6.9068,21
6a67aabb,1564,6.9068,11
650b6df5,3917,6.9068,21
71986754,8681,6.9068,50
2dc9d9ee,907,6.9068,1
4f9721d3,7456,6.9068,50
39af65b9,8220,6.9068,50
775d3bc,3516,6.9068,21
64907c15,7153,6.9068,50
127f40ed,4443,6.9068,21
503f7db6,3517,6.9068,21
797eac3e,4564,6.9068,21
245f77b6,1421,6.9068,11
1e6917d0,944,6.9068,1
767954d8,1653,6.9068,11
5d00556c,1557,6.9068,11
51131dae,5920,6.9068,1
71257cb,2768,6.9068,21
3bf10c65,951,6.9096,1
64058542,9088,6.9096,50
2d320a01,2936,6.9096,21
70ae0fe7,9208,6.9096,50
430d1aa1,2850,6.9096,21
388bac63,7582,6.9096,50
b2a1d33,8567,6.9041,50
39d42c24,3809,6.9096,21
43cda681,7269,6.9096,50
7e12defb,3746,6.9096,21
1b9f8dee,6856,6.9068,51
4007c82b,4370,6.9096,21
30d0132,11336,6.9096,74
6e509704,3790,6.9096,27
65d6933,9942,6.9068,1
614a64eb,5801,6.9096,1
1f72ae79,1565,6.9096,11
75f0e224,10929,6.9123,74
f5dbdc2,4480,6.9096,21
18091958,1286,6.9096,11
2ad64b8e,7350,6.9123,50
20dd39cb,8591,6.9123,50
2fb829ac,1479,6.9123,11
524e0e36,11431,6.9096,74
2dd0efe,13403,6.9123,84
1a4faf10,1281,6.9096,11
7e4375a4,10621,6.9123,74
5315cef3,10190,6.9123,68
5a1eb8d1,11314,6.9096,74
77b47542,1480,6.9123,11
71885519,3813,6.9123,21
4c3ec5af,7532,6.9096,50
1b480f28,7271,6.9123,50
4c34ea04,11611,6.9096,74
7c98147e,2848,6.9123,21
1873f48,3063,6.9123,21
7618a6c6,7906,6.9123,50
579589b7,7217,6.9123,50
329492fc,3581,6.9096,21
444649c4,3954,6.9123,21
69fefac9,8311,6.9151,50
55f9386c,9211,6.9123,50
6d3c20e4,7954,6.9151,50
5ec67537,13438,6.9151,84
7b295ccd,11359,6.9151,74
651fc9d3,7220,6.9151,50
7939a744,996,6.9151,1
758e9387,1422,6.9151,11
447076cf,4277,6.9123,21
5fba6ec3,13502,6.9151,84
664582dd,7860,6.9151,50
280de293,8618,6.9151,50
6b0de1f7,8590,6.9151,50
6a9e45ba,1013,6.9151,1
3aa04052,9201,6.9151,50
431747fb,1282,6.9151,11
1aa88455,6839,6.9151,50
3862b391,6719,6.9123,48
2d1f8028,9209,6.9151,50
215f3f3e,7585,6.9151,50
25d970bb,6855,6.9151,50
3df2522f,8884,6.9123,50
6c3d9b79,8926,6.9151,50
2c0bc2dd,7457,6.9151,50
5a710d84,7160,6.9151,50
753d5fcf,5064,6.9178,1
718c5d9d,4509,6.9178,21
755bf442,13151,6.9178,84
5e4b4661,11963,6.9151,84
c047d01,7182,6.9178,50
13d89869,3204,6.9178,21
398b87b4,7876,6.9151,50
3df7a6aa,3814,6.9178,21
1f9a0b75,4570,6.9178,21
12342860,9100,6.9151,50
45f8f19f,10167,6.9178,1
20ab68b3,11875,6.9178,74
206948fa,2678,6.9178,21
2382c68b,3531,6.9178,21
271dad16,3271,6.9178,21
72531d35,3528,6.9205,21
132d03bf,2957,6.9205,21
11db6c4c,10930,6.9205,74
6ace7034,7164,6.9205,50
adb0f,7214,6.9205,50
7bc1104a,3726,6.9205,21
31b2ba72,6913,6.9205,50
286423a0,7844,6.9205,50
7ee04700,2966,6.9178,21
27d05fda,4371,6.9205,21
9aaa330,2965,6.9205,21
d505bd6,4461,6.9205,21
29951124,11856,6.9205,74
20655e95,10646,6.9205,74
5c41c5de,4489,6.9205,21
5340bb6b,7197,6.9205,50
525d9c16,3951,6.9205,21
58f73025,11408,6.9205,74
58c6f13e,3501,6.9205,21
a7ba0cd,13467,6.9205,84
5cb6c90a,9109,6.9205,50
62b543a6,3559,6.9205,21
d9501cf,9096,6.9205,50
2a3b3cc4,7879,6.9205,50
5abfb578,4265,6.9205,21
6078d611,11622,6.9205,74
302bd9bc,9202,6.9178,50
784b046c,3934,6.9205,21
25b5e29f,8308,6.9178,50
5d75f9d3,12011,6.9233,84
734e1aec,6857,6.9233,51
7ac69370,3556,6.9205,21
144e53ad,7460,6.9233,50
bbfd993,13496,6.9233,84
34864d2c,9285,6.9233,50
46cf910e,10758,6.9233,74
85cc7b4,7198,6.9233,50
6e692e29,6852,6.9233,50
6eb40c75,1731,6.9233,11
6880f1e5,6926,6.9233,50
527d4a1a,7841,6.9233,50
1b11db5f,8756,6.9233,50
3cf24686,7221,6.9205,50
1b4d2f57,3926,6.9233,21
74adfa02,9110,6.9178,50
4c385317,8767,6.9205,50
62d0ea60,12206,6.9233,84
109546fa,2455,6.926,1
1b71c71c,7289,6.926,50
b73d300,7992,6.926,50
57e334ea,7975,6.926,50
55d8992,1297,6.9233,11
603be0b3,3515,6.926,21
3b9b04c9,6720,6.926,48
5a23c8d8,5517,6.926,36
4fddfb4f,10936,6.926,74
2625fa3f,8893,6.926,50
1924a830,7534,6.926,50
2e63f41c,1298,6.926,11
40512c19,4267,6.926,21
5d05d6c4,2872,6.926,21
45276f60,8029,6.926,50
7da249a8,8309,6.926,50
4b5f04c5,9943,6.926,1
74dfb021,9086,6.9233,50
4806e3a2,11406,6.9233,74
3b46af90,7355,6.9233,50
54c65e59,1276,6.9233,11
5d91a258,2741,6.926,21
685e0f2c,3952,6.926,21
22f551bb,3876,6.926,21
2c41505a,11166,6.926,74
4a93f71d,3158,6.9288,21
1a400f75,11440,6.9288,74
1230ed0f,8682,6.9288,50
5ec1fed0,3273,6.9288,21
34d5bc93,3205,6.9288,21
61ab9e0b,11515,6.9288,74
7b0a1eec,3998,6.9288,21
81a817c,1169,6.9288,11
724814f1,908,6.9288,1
6e47dc17,1015,6.9288,1
776fc468,7416,6.9288,50
4a895748,8927,6.9288,50
615fcd8b,8765,6.9288,50
31a812d3,7353,6.9315,50
133f148f,3811,6.9315,21
47995a4c,8781,6.9315,50
1f28f582,11432,6.9315,74
38edcc0a,7536,6.9288,50
385eff48,2931,6.9315,21
27725e5d,11335,6.9315,74
56bdeeea,3529,6.9315,21
e6e5ab,11439,6.9315,74
5f6eac,4453,6.9315,21
4f8dfe40,7523,6.9315,50
7ab8d15a,1752,6.9288,11
2070a418,7150,6.9288,50
434baa59,8894,6.9315,50
171132aa,3060,6.9315,21
54685b0e,10625,6.9315,74
68e672d8,10749,6.9315,74
67f9d419,2928,6.9315,21
76e104ff,2954,6.9315,21
3c3df8e1,5292,6.9315,1
2a1b7443,7199,6.9315,50
7130b36a,10635,6.9315,74
117b1fab,2930,6.9315,21
f88874f,1832,6.9315,13
6a1de9cf,8173,6.9315,50
5c218caf,9101,6.926,50
2d695204,2861,6.9315,21
59360f20,7955,6.9315,50
863482d,3371,6.9342,21
12cf49b6,5511,6.9342,36
42dbfbb4,13043,6.9315,84
2e41c23d,6048,6.9288,1
58225793,8753,6.9342,50
4f3a81f2,1753,6.9315,11
25c57899,12017,6.9342,84
4c7dc9d8,1560,6.9342,11
4c632c0e,11488,6.9342,74
24895ecd,9238,6.9342,50
391207b3,10937,6.9288,74
379da1b8,10168,6.9342,1
62cbf819,3558,6.9288,21
39039b2c,7521,6.9342,50
25dc0c0c,9374,6.9315,50
7f96f96e,11489,6.9342,74
52b221e2,13446,6.9342,84
41ab9592,6609,6.9342,49
42a0ddb5,4459,6.9342,21
1b4e973f,4492,6.9342,21
5e374436,1279,6.9342,11
16228b17,1474,6.9342,12
aed4f99,6850,6.937,50
60acfd11,7890,6.937,50
8a0071b,8749,6.937,50
1de4ef05,11876,6.937,74
52aba113,3590,6.9288,21
46a75826,1750,6.937,11
3d333316,11670,6.9315,74
5941d672,953,6.937,1
5bb9947e,1275,6.9342,11
54151523,12077,6.9342,84
49782c7e,2865,6.937,21
701a2734,9247,6.937,50
27bf9d03,9102,6.937,50
30b2e7ee,2926,6.937,21
17e64db7,8985,6.937,50
69d329fe,3138,6.937,21
4c7250d6,10647,6.9288,74
752ce268,11859,6.937,74
6df0fdeb,10935,6.9342,74
367c32d3,12032,6.937,84
11562e65,4462,6.9397,21
4f7c2879,1016,6.937,1
395c066f,3960,6.937,21
25099bd8,9207,6.9397,50
7234df00,11473,6.9397,74
5231e225,5815,6.937,42
7ca027fa,10916,6.9397,74
151ea4ed,3532,6.9397,21
d7d51a8,11447,6.9397,74
4186b591,8313,6.9397,50
1cfb574e,3190,6.9397,21
61193cdc,9248,6.9397,50
54804870,4597,6.9397,21
1dd3f345,990,6.9397,1
6d797a16,13038,6.9397,84
759ec24a,13458,6.9397,84
568c8e7b,8721,6.937,50
3319ba90,1566,6.9397,11
12b96419,11441,6.9425,74
1b4e9ff3,3351,6.9425,21
1b18a82e,11466,6.9425,74
1c275771,9212,6.9425,50
1b300b8c,3723,6.9425,21
1fa84a2d,11407,6.9425,74
619bbe72,11669,6.9425,74
ec514b5,7840,6.9425,50
bbbf689,9087,6.9425,50
287f56c3,1296,6.9425,11
75db88c3,7165,6.9397,50
498fc024,10169,6.9397,1
68958965,8718,6.9425,50
6fc9151c,10650,6.9425,74
71674309,2958,6.9425,21
1c6aa100,7880,6.9397,50
3dd29f68,3530,6.9425,21
254f4976,1454,6.937,11
14e68581,9103,6.937,50
235fe9d9,1652,6.9425,11
419795b,1813,6.9425,11
2d198f6f,12477,6.9425,84
37275958,10934,6.9425,74
df3cdc0,4454,6.9425,21
513efc86,10217,6.9425,68
616b10b2,12502,6.9425,84
478f6fe9,2654,6.9452,21
1e22945b,7399,6.9452,50
7fa10207,10768,6.9452,74
6caf4dfe,7863,6.9452,50
4a535621,5713,6.9452,1
40d9937c,7167,6.9452,50
379f105a,9293,6.9452,50
622bc8cb,8568,6.9452,50
13bd5eef,13487,6.9452,84
717bd3bc,1017,6.9452,1
7db5ec9c,10652,6.9452,74
32e72eb0,12012,6.9452,84
589b852d,7535,6.9452,50
7c5adf55,915,6.9452,1
6b8afa1a,7956,6.9452,50
71bb3916,914,6.9452,1
77d25bb1,2959,6.9452,21
255198db,8175,6.9452,50
2e48b06f,8687,6.9452,50
2a7eea66,10931,6.9452,74
4f14234b,5718,6.9425,1
66aaed32,1475,6.9425,11
d0af240,4571,6.9479,21
507a145d,3068,6.9479,21
5121232b,4566,6.9452,21
3e1a7b62,1285,6.9479,11
f68d2ee,8550,6.9479,59
552ab9b1,1723,6.9479,11
55f287b5,3391,6.9479,21
7a4dd519,1468,6.9479,11
6763bc29,11475,6.9479,74
47aaa8da,954,6.9452,1
385e3702,8222,6.9479,50
2f60a295,7415,6.9479,50
71e87d45,3591,6.9452,21
40924180,2664,6.9479,21
718fb5f8,7520,6.9452,50
30015b53,13400,6.9479,84
79ae9c76,9295,6.9507,50
30291238,11143,6.9507,74
4b1ec453,3065,6.9507,21
278a9632,7816,6.9507,50
473288bd,8768,6.9507,50
14a603ee,1751,6.9479,11
7dd388cb,11388,6.9507,74
7093f62b,3139,6.9507,21
4d928836,3403,6.9479,21
39baf8be,9944,6.9479,1
1eb68659,4463,6.9479,21
7f42d094,6849,6.9452,50
100f43f9,1562,6.9507,11
4985baf6,4505,6.9507,21
632b69d1,11913,6.9507,74
81b1278,11307,6.9507,74
561ee639,3206,6.9507,21
a04c350,11144,6.9479,74
60fe5962,7864,6.9479,50
4f0eb2b8,3955,6.9479,21
4481d81,1724,6.9507,11
751b8975,1238,6.9507,11
3c959938,8877,6.9534,50
117d4cd6,7537,6.9534,50
10a7d3b9,3749,6.9534,21
280bd86,4457,6.9534,21
209b1d5b,8766,6.9534,50
46601c42,2680,6.9534,21
562c01ef,13401,6.9534,84
156b367a,9219,6.9479,50
78b83a88,1284,6.9534,11
17287644,7865,6.9534,50
7f53d494,1482,6.9507,11
39174530,4987,6.9507,33
f821884,5507,6.9507,36
78fcf181,7201,6.9534,50
36571f86,4567,6.9534,21
57c19aac,13086,6.9534,84
77b7ab7c,7977,6.9534,50
547c6ba1,11962,6.9507,84
4ba50f92,3188,6.9534,21
4580824f,1817,6.9534,11
35e9e4f4,7887,6.9507,50
3f51fd96,7154,6.9534,50
5556af59,3058,6.9534,21
1ecf74a9,7219,6.9534,50
4e677ecc,9893,6.9534,1
29d925b2,1756,6.9562,11
4a637684,8895,6.9562,50
b30077d,1471,6.9562,11
51291e61,7526,6.9534,50
1d0e64d0,9294,6.9507,50
74e853f4,2754,6.9534,21
449dfef2,7162,6.9562,50
6ebf508e,8195,6.9534,50
77e03da8,8879,6.9562,50
42d589ec,9105,6.9562,50
7c9fb1d5,5899,6.9562,1
e2b0c5e,8824,6.9562,50
5f2d9c49,7862,6.9562,50
54186ab8,11619,6.9534,74
54ad733e,991,6.9562,1
41af1746,7287,6.9562,50
40827205,6924,6.9562,50
18ca5ada,7218,6.9562,50
161ddfb7,3748,6.9562,21
51a81c5,5802,6.9562,1
25e1c6e9,3582,6.9562,21
1a6a75e8,7856,6.9562,50
49ab2efa,5519,6.9562,36
351ec16,3566,6.9562,21
31b3a01f,2819,6.9589,21
4efbf453,2665,6.9589,21
1a4eee4e,7163,6.9589,50
53420dda,13044,6.9589,84
63bc9fbb,7957,6.9589,50
438e25b6,8897,6.9589,50
6f11c680,8551,6.9589,59
2c069b2,11401,6.9589,81
41af88ed,10932,6.9589,74
733ea6fb,7151,6.9589,50
7a3cd2cc,7292,6.9589,50
61ebe83,9097,6.9589,50
6e57a4bf,7383,6.9562,50
12fa5bda,4504,6.9562,21
13f62dce,10767,6.9589,74
2ea337bd,3750,6.9589,21
28ac45ec,9090,6.9562,50
6848efa8,3505,6.9589,21
786ca152,2988,6.9589,21
8138880,3533,6.9589,21
4af23732,7281,6.9589,50
7ddbef0e,11471,6.9616,74
3712567c,7156,6.9616,50
26906327,12294,6.9616,84
7725989f,4497,6.9616,21
1888da99,6005,6.9616,1
4398351d,10927,6.9616,74
611901ff,2670,6.9616,21
449d1a16,11163,6.9616,74
1a9f5c0e,7285,6.9616,50
182db29d,11337,6.9616,74
31924e9e,3270,6.9589,21
16b3f146,11899,6.9589,74
5e8e05b,3568,6.9616,21
1d73af10,11857,6.9616,74
35887c63,7861,6.9644,50
4a766c71,6950,6.9644,50
46f983c2,2967,6.9644,21
8a003e6,6022,6.9644,1
2be54ad2,2461,6.9644,1
2bee6b91,4532,6.9589,21
3164f17f,5017,6.9644,33
21f7957b,12210,6.9644,84
39537b86,7085,6.9589,50
72237252,10628,6.9589,74
4c624140,10769,6.9644,74
3e17db87,11964,6.9644,84
38e105a4,3557,6.9644,21
600b43ca,8778,6.9644,50
76f2b9bd,3583,6.9644,21
545f63ae,3194,6.9644,21
642390a4,4490,6.9644,21
5e8c9af9,4876,6.9644,1
3dd0efc4,7290,6.9644,50
12bda9c3,3274,6.9644,21
6a63ad80,1561,6.9644,11
5082b967,8174,6.9562,50
6a16d27c,3607,6.9644,21
159a9d4c,8041,6.9644,50
4779b8a7,11390,6.9644,74
62623dd2,11161,6.9671,74
276ee978,8901,6.9671,50
38f3e223,11132,6.9671,74
5c8f421a,11903,6.9671,74
7b374adb,2462,6.9644,1
6da5d7c5,2853,6.9671,21
3a86c80c,7295,6.9671,50
49f9fe23,11478,6.9671,74
190cfb4d,8688,6.9671,50
58ac1b25,11914,6.9671,74
54e67e94,5294,6.9671,1
52688acd,998,6.9644,1
5bd75f01,1635,6.9671,11
18387ab,7993,6.9644,50
5e51d4de,2938,6.9671,21
3122a63c,5585,6.9671,36
2c40c55e,9218,6.9644,50
140d96c0,7888,6.9671,50
73f8480b,4494,6.9671,21
65d09a5b,4510,6.9671,21
67abeb14,3854,6.9671,21
4f10c98a,11387,6.9644,74
3753fd3e,7354,6.9699,50
65a53cf,13153,6.9699,84
7f682de8,2927,6.9699,21
67b9031d,4621,6.9699,21
6d089de8,7294,6.9671,50
2eaccaf9,4481,6.9671,21
6be781f,7857,6.9699,50
1b7c8c91,3272,6.9671,21
522e872c,3361,6.9699,21
7d20d79f,3207,6.9699,21
359321c0,3504,6.9699,21
22ad77a7,8732,6.9699,50
1fbe073d,6935,6.9699,50
4098d9ed,7516,6.9671,50
66292135,3567,6.9699,21
4e0fe19c,7270,6.9671,50
1dce8e40,6016,6.9699,1
31ff2118,6635,6.9699,49
a51e794,7889,6.9699,50
372ec17b,10875,6.9671,75
ee7d236,13088,6.9699,84
18a17e22,9345,6.9699,50
71f44ff8,7973,6.9726,50
39cb473f,6726,6.9726,48
3bd72fb5,9302,6.9726,50
782f7c64,10608,6.9671,74
6b6c5d2d,9027,6.9726,50
38b44437,5722,6.9726,1
5b251ea1,11967,6.9726,84
586a95fd,1004,6.9726,1
51662ee8,11162,6.9671,74
291aebf1,3140,6.9726,21
4be95d0f,2889,6.9726,21
38ca82c5,3584,6.9726,21
34033d5c,3189,6.9726,21
54f2445a,1429,6.9726,11
55727aee,9286,6.9726,50
39c2062f,3953,6.9726,21
14063596,8040,6.9726,50
529073d8,9104,6.9753,50
143e4b4f,10750,6.9726,74
45dc0fde,9301,6.9753,50
14f3d66e,3112,6.9753,21
3d2949a1,1430,6.9753,11
6c8e99f6,9287,6.9753,50
18a67117,7222,6.9726,50
4979df68,9223,6.9726,50
211f4e25,7514,6.9753,50
32f10bdf,11904,6.9699,74
4333308f,7919,6.9753,50
34a01d09,7976,6.9726,50
1f25ec43,7288,6.9753,50
1820f250,3159,6.9753,21
424d1e93,8536,6.9753,59
76b10b86,11493,6.9753,74
66d28f96,13488,6.9753,84
1202518e,7168,6.9753,50
46c6a6e7,13045,6.9753,84
924f7c9,11389,6.9753,74
76674913,7291,6.9753,50
57f99690,1654,6.9781,11
73784a35,3852,6.9781,21
deb92e7,7960,6.9781,50
7ee9fc23,1643,6.9753,11
7cf06e75,1644,6.9781,11
746f91f5,1428,6.9781,11
23e460ea,6023,6.9781,1
4d68ba3c,4372,6.9781,21
1c4565dc,3878,6.9781,21
2dfc8a93,2969,6.9781,21
5200da9f,9098,6.9781,50
1bce9fd5,1572,6.9781,11
5ab123b9,6639,6.9808,49
42379eb9,3357,6.9808,21
63426203,10797,6.9808,74
6dedd6b6,8564,6.9781,50
240c718a,13454,6.9808,84
23f3dae5,1645,6.9808,11
2028e04b,2666,6.9808,21
676f55e5,3061,6.9781,21
1931be13,2755,6.9808,21
6259846c,1814,6.9808,11
73eaeb9d,8743,6.9808,50
4e7333f7,8825,6.9808,50
3604bbf3,2683,6.9808,21
452c2aee,7538,6.9808,50
29beb8ca,9376,6.9781,50
34630065,4568,6.9808,21
10f1b377,7465,6.9808,50
474ad615,8030,6.9808,50
597505b9,5518,6.9808,36
56f1a656,3182,6.9808,21
1bee4ede,9258,6.9808,50
37a215ee,9114,6.9781,50
5d1d5e84,7842,6.9781,50
2a556266,6914,6.9753,50
3bbee347,4508,6.9808,21
52cfc250,8899,6.9726,50
7565b082,8769,6.9808,50
74a2aa1a,3181,6.9836,21
38cacb12,2769,6.9808,21
14bb5319,3592,6.9836,21
4c0200ac,8880,6.9836,50
2d11914c,2854,6.9836,21
43ed5da7,7958,6.9836,50
5e8e4b1,3585,6.9808,21
d80ed58,3961,6.9836,21
515b8b24,7384,6.9836,50
7061fbb2,3192,6.9808,21
5cba87db,1655,6.9836,11
5948907c,9288,6.9836,50
2474389a,5776,6.9836,1
53a85c20,11452,6.9753,74
5ea7ffda,11516,6.9836,74
216423d7,4498,6.9836,21
3cb29cf7,1280,6.9726,11
2dea8e1d,11442,6.9836,74
4cd2fd55,7527,6.9836,50
4ca81583,9222,6.9863,50
64556dc5,5018,6.9863,33
1db68d34,12476,6.9863,84
4655f382,10649,6.9836,74
4a5df2c6,2656,6.9863,21
529850d,10933,6.9808,74
2cdf77b1,13209,6.9863,84
45ff584b,1481,6.9863,11
609149f0,4464,6.9863,21
3a2dff3a,11364,6.9863,80
29d9a902,12018,6.9863,84
7ef95ecb,4485,6.9836,21
7e6c3177,9297,6.9863,50
416e13f1,9300,6.9863,50
2b5a1ce5,9299,6.9863,50
4f2f3135,1567,6.9863,11
5057462e,11900,6.9863,74
523afc80,13087,6.9863,84
6117264e,3724,6.9863,21
1a51b3bd,4495,6.9863,21
2c418f5b,8878,6.9863,50
46cdcacb,6634,6.9863,49
1eb0b10a,13101,6.9863,84
9eb253a,9091,6.9863,50
2970580b,4518,6.989,21
1c3547c,8770,6.989,50
59f94c38,7522,6.989,50
abba72,7587,6.989,50
2ee30380,2974,6.989,21
2d9bf39b,3853,6.989,21
1a608daf,11411,6.9863,74
4a72a92c,11519,6.9863,74
61691069,514,6.989,1
7a12d88c,3999,6.9863,21
64813f94,13501,6.989,84
3b65c1e1,13450,6.9863,84
122664bc,11479,6.989,74
571f02b,8314,6.989,50
7e9c08cc,13452,6.9863,84
138ce514,9289,6.989,50
673444d,5905,6.989,1
2751d3bb,7050,6.989,50
391575f5,4873,6.989,1
6603fe3f,9259,6.989,50
4dc59386,4511,6.9863,21
5188e75f,10784,6.989,74
786d2ade,3506,6.989,21
6a4542fb,12075,6.9918,84
3af3dedd,4964,6.9918,1
b7da596,2890,6.989,21
1dd919b9,8225,6.9918,50
33cbfdbc,7417,6.9918,50
389f6956,2671,6.9918,21
cf3eb06,2866,6.9918,21
4c6132f9,9368,6.9918,50
2a567ff6,3363,6.9918,21
7f17bfd4,13152,6.9918,84
6cafc0eb,4521,6.9918,21
4f435d41,7356,6.989,50
3e72578d,909,6.9918,1
7b287d69,10629,6.9918,74
2ab23252,7959,6.989,50
291cc17d,6927,6.9918,50
302ca267,7463,6.9918,50
720742a9,6865,6.9918,50
60bd7c9a,7059,6.9918,50
2f654ed9,7337,6.9918,50
7a8ffec8,8034,6.9918,50
714c9c6b,11496,6.9918,74
6173f359,7086,6.9918,50
32d5e93a,4506,6.9918,21
39071a56,7515,6.9918,50
3c919829,3956,6.9863,21
39ed58cd,4496,6.9918,21
4308d827,3816,6.9945,21
42964907,2770,6.9918,21
24ecfaf3,8223,6.9918,50
25b89192,7204,6.9945,50
155815dc,11494,6.9945,74
46201c8a,8598,6.9945,50
5d85ddf,3521,6.9918,21
640d68f7,1617,6.9945,11
31ae775f,2937,6.9945,21
77ace9ac,1571,6.9945,11
38b43f30,12074,6.9945,84
6dedf0a0,11474,6.9945,74
3ad8a63f,6610,6.9945,49
305d7423,2742,6.9945,21
3f98f80f,7867,6.9945,50
1038e4ef,9256,6.9945,50
7930e256,3815,6.9945,21
7d4e642c,11147,6.9945,74
6dbf13a0,11586,6.9945,74
36189e58,3918,6.9945,21
4eb85014,1018,6.9918,1
405932eb,3381,6.9945,21
1fd33fa6,13449,6.9918,84
556e1b53,9298,6.9973,50
253bb5fb,3838,6.9973,21
27f6b5f8,4442,6.9973,32
2b4269e2,7161,6.9973,50
2285c80b,12016,6.9973,84
5150dc85,11612,6.9973,74
794fb8b,11366,6.9973,80
52841497,7293,6.9973,50
15dfc7f4,13447,6.9973,84
2deaa1d4,13384,6.9973,84
2123e1f2,5803,6.9973,1
14b1efe,8569,6.9973,50
6ac08944,12209,6.9973,84
12dc71c9,10641,6.9973,74
2c4e2e11,8603,6.9973,50
752b6988,13512,6.9973,84
1b4f44c0,12080,6.9973,84
6aec3c59,3751,6.9973,21
370fa9b3,6840,6.9918,50
1946f1f3,8032,6.9973,50
7a6c894e,11517,6.9945,74
78cecf5f,7881,6.9973,50
73cb3aeb,1774,7,11
39434710,1619,6.9973,11
1d7423f2,12216,7,84
1724f0a2,8757,7,50
199e712e,10653,7,74
33a80c94,6949,6.9973,50
6d9dcb09,12503,7,84
20e1e57a,10642,6.9973,74
4a1ce749,5724,7,1
1a59f65c,3195,7,21
39a38e32,4524,7,21
140d0a0b,13210,7,84
2c774e36,10938,6.9973,74
312b4f7,9221,7,50
2e992d73,12208,7,84
6f8b2144,8224,7,50
b6ee48c,7913,7,50
1dfe1d29,4284,6.9973,21
b5db76d,7912,7,50
6c48e1c0,1755,7,11
107e2241,4278,7,21
3f6463ff,4522,6.9945,21
7d046232,13206,7,84
1b845420,9255,7,50
30e9f071,7892,6.9973,50
234f168,1835,7,13
5164b007,5295,7,1
f2f4deb,2955,6.9973,21
40e63305,4519,7,21
36332d7a,7203,6.9945,50
61a57054,13439,7,84
492629b5,7866,7.0027,50
3d365c1e,8694,7.0027,50
48830e46,10218,7.0027,68
67f4b2d1,10219,7.0027,68
1f67441b,7541,7.0027,50
5f793398,6730,6.9973,48
103e3d45,8750,7.0027,50
401fe03a,2679,7.0027,21
23fb0d2,5900,6.9945,1
275d6b12,1732,7.0027,11
46e8aea9,13451,7,84
7949887e,2929,7.0027,21
60f0ea5,1485,7.0027,11
4ac6f08d,11621,7.0027,74
4958929a,5577,7,36
7ce7f9b7,8736,7.0027,50
3c72d7ba,3587,7.0027,21
2e3aaa8,5578,7.0027,36
7f5c70e1,11134,7.0027,74
729de1d2,8744,7.0027,50
31f49477,3569,7,21
2e5dde0b,6920,7,50
329a6859,13453,7.0027,84
2f149ca9,8771,7.0027,50
3a56f210,9214,6.9973,50
7abbced7,11623,7.0055,74
331b28c4,11433,7.0055,74
1b02a979,701,7.0027,1
10f89f64,7336,7.0055,50
1d333919,9215,7.0055,50
39da911e,13102,7.0027,84
371dae3d,8697,7.0055,50
458fcada,3519,7,21
ad228d1,1239,7.0055,11
634a1405,11625,7.0027,74
67b51284,4456,7.0055,21
a8a2d0d,2932,7.0055,21
503c0627,12022,7.0055,84
62762479,5901,7.0055,1
11998d57,11472,7.0055,74
63e5ca19,11145,7.0027,74
5e737369,11871,7.0082,74
2c0bc5d3,2855,7.0082,21
77b2671a,1170,7.0082,11
45aeafa1,1759,7.0082,11
478f5af5,3183,7.0082,21
af7e51f,5066,7.0027,1
5835958,13459,7.0082,84
78a08ccf,5293,7.0027,1
1cceae76,1241,7.0082,11
21ab07e8,1486,7.0055,11
1441c1df,3518,7.0055,21
687bf16c,6024,7.0082,1
1af4f0b,4974,7.0082,1
78428c91,7272,6.9945,50
6217e57f,10963,7.0082,74
1904dbd2,8779,7.0082,50
55d098c0,7517,7.0082,50
2efc4266,11518,7.0082,74
4236652c,8196,7.0082,50
1f575c08,3958,7.0082,21
1f6ab78,7845,7.0082,50
1d17ffc8,7524,7.0082,50
4e10c1ba,4525,7.0082,21
233456c,6866,7.0082,50
735d5f03,7542,7.0082,50
7ffee53c,10850,7.0082,74
1f9fa041,13154,7,84
7dc39215,7868,7.0055,50
337b7e07,6867,7.0082,50
4ece61ee,6841,7.0055,50
56cffa7c,11490,7.0082,74
276b38d7,13208,7.0082,84
1e9afc0e,7478,7.011,50
61ac294,8638,7.0082,50
46df9f9d,2960,7.011,21
4c08829a,8570,7.011,50
4ab16456,11906,7.0082,74
1f263013,6951,7.011,50
5f2753a2,6948,7.0082,50
35fdae99,10774,7.011,74
36133591,7351,7.0082,50
7fa0c5d1,6017,7.011,1
2ffeb6d3,7418,7.011,50
176ad97,4512,7.011,21
2e66bf95,1760,7.011,11
571179c5,3374,7.011,21
25c5fb6a,9111,7.011,50
d0305da,9106,7.0027,50
5d99609e,3625,7.0082,21
5b77fee7,13039,7.011,84
392d1bf8,12295,7.011,84
22ac815f,11620,7.011,74
a1c8f50,8031,7.011,50
7e2f1b9e,6727,7.0137,48
6b97fc54,956,7.0137,1
2d4b42f0,9945,7.0137,1
5b79adaa,9367,7.0137,50
3ab4d805,12478,7.0137,84
3cb02ec6,5170,7.011,1
2c7dca9f,10751,7.0137,74
7cd41075,6952,7.0137,50
7aa1079a,2956,7.0137,21
2e0031c6,3356,7.0137,21
195dba6b,2672,7.0137,21
3268b0f3,8696,7.0137,50
2e6ce87f,11860,7.0137,74
6ee35973,13204,7.0137,84
1c8c0ee2,7283,7.011,50
3623a96d,1240,7.0137,11
332d82b4,6728,7.0137,48
44b5430a,5580,7.0137,36
3069a22e,1487,7.0137,11
18ff8f55,3957,7.0137,21
19b6f750,7051,7.0137,50
6eedd10d,3372,7.011,21
4cee51df,7183,7.0164,50
138952d4,11584,7.0164,74
7dcafebc,10759,7.011,74
24ac47a3,11905,7.0164,74
26206172,2901,7.0164,21
6907252f,7060,7.0164,50
4f5bf9,3624,7.011,21
3e918286,11943,7.0164,84
67576872,9403,7.0164,50
4d42553a,11133,7.0164,74
37284ff8,3754,7.0137,21
51f7e29,2774,7.0164,21
59578200,3887,7.0164,21
663f795,6636,7.0164,49
73412f2e,1734,7.0164,11
dd1f959,4874,7.0164,1
68f33d61,9220,7.0164,50
1222186a,13497,7.0164,84
7135b0b5,10950,7.0164,74
b77d9e2,2873,7.0164,21
9eef2e4,7513,7.0164,50
7807ce8d,13644,7.0137,84
246b6920,11495,7.0164,74
11660c86,955,7.0192,1
6fe1a59c,8571,7.0192,50
29d46d4b,3193,7.0192,21
6363b75b,3561,7.0137,21
56093338,12748,7.0192,84
772a0743,8733,7.0192,50
1505817f,3066,7.0192,21
1fb118a1,8599,7.0192,50
3e689c,7978,7.0192,50
270977c7,4533,7.0164,21
1ebe1420,3390,7.0192,21
9dd7346,3520,7.0164,21
7ad48069,8986,7.0192,50
33e824f,2516,7.0192,1
787e6e5e,13503,7.0192,84
1adb6554,13645,7.0164,84
44d269ae,3997,7.0219,21
290dfc20,10949,7.0219,74
76972a01,2991,7.0219,21
228a7bc1,2772,7.0219,21
633a4b01,4444,7.0219,21
3472c1d1,9290,7.0219,50
7258c783,7539,7.0219,50
37dee7a,8992,7.0219,50
5263dcc,8310,7.0219,50
3fe19a6d,999,7.0219,1
32aecf57,3562,7.0219,21
294be66e,8194,7.0219,50
29af32ed,3208,7.0219,21
10f0ec9a,1615,7.0219,11
d4991e0,7466,7.0219,50
409d6c92,3593,7.0219,21
242045d8,11149,7.0192,74
48c27118,4883,7.0192,1
cd2cb20,10648,7.0219,74
1b51621c,9056,7.0219,50
3d79ea2b,10876,7.0219,75
3e367214,7052,7.0219,50
66e8162d,11585,7.0192,74
7cf94a1b,7284,7.0219,50
6c28861a,1735,7.0247,11
7826ad64,8683,7.0247,50
1ef20106,8552,7.0247,59
436dc737,3165,7.0247,21
380d258b,13404,7.0247,84
e120903,6842,7.0247,50
26a2468d,7313,7.0247,50
a1e01bd,5173,7.0247,1
28d6996e,1616,7.0247,11
7926c082,12023,7.0219,84
67e294b4,4886,7.0247,1
66f9ccdb,5719,7.0247,1
53c020eb,957,7.0247,1
77ad54b1,9391,7.0247,50
4f41ce14,3523,7.0247,21
ac35ae,8572,7.0247,50
7398563b,3889,7.0247,21
218df7db,2961,7.0247,21
60fdac90,9115,7.0274,50
11de464,4988,7.0274,33
300553f2,13460,7.0274,84
7461967d,526,7.0274,1
7e785906,11412,7.0247,74
7c952e60,4975,7.0274,1
7ffda56c,7858,7.0247,50
736cf375,1936,7.0274,13
1d3c07b8,9082,7.0274,50
1adca607,3935,7.0274,21
73c5d2e,4460,7.0274,21
3bb094a6,7525,7.0274,50
2f532ffe,9404,7.0247,50
52affc6b,5410,7.0274,36
371f0e3d,11872,7.0274,74
835b9dc,3522,7.0274,21
3e2f4bfb,9894,7.0247,1
134ea4f1,9250,7.0274,50
5cef2e43,3275,7.0274,21
ce0a986,7092,7.0274,50
79b1975b,12314,7.0274,84
6a260950,13090,7.0274,84
4599fce5,3175,7.0274,21
3d857b05,2902,7.0274,21
5b8a3968,11393,7.0274,74
7eb2996c,4885,7.0274,1
6ebacca3,8628,7.0274,50
50113fcf,9026,7.0274,50
b4cc2ae,3507,7.0301,21
1d07cd91,10282,7.0301,1
174cf620,11624,7.0301,74
7d5f745c,4884,7.0274,1
106b90eb,2684,7.0301,21
67f5021f,7061,7.0301,50
63ec09b5,13498,7.0274,84
3323bc32,2989,7.0301,21
20279a82,8226,7.0301,50
43aeb180,3594,7.0301,21
19630458,3352,7.0301,21
45d5d03d,5581,7.0301,36
2c5bf473,1488,7.0301,11
975eca4,1444,7.0301,11
7d15e1bf,13648,7.0301,84
27991394,11434,7.0301,74
118d9456,10851,7.0301,74
7ab2ea62,2993,7.0301,21
5f728936,9260,7.0301,50
5c84295c,6109,7.0301,1
33ee84eb,7054,7.0301,50
48a99848,7529,7.0329,50
4e3c99e4,11467,7.0329,74
23b08bbb,8993,7.0329,50
40a1538d,13211,7.0329,84
63a4882a,3179,7.0329,21
5e838858,4000,7.0329,21
7b993b4d,7357,7.0329,50
198d86bf,9377,7.0329,50
33d4cfd3,2771,7.0329,21
4ccff63b,1313,7.0301,11
149e6741,5072,7.0301,1
5c8adf62,1171,7.0329,11
52c6754c,4598,7.0329,21
569decc2,8238,7.0301,50
13733b5e,11367,7.0301,80
6b29482f,1024,7.0329,1
235030d0,13265,7.0301,84
4faad19f,1576,7.0329,11
36efd93e,1656,7.0301,11
51ac04cd,8695,7.0329,50
480b2a28,11151,7.0329,74
686e09c6,11409,7.0329,74
4a9a62ab,2971,7.0329,21
27464ef,3184,7.0329,21
33cf9200,11873,7.0329,74
7b5e7d4a,9144,7.0329,50
2bf79d86,10917,7.0356,74
32e13d69,5411,7.0356,36
139374c6,1287,7.0329,11
345ffcaf,2962,7.0356,21
3c3c7314,13491,7.0356,84
7f95a88a,7540,7.0301,50
2f51dbe3,3382,7.0356,21
5c03bb26,1288,7.0356,11
4b0f168d,9319,7.0329,50
1db658fe,8782,7.0356,50
703e70f0,4523,7.0356,21
78831f75,8366,7.0356,50
a909308,9369,7.0356,50
92adb5a,1772,7.0356,11
693215bd,13385,7.0356,84
a837512,2975,7.0356,23
12df8f52,5304,7.0356,1
1c5956d2,3879,7.0329,21
43f6be08,8929,7.0356,50
5af7e2f8,7053,7.0384,50
402b5fc,1620,7.0384,11
3a90c436,1607,7.0384,11
54db7929,13205,7.0356,84
2624aa6,3928,7.0356,21
7412a21c,2891,7.0384,21
2157995f,1837,7.0384,13
40953ed3,7155,7.0384,50
481f79dc,8717,7.0384,50
470253c7,2862,7.0384,21
6b312a8,7385,7.0384,50
5a9bc375,8537,7.0384,59
37404728,10654,7.0384,74
25c6c3a,1555,7.0384,11
57a516fb,4879,7.0356,1
36c64c51,4465,7.0384,21
5a412cc,10760,7.0384,74
60104b3e,8594,7.0384,50
2defc23f,1608,7.0384,11
506de5d4,8597,7.0356,50
2f8033ec,7894,7.0384,50
2ba04689,13386,7.0384,84
eb70343,7543,7.0384,50
31cb0404,3608,7.0411,21
1f7a4e82,3609,7.0411,21
36c7c7ea,3919,7.0411,21
dc676a,7419,7.0411,50
6c7c9134,1618,7.0411,11
695ea851,1815,7.0411,11
241df5a6,13089,7.0411,84
7e857d82,10983,7.0411,74
2c6d9e58,10918,7.0411,74
4f695b88,3373,7.0411,21
53e96e14,3929,7.0411,21
1892010a,13076,7.0411,84
77cea102,2674,7.0411,21
58cdc31e,3174,7.0411,21
5d7d7694,10210,7.0411,68
457c3ae1,8745,7.0384,50
4d6ef915,13418,7.0411,84
7b0d0695,11901,7.0411,74
4df216b6,7884,7.0411,50
71705d0a,2773,7.0438,21
69fd86db,6725,7.0438,48
53e16ca0,3890,7.0438,21
40cbf1e7,12299,7.0438,84
3c60ff9f,8033,7.0438,50
1d5118ee,9107,7.0438,50
587c1cdb,13440,7.0438,84
189f9ec1,3185,7.0438,21
53afd35,11902,7.0438,74
1b5d339c,1019,7.0438,1
4043651e,9112,7.0438,50
5f18f038,8641,7.0411,50
4a9b155d,4001,7.0438,21
323e1ca0,10798,7.0438,74
2e96f359,4381,7.0411,21
75261800,9257,7.0438,50
180a1b69,5723,7.0438,1
6da7bfac,13226,7.0438,84
7f847eb8,5172,7.0438,1
6691462a,3191,7.0438,21
2332b4e0,8553,7.0438,59
733835f5,11146,7.0384,74
2f15f494,10781,7.0411,74
167a838,7994,7.0438,50
4359474a,5520,7.0466,36
593031e,2681,7.0411,21
4c412c38,9303,7.0466,50
757a7e75,5019,7.0466,33
475f7ab2,12185,7.0466,84
476e8799,11443,7.0438,74
4e04fb29,5171,7.0466,1
4a8456d0,3358,7.0466,21
53dc5333,6868,7.0466,50
682bad4a,11435,7.0438,74
549dd017,9390,7.0411,50
67fcd752,6025,7.0466,1
e48a537,4383,7.0466,21
3bbc0849,3113,7.0466,21
19b7a41,10609,7.0466,74
dc7b67,11614,7.0466,74
4b760756,7087,7.0466,50
31701b31,992,7.0466,1
61f6aca1,11520,7.0466,74
1053a031,5175,7.0466,1
4ac09908,9353,7.0466,50
2924c474,11371,7.0466,80
67e80a2c,13406,7.0493,84
52133ab1,7914,7.0493,50
314ad2a8,1657,7.0493,11
5fcc4aea,3962,7.0466,21
110a80c2,1489,7.0493,11
1e02e1f3,5521,7.0493,36
550f9630,3197,7.0493,21
6991220,7979,7.0493,50
521bfe70,11150,7.0493,74
68290d61,4361,7.0493,21
2d609c36,7358,7.0493,50
2787d3cb,11879,7.0493,74
2464ed10,13405,7.0493,84
d7341ba,3570,7.0493,21
2d111770,11394,7.0493,74
4b9afc8,7400,7.0493,50
7b6de22,4601,7.0493,21
3d0107c9,8783,7.0493,50
61fe5531,7359,7.0466,50
595be08b,7055,7.0466,50
10df21ff,3817,7.0493,21
7c860dcb,7223,7.0466,50
35500e03,8239,7.0493,50
7cde308e,13646,7.0521,84
4da8a6f9,1314,7.0493,11
2411b66a,12211,7.0493,84
110494fd,5174,7.0493,1
5cfcf8a0,7157,7.0521,50
240c56c5,3277,7.0521,21
4c89a834,7093,7.0521,50
1c539c13,1316,7.0521,11
14447e0e,8624,7.0521,50
3dcf380a,9263,7.0521,50
34c5d6c7,3752,7.0521,21
26dc56e6,1761,7.0521,11
8d9e032,3652,7.0521,21
86a463e,13649,7.0521,84
3fe9ed33,5922,7.0493,1
7ba29dac,4469,7.0521,21
43a7e53b,3176,7.0521,21
4d41401e,8939,7.0521,50
3c3d2a9a,2456,7.0521,1
66bcd095,8904,7.0521,50
16cc2904,1836,7.0521,13
796c898c,3764,7.0521,21
75e10f38,3564,7.0466,21
554fb39f,12313,7.0548,84
2c5015c1,12078,7.0548,84
2ce850a6,2940,7.0548,21
5b9bc836,13504,7.0548,84
46a60a20,12186,7.0521,84
6af4e128,8737,7.0548,50
477f1b0,1000,7.0548,1
1285370,9213,7.0548,50
77a9be7f,3959,7.0548,21
3a19fc03,7480,7.0548,50
1586081,2990,7.0548,21
42280009,6640,7.0548,49
6b332cc6,4520,7.0548,21
78c80475,3563,7.0548,21
d44168b,8730,7.0438,50
4fda23ca,13046,7.0548,84
4d705a70,8930,7.0548,50
75a31407,11498,7.0548,74
587ea476,7462,7.0548,50
46a418c0,6729,7.0548,48
9c869be,11948,7.0548,84
64a657ac,9378,7.0548,50
5e5bf75,11372,7.0548,80
4956025a,11626,7.0548,74
2f5271a8,4362,7.0548,21
55dc620c,10775,7.0521,74
35cfc3d1,3276,7.0548,21
651d6865,9145,7.0548,50
607c427b,7282,7.0521,50
33d0585d,3375,7.0575,21
4a6dc8af,7583,7.0575,50
760e3f7b,8900,7.0575,50
785e2f9f,10951,7.0575,74
7a27d18d,7893,7.0575,50
e23f800,8541,7.0575,59
49fd8279,6611,7.0575,49
6d710359,4537,7.0575,21
6a831c6b,11671,7.0575,74
47edf0cc,1934,7.0575,13
6328e473,5721,7.0575,1
2f80ca17,11525,7.0575,74
46e35c25,2867,7.0575,21
236de46b,1502,7.0575,11
517fc429,8539,7.0575,59
75d0b909,6721,7.0575,48
daa4601,10195,7.0575,68
290ed1e2,1001,7.0575,1
650c2614,11861,7.0575,74
4afdf810,10631,7.0548,74
54ba6e5b,4599,7.0575,21
53cdee73,10630,7.0575,74
3a9508b7,8227,7.0575,50
4a5de68d,9291,7.0603,50
6411c09c,4877,7.0603,1
654b5fc6,11874,7.0603,74
6173f9fd,3161,7.0603,21
446ba0bb,11491,7.0575,74
56a9d831,11391,7.0603,74
69a3184d,3385,7.0603,21
120111d3,4279,7.0548,21
1761b895,13650,7.0603,84
e96acba,8545,7.0603,59
16668509,2756,7.0603,21
677696f8,8646,7.0603,50
7dc92f93,10194,7.0575,68
4601afec,11468,7.0603,74
646d24e8,5720,7.0603,1
377fbfcb,1818,7.0603,11
3feab00,7088,7.0603,50
48cb0a5c,10761,7.0603,74
458c3dc9,10610,7.0603,74
51ab5631,1581,7.0575,11
f474354,11526,7.063,74
79975f17,3534,7.0603,21
699e3393,10947,7.063,78
4d58291c,2941,7.063,21
78b08e00,7883,7.0603,50
3b9c09e6,3198,7.063,21
25b51460,8719,7.063,50
1c99e6e7,7360,7.063,53
2306a7ad,2760,7.0603,21
2f1a6a18,4526,7.063,21
53263175,10171,7.063,1
6c39e357,11148,7.063,74
82ed1ce,1445,7.063,11
1e8334a9,6637,7.0658,49
2e802e66,1305,7.0658,11
62b5d7cb,11947,7.063,84
7aef71,13207,7.063,84
7e24ee11,2892,7.0658,21
520e6316,11365,7.0658,80
7905ab00,2868,7.063,21
6dbd20b9,11937,7.0658,84
153cde7a,13095,7.0658,84
35c23064,11368,7.063,80
621450ca,11153,7.0658,74
e918809,7891,7.0658,50
3b997eff,7236,7.063,50
6f108f27,3769,7.0658,21
4b75c3b1,13456,7.0658,84
ba74815,5908,7.0658,1
7b39b118,8734,7.0685,50
103b60ef,13249,7.0685,84
75364112,9392,7.0685,50
3f4fb81c,3572,7.0685,21
44604841,4600,7.0685,21
726790a4,1290,7.0685,11
3eb69766,2675,7.0658,21
115efa1a,12207,7.0685,84
14809824,8538,7.0685,59
3990ba1f,10196,7.0685,68
7e6942ee,11480,7.0658,74
388d2f22,13252,7.0685,84
76216a27,4994,7.0685,33
4a5d76be,8625,7.0685,50
7e172329,11369,7.063,80
2f32f7f6,10952,7.0685,74
52bfd065,1315,7.0685,11
1010086d,9004,7.0685,50
7376a40a,7980,7.0685,50
343fdf26,11499,7.0685,74
c0a0310,13103,7.0685,84
201ac60c,3880,7.0658,21
3ed8a10d,11139,7.0685,74
7e9af900,4878,7.0685,1
358a3585,4373,7.0658,21
660a60f1,3565,7.0712,21
41b32d62,8540,7.0712,59
2c8645f9,12019,7.0712,84
497695b9,9318,7.0712,50
70c8d1fa,7172,7.0712,50
6145349,7895,7.0712,50
332ca692,3963,7.0685,21
2d9b9483,5065,7.0658,1
1beac7cb,7170,7.0712,50
3f4041e4,13048,7.0712,84
1e3156d2,3392,7.0712,21
46d5e9cd,3386,7.0658,21
481a7a5d,10783,7.0712,74
698e78a8,3886,7.0685,21
3b32f73d,7544,7.0658,50
18c0c696,6731,7.0712,48
4ff40412,11141,7.0712,74
2363e3d0,8698,7.0712,50
55d98eda,3362,7.0712,21
682bbae4,1582,7.074,11
5bf7503a,9057,7.074,50
727ac471,4286,7.074,21
6c9048de,1819,7.074,11
7526b4c8,3599,7.074,21
4413e13b,5176,7.074,1
40efdc12,4580,7.0712,21
6412c132,959,7.074,1
a2ab3d6,13469,7.074,84
4aeac6af,2775,7.074,21
74db8cac,3775,7.074,21
6b2c854,9393,7.0712,50
59597f57,10626,7.074,74
198079d3,6961,7.074,50
459a156d,13499,7.074,84
6d8c4f9e,11453,7.0685,74
5c313c72,3278,7.074,21
7decca13,1289,7.074,11
6fdda13e,10782,7.074,74
7a79f0d5,9320,7.074,50
7506b0bb,13104,7.0767,84
6ea1405a,3404,7.0767,21
6c77d8e1,8905,7.074,50
593d62e2,7467,7.0767,50
197e8216,9005,7.0767,50
7d39a2f3,12060,7.0767,84
2fdbcd65,1319,7.0767,11
26984e73,9002,7.0767,50
1d43900e,4377,7.0767,21
7040df82,13455,7.0767,84
40ded543,2824,7.0767,21
5bb21529,4513,7.0767,21
319f88d8,11877,7.0767,74
30ddbd05,12026,7.0767,84
4697c853,10763,7.0767,74
7055690f,3281,7.0767,21
569f8268,9034,7.0767,50
3dc1f695,1622,7.074,11
602951bd,10172,7.0767,1
6714ba7,7386,7.0767,50
1884c8bb,4002,7.074,21
65836511,7297,7.0767,50
4342d7b5,3937,7.0795,21
7105f416,3855,7.0795,21
5ad26739,7586,7.0767,50
5b0be732,12327,7.0767,84
65742df8,4486,7.074,21
70c3db72,5582,7.0795,36
30dea19c,9033,7.0767,50
6e2546d5,13468,7.074,84
79e4d7da,3940,7.0795,21
6a930e54,12024,7.0767,84
2e4ce513,12328,7.0795,84
6b5b7307,1496,7.0795,11
2f0c9357,13227,7.0795,84
5d9fc94c,3177,7.0795,21
14b2cb91,4382,7.0767,21
2441514b,4384,7.0795,21
6f1cf8bf,11942,7.0795,84
4cea89b9,2673,7.074,21
4e062df6,13130,7.0795,84
6063e674,11454,7.0795,74
51c986e9,13647,7.0795,84
708dc839,10283,7.0795,1
f9b3243,4378,7.0822,21
70342582,8997,7.0822,50
9e10c58,2981,7.0822,21
1733c15d,8738,7.0822,50
1fdf9bdf,6937,7.0822,50
41ece0d2,11497,7.0795,74
10a5d558,13514,7.0822,84
112788d8,13674,7.0822,84
3edb1338,6936,7.0822,50
6a1eae,3353,7.0822,21
65506712,7298,7.0822,50
49345152,7205,7.0822,50
2da63733,7974,7.0822,50
753b045b,13408,7.0795,84
9c12bc5,3777,7.0822,21
6fe5bb16,3571,7.0822,21
3f2a472a,4379,7.0822,21
23a9f053,6954,7.0822,50
3acd9c79,1320,7.0795,11
7dd30703,13462,7.0822,84
426fdc5e,6009,7.0822,1
233678e0,8699,7.0849,50
61495a9b,3215,7.0849,21
6c27bab,11589,7.0849,74
c37428f,3377,7.0849,21
60f01032,13075,7.0795,84
701195b4,9001,7.0822,50
5b2784af,7401,7.0849,50
6d32867e,9000,7.0849,50
da36a6a,3776,7.0767,21
71e3e25f,5067,7.0822,1
16060230,9346,7.0849,50
12cd1c86,11164,7.0795,74
71087bf7,1757,7.0849,11
6f7e77f8,8542,7.0849,59
3a7c74b0,12034,7.0822,84
7998b047,7481,7.0849,50
17875431,9146,7.0849,50
77aa583f,11410,7.0849,74
215d6c56,12300,7.0849,84
31b6d373,1762,7.0849,11
2debb30a,9405,7.0849,50
3cc6ccbc,3393,7.0849,21
3becad1c,7920,7.0822,50
4bef3a88,7169,7.0822,50
3379b969,1291,7.0822,11
39d02096,3893,7.0849,21
5cde023a,2668,7.0849,21
670afefd,4628,7.0849,21
5503a3ee,7469,7.0849,50
2bcffad6,12758,7.0849,84
7bc17d7e,9035,7.0849,62
1323aba9,1646,7.0849,11
236e5226,13672,7.0849,84
1e629a6e,4887,7.0849,1
6bba9976,1020,7.0795,1
7ffec1d7,13523,7.0877,84
6d9a89dd,13096,7.0877,84
3f77d79d,1758,7.0849,11
16256069,7235,7.0849,50
19cc17e0,12750,7.0849,84
31874d39,11657,7.0849,74
7cad7d9d,11588,7.0877,74
6029c64d,2864,7.0877,21
5f678217,1497,7.0822,11
5e2d6d59,13441,7.0877,84
55480d20,8035,7.0877,50
7bfda26a,10854,7.0877,74
1869e038,11944,7.0877,84
5627df88,3753,7.0877,21
38c964f3,10206,7.0877,68
6b4b78d4,1838,7.0877,13
78d05e78,2779,7.0877,21
2d1b11c9,13266,7.0849,84
38af2847,3196,7.0849,21
356ed663,7352,7.0877,50
2ed733ca,1816,7.0877,11
79686e08,7206,7.0904,50
c88adb5,8689,7.0904,50
4d245173,11521,7.0904,74
5a7a727e,11653,7.0904,74
60584f17,7395,7.0904,50
29f4a3ac,4629,7.0904,21
4634c028,2757,7.0904,21
4a642e8,3388,7.0904,21
4f54a312,12749,7.0904,84
16186a02,7273,7.0904,50
6dd66d18,11152,7.0904,74
61b34acd,13417,7.0904,84
166e353,1779,7.0904,11
6b409c5e,7430,7.0904,50
1fb4410,13077,7.0904,84
515c37b,7090,7.0904,50
35208283,3837,7.0904,21
27abcbad,6612,7.0904,49
4ebe53c8,10859,7.0932,74
78f44d37,7530,7.0849,50
17399c1b,10785,7.0932,74
26bc20e5,10220,7.0904,68
731d40de,9128,7.0932,50
1aa017e9,7303,7.0904,50
40677c7f,7431,7.0904,50
1be5e92c,7528,7.0932,50
5c9959bd,13250,7.0932,84
469c0298,8643,7.0932,50
3d631ab0,12323,7.0932,84
9fb28b9,7885,7.0932,50
1fb9dc8a,4280,7.0932,21
39178527,11672,7.0932,74
389fba01,13500,7.0877,84
1c04be2f,4363,7.0932,21
4ceae3f6,8932,7.0932,50
1de63b6d,10919,7.0904,74
18ddbb4b,4627,7.0904,21
21118bb9,9383,7.0932,50
3aff293e,6962,7.0904,50
16ee405f,9947,7.0904,64
631ca62a,3210,7.0932,21
4efdb5b3,3160,7.0904,21
7aa25bc1,4374,7.0932,21
d88d38b,4622,7.0959,21
690096dd,1834,7.0959,13
6f2b5021,13092,7.0959,84
4cd8305a,3282,7.0959,21
3ea92fe8,12053,7.0959,84
41fef74c,3967,7.0959,21
707a6c1,3213,7.0932,21
6a5c7e82,11858,7.0932,74
5f4381b0,2939,7.0959,21
70b57ddf,11907,7.0959,74
529420e2,2820,7.0959,21
681fb5df,6869,7.0904,50
613e6e30,10770,7.0932,74
5b0c4187,7869,7.0959,50
22b32da6,11135,7.0959,74
7c8d54d7,5522,7.0959,36
30f7e0b6,11500,7.0959,74
51d39a22,7362,7.0959,50
3f518623,8037,7.0959,50
44776c8a,5523,7.0959,36
56aac5da,916,7.0959,1
7c30657c,7369,7.0932,50
6d4f1cb4,7420,7.0959,50
208089b5,7363,7.0904,50
5f6ca213,13212,7.0959,84
7f327437,11949,7.0959,84
3ec602b3,7062,7.0959,50
5f682831,4072,7.0932,21
4a5735d4,8596,7.0986,50
6ebec00a,5579,7.0986,36
54789bf4,3212,7.0986,21
4a4f18ea,7897,7.0986,50
39c57de2,7374,7.0986,50
7cb12ee1,2686,7.0986,21
21635440,6932,7.0932,50
35e86594,7961,7.0959,50
3154cca3,7314,7.0986,50
3ee1a2b,7396,7.0986,50
5fb9b03c,10772,7.0986,74
11d64dd9,9261,7.0932,50
2a2ccaf7,1437,7.0986,11
3d0a3ac5,8933,7.0986,50
2398d0f5,8998,7.0986,50
269d3582,1583,7.0986,11
7b278ce0,8619,7.0986,50
4ec6500d,9262,7.0986,50
6d5d6489,7089,7.0959,50
21ea60a7,6928,7.0986,50
4ddaba4d,8543,7.0986,59
31e0cdc3,7299,7.0986,50
5c174aa9,5844,7.0986,42
31ae7416,8544,7.0986,59
371f9e5a,12187,7.0959,84
2fbb1a8e,6921,7.0986,50
766bfc87,10221,7.0986,68
45023f46,3892,7.0986,21
5b6bc652,9264,7.1014,50
5d92ed79,4989,7.0986,33
6a2baddd,7257,7.0959,50
218d138c,7482,7.0986,50
7521f0f4,2893,7.1014,21
3f92320c,3387,7.0986,21
8602566,3162,7.0986,21
557b450b,11654,7.1014,74
41b84695,4534,7.1014,21
3be4a806,8047,7.1014,50
15c8ff24,7091,7.1014,50
1c8aa3ee,1833,7.1014,13
6fe53587,8595,7.0986,50
27e01355,8906,7.0986,50
1f05c204,7275,7.1014,50
1bffd7a,12212,7.0986,84
53dc13b6,8604,7.1014,50
1a005ff0,10209,7.1014,68
2b24ab56,7588,7.1014,50
558ed765,9946,7.0986,64
667c2fc1,3653,7.1014,21
7e9b0321,7274,7.1014,50
78a9b636,7216,7.1041,50
235a33af,10212,7.1014,68
161e765a,3211,7.1014,21
70eb69bf,11154,7.1041,74
537dad38,5583,7.1014,36
54f892b1,12479,7.1041,84
659fb5ec,10656,7.1041,74
72dc1104,3573,7.1041,21
59513871,13652,7.1041,84
677b5a0e,6938,7.1041,50
7786314a,515,7.1041,1
65c05a8f,8943,7.1041,50
1605710f,3770,7.1041,21
350274f6,2682,7.1014,21
894f372,8722,7.1041,50
4ede9f4b,3895,7.1041,21
29ada03d,8647,7.1041,50
f2ec43a,3927,7.1014,21
208ea9ce,8723,7.1041,50
1a105e53,12064,7.1014,84
5ef8b964,3574,7.1014,21
128ce1ad,7296,7.1041,50
15b94ef4,9116,7.1041,50
57e2cf63,13078,7.1014,84
278ea995,3575,7.1068,21
729bb473,11504,7.1068,74
6ae18eb5,8176,7.1041,50
71492914,12079,7.1041,84
3f87d31a,12067,7.1068,84
23d9f4a9,10860,7.1068,74
ccef48d,4623,7.1014,21
6a3c5787,3235,7.1068,21
7a2147e6,2676,7.1068,21
5285c25d,12213,7.1068,84
3e950818,9083,7.1068,50
71e5ff42,6953,7.1068,50
4504f9db,8944,7.1068,50
602e4e5,1658,7.1068,11
4d8c0e93,3383,7.1096,21
1f09a5b2,7094,7.1096,50
3167aa55,2972,7.1096,21
2724a1a9,10954,7.1096,74
48039711,11916,7.1096,74
450c4eb7,9006,7.1096,50
7dbc2506,7916,7.1096,50
38874b68,8620,7.1096,50
2712ca48,12214,7.1096,84
68593813,13457,7.1096,84
59f9955c,12025,7.1096,84
3847d0e9,13419,7.1096,84
f2d21d,8046,7.1096,50
64e0024f,3540,7.1096,21
66cbde93,8791,7.1068,50
6cac79ff,5728,7.1096,1
41154d0b,5819,7.1068,42
42bbc426,8631,7.1096,50
602d7c9a,9273,7.1123,50
43be8aa,958,7.1123,1
3cbc91f8,3199,7.1123,21
572aee71,3209,7.1123,21
5c6881a2,13170,7.1123,84
7cd5c3d,8942,7.1096,50
5fa63e6d,3757,7.1123,21
5fff0a8e,2517,7.1068,1
2a43752b,9117,7.1096,50
44786358,13673,7.1123,84
6374aa23,1438,7.1123,11
330cebea,11966,7.1123,84
2573a8d,1585,7.1123,11
532fb3c,12320,7.1123,84
43d16c0b,8703,7.1123,50
17569c20,8197,7.1123,50
2c6e4f15,4538,7.1123,21
5d9112f8,1306,7.1096,11
3e17aabf,1307,7.1151,11
76ee2842,2947,7.1151,21
5f8a5831,7995,7.1151,50
55fa0d23,1435,7.1151,11
b32e66e,1431,7.1151,11
23556594,3285,7.1151,21
8f3f7e5,9029,7.1123,50
f587281,12303,7.1151,84
2774c848,7917,7.1151,50
acee55c,4875,7.1151,1
165363fd,8796,7.1151,50
108f20d,8826,7.1123,50
4d8844d7,3354,7.1151,21
3091ac3f,13505,7.1151,84
4750265d,4990,7.1151,33
3d507d5b,1778,7.1151,11
7b8e7866,3163,7.1151,21
742f253c,4466,7.1151,21
49e28fd2,9321,7.1123,50
77e69910,12296,7.1151,84
7fa382c2,13651,7.1178,84
72a85ecf,8735,7.1178,50
53c3903f,3394,7.1178,21
2f69c357,10771,7.1151,74
71b1a58d,3178,7.1151,21
6c84e1b3,4625,7.1123,21
fd2cb73,3945,7.1178,21
29db8ba1,11950,7.1123,84
107d81b4,10877,7.1178,76
637eaa65,13677,7.1178,84
46a8cc63,4624,7.1151,21
3f3ca260,8629,7.1178,50
392334d,4364,7.1178,21
5eaeadab,10211,7.1178,68
156c46b4,13054,7.1178,84
cfc8e39,12756,7.1178,84
56091264,8367,7.1178,50
321d6ee6,11527,7.1178,74
7d612efb,4602,7.1178,21
287b562c,12065,7.1178,84
acf8e05,10953,7.1151,74
622a4423,12301,7.1178,84
62f96727,3610,7.1178,21
72dfb2d0,8316,7.1178,50
84c0fa8,3164,7.1178,21
6d39415b,8610,7.1205,50
7e850702,6641,7.1178,49
4ebe4fad,3891,7.1205,21
451a992a,11938,7.1205,84
20e5f746,3630,7.1178,21
2dc3ff6e,7909,7.1205,50
7ba850c3,2685,7.1205,21
4757ab3c,3376,7.1151,21
5695a935,8639,7.1205,50
7ac80af8,3946,7.1205,21
649f0406,1499,7.1205,11
5d087e1e,10052,7.1205,1
277c30c8,7962,7.1205,50
5cdbe913,3114,7.1205,21
21c6b369,11449,7.1178,74
407869ba,6049,7.1205,1
5e9e1725,8940,7.1178,50
18a2964e,11476,7.1205,74
5814e53e,4473,7.1205,21
1bb26738,8368,7.1205,50
1804e84d,3541,7.1178,21
75451d03,11444,7.1205,74
368de357,13253,7.1205,84
3a11132e,8600,7.1205,50
321228f3,13228,7.1205,84
debe87c,11483,7.1205,74
10d0300,13675,7.1233,84
61d6b80b,7224,7.1233,50
542535cd,11941,7.1205,84
669fc404,3588,7.1233,21
45693d94,13059,7.1233,84
1713954d,1439,7.1233,11
2cc89441,9092,7.1233,50
2d5f8fb8,10855,7.1205,74
7fd27e8,9108,7.1205,50
7ba5e2a3,4515,7.1233,21
115a3824,6050,7.1233,1
6a65513f,8315,7.1233,50
72c20793,7158,7.1233,50
29088724,2667,7.1233,21
7e4b11c2,9084,7.1233,50
7cf837d2,13229,7.1233,84
75f95abb,10780,7.1205,74
538b754d,3364,7.1233,21
35551192,11448,7.1233,74
57c97634,8621,7.1205,50
712ab80e,6955,7.1205,50
4eb91812,9370,7.1233,50
53fd59d6,7486,7.1233,50
6082142a,12324,7.1233,84
665ee5a2,12020,7.1233,84
4f99fd4b,8946,7.1233,50
6b57d67e,8601,7.1233,50
6167f236,9354,7.1233,50
6d282a8e,7999,7.1233,50
54a2fd14,11502,7.126,74
5451316e,6929,7.126,50
160f9bc,6613,7.1233,49
6b12df33,2688,7.1233,21
2d30cf44,9379,7.126,50
6eb9cdab,1005,7.126,1
33be5b53,10803,7.1151,74
3595f981,8945,7.126,50
2eb79eef,3543,7.126,21
7a3afd82,13105,7.126,84
1ef45a98,4285,7.126,21
3e801878,9018,7.126,50
7fa5a838,13676,7.1233,84
65661fbc,9059,7.126,50
59faa912,3069,7.126,21
2cecf5ca,2518,7.126,1
6707298d,8701,7.126,50
3531a93d,8622,7.1233,50
4e947775,11450,7.126,74
2ee331cc,8881,7.1205,50
60ffdbd8,2687,7.126,21
2fc93eb1,11528,7.1288,74
5cc47690,11655,7.1288,74
6c414cec,7984,7.1288,50
32545ba8,1242,7.1288,11
a14749e,3379,7.1288,21
407a37d1,10967,7.1288,74
142b5f1f,3279,7.1288,21
72eb475a,12188,7.1288,84
3fcc701a,9060,7.126,50
6272dbb4,3939,7.1288,21
4bebe3e0,6963,7.1288,50
5f69e25,3214,7.1288,21
2d0fc856,3930,7.126,21
59540938,13230,7.1288,84
6a5a1a7e,1935,7.126,13
582c88da,7479,7.1288,50
1ce8d157,4003,7.1288,21
4db41511,5725,7.1288,1
7c82ad34,1324,7.1288,11
2f1c978a,993,7.1288,1
56f85698,8644,7.1288,50
3b09ddcb,7985,7.1288,50
7b08457e,9113,7.1288,50
528b2c93,8092,7.126,50
48830c4a,3856,7.1315,21
61b70dea,7099,7.1288,50
3cdadf66,7464,7.1288,50
1960518f,1317,7.1288,11
db898ad,1021,7.1315,1
78aafb54,10762,7.1315,74
73cebf66,11951,7.1315,84
68b974b9,11676,7.1315,74
210de4f3,5177,7.1315,1
ed2cbdd,8546,7.1315,59
8e160ee,13656,7.1315,84
2bded1f7,3366,7.1315,21
65ba9203,8341,7.1315,50
7d2e214a,7173,7.1315,50
7e4bc811,3966,7.1315,21
2347ff46,3384,7.1315,21
125c5ba7,10861,7.1315,74
1ef40cd7,4445,7.1315,21
3edf5458,3398,7.1315,21
227e310a,8902,7.1315,50
520fc781,3355,7.1315,21
6ca3eba3,7981,7.1315,50
289a0ffb,11168,7.1315,74
7b3f9d83,12753,7.1342,84
702ca6e2,2761,7.1342,21
dcc3f5a,7421,7.1288,50
57206eaa,12021,7.1342,84
24ad691e,13213,7.1315,84
5cb05fa7,4467,7.1342,21
11db77de,8630,7.1342,50
5be41237,13267,7.1315,84
48956e45,9227,7.1315,50
66760169,11587,7.1342,74
5c426185,9371,7.1342,50
500ee9e7,11505,7.1315,74
fe572df,8189,7.1342,50
57f1a4f9,8931,7.1342,50
a27c4ec,8640,7.1342,50
6e6c3cb4,11492,7.1342,74
404f0fa4,1736,7.1342,11
1e5c2d6d,7375,7.1342,50
7eaa8526,11878,7.1315,74
1dd555a3,13516,7.1342,84
6552f13b,12480,7.1342,84
7c1ab4b2,6051,7.1342,1
72925455,7485,7.1342,50
410504c4,4385,7.1315,21
790f116f,11455,7.1342,74
6c76c66,8623,7.1342,50
74ee8eac,7361,7.1342,50
19ce5dc7,12178,7.1342,84
1da487d1,11615,7.137,74
d4c4639,9304,7.137,50
19cf4fbc,2758,7.137,21
3e66b1c,13091,7.137,84
1c216963,7239,7.137,50
5334a0db,2970,7.1342,21
213892dd,11451,7.137,74
21a3f3b8,3756,7.1342,21
18007252,11965,7.137,84
f7d7a40,11658,7.137,74
6fe50da9,7896,7.1342,50
6ab6bf08,3628,7.137,21
5436afd5,1573,7.137,11
4f3fd5e3,7483,7.137,50
2bf4193e,13322,7.137,84
74e5bdb7,6918,7.1397,50
154cecf9,7915,7.1397,50
1950a764,3938,7.1397,21
24edb37e,4032,7.137,21
2fdb6334,13235,7.137,84
760a6b7d,13425,7.1397,84
4537a61,3882,7.1397,21
5f0c7a49,10773,7.1342,74
35f8191b,11137,7.1397,74
4d6c5fd6,12504,7.1397,84
395a478c,3894,7.1342,21
312a74a1,10968,7.137,74
1cae9259,13515,7.1397,84
5fd9e1ee,4579,7.137,21
4f5928e7,13654,7.1397,84
33173df,11414,7.1397,74
2c0c1e80,1763,7.1397,11
47815aaa,12315,7.1315,84
2f552459,12114,7.1397,84
27f205e7,11370,7.1397,80
6b46e787,6614,7.1397,49
7da3b255,7095,7.1425,50
26dfb44f,13082,7.1425,84
202e3b21,8632,7.1425,50
1b885b64,1446,7.1425,11
1744dffe,12027,7.1425,84
34c01801,6627,7.1425,49
123d77b0,1309,7.1425,11
5859047,9224,7.1425,50
4b62684e,9408,7.1425,50
e35d082,13052,7.1425,84
1044c0a1,12189,7.1425,84
41e216bb,4535,7.1425,21
7e7b2d7f,12176,7.1425,84
19b4d1e9,7898,7.1425,50
796c21d,3839,7.1397,21
38eb0ca,7518,7.1425,50
9af15f,9118,7.1397,50
70e89a56,6956,7.1425,50
2810ac1d,9058,7.1397,50
ee98dcd,13655,7.1425,84
1ee73076,9996,7.1425,1
4f61aadf,5907,7.1425,1
7b6fa34f,10852,7.1397,74
451323d6,7899,7.1425,50
5632887b,8650,7.1425,50
7c163a23,3818,7.1425,21
7171764b,10856,7.1425,74
33840de8,3229,7.1425,21
3577a50c,11136,7.1425,74
30f4883c,11617,7.1425,74
77449289,3765,7.1452,21
dfd6104,1780,7.1425,11
4d2edbc3,9120,7.1342,50
1e05d61e,11968,7.1452,84
16525f17,2994,7.1452,21
2bc38cc4,9135,7.1425,50
3a31f865,3546,7.1452,21
2a60306d,7882,7.1452,50
1db02e3,1574,7.1452,11
4551478e,11616,7.1425,74
23c2fb61,8648,7.1452,50
277fccec,5729,7.1452,1
13c76c21,1498,7.1452,11
5d4c18b9,11909,7.1452,74
176933a9,7097,7.1425,50
7ac23e54,8554,7.1452,59
58cb7bfd,3544,7.1425,21
49c747c8,10777,7.1425,74
6ce69a76,10864,7.1452,74
a4de2a8,12333,7.1425,84
7819cf0c,3365,7.1452,21
44e855af,3115,7.1452,21
19359824,3119,7.1397,21
1ac2c2e0,11678,7.1425,74
19d546d6,13171,7.1452,84
41b85ab0,4471,7.1425,21
417f7c9d,7402,7.1452,50
477b3a05,8547,7.1479,59
7ff5e28f,10853,7.1479,74
4ba235c8,1584,7.1479,11
5416f150,8999,7.1479,50
78f2399c,7244,7.1479,50
7b1c81e8,13420,7.1479,84
65a9279c,11501,7.1452,74
3f7f4294,3508,7.1479,21
354e009b,11140,7.1479,74
56a8a23e,4073,7.1397,21
49a46ac2,12297,7.1479,84
53b052db,2982,7.1452,21
11cd1391,8317,7.1479,50
659d21ad,2905,7.1479,21
2033a468,1737,7.1479,11
33195b02,4516,7.1425,21
5901d5d9,9375,7.1479,50
551d171d,13093,7.1425,84
6830e932,8607,7.1452,50
11086e7d,5525,7.1479,36
4670ce98,6631,7.1479,49
7b689cb4,3116,7.1452,21
6a1846aa,8700,7.1479,50
14fe8392,527,7.1479,1
279a27ad,9395,7.1425,50
459c4622,3766,7.1479,21
40659ff5,3200,7.1507,21
46577cf6,4603,7.1507,21
6936eaa,10940,7.1507,74
5a1b7ef1,3884,7.1507,21
a352003,8832,7.1507,50
25ce0fb2,12334,7.1507,84
39a1dff0,8262,7.1507,50
59a33945,8633,7.1479,50
4efa45c3,3936,7.1507,21
246e4e4b,7907,7.1507,50
39159252,10214,7.1507,68
627b724b,11413,7.1507,74
efc84df,1777,7.1507,11
4ed5fd54,2976,7.1507,21
189ffed3,7432,7.1479,50
73ad1656,9950,7.1507,1
d0d7890,1776,7.1479,11
673ddf92,3755,7.1507,21
6e3a17c,3378,7.1479,21
616dae15,10964,7.1507,74
7c28350,10984,7.1507,74
e0a1d75,12329,7.1507,84
4e4e0d90,13067,7.1479,84
36a2c3a9,2983,7.1507,21
15f9a589,7387,7.1479,50
1968ac25,13156,7.1534,84
a23745b,13421,7.1534,84
541c31df,3397,7.1534,21
c910338,13678,7.1534,84
50c48f0b,3941,7.1534,21
41d4a8e4,7397,7.1534,50
4254da3f,1575,7.1534,11
74f3ebc8,8702,7.1534,50
70ffaead,11172,7.1534,74
437db6e,10800,7.1534,74
4ef85f28,10878,7.1534,75
60c0d084,4608,7.1534,21
b86caff,2897,7.1534,21
60187e4,7258,7.1534,50
3cd7c0e1,3631,7.1534,21
5a75730f,7304,7.1534,50
67998b8c,7367,7.1507,50
6dad0e3c,12505,7.1534,84
7af951bf,9384,7.1534,50
6fff0ba0,6975,7.1562,50
54a3e7e1,1443,7.1562,11
5202304e,9277,7.1562,50
1e63e05b,7986,7.1534,50
358dcdf0,6930,7.1562,50
30d4f993,6931,7.1562,50
46bbeefc,12330,7.1562,84
27e14622,10939,7.1562,74
10f67a0d,12028,7.1562,84
3e7adb9c,9093,7.1562,50
26811bbd,12304,7.1562,84
7d38b0d0,2995,7.1562,21
1b87a2d2,2880,7.1562,21
6a37c685,13326,7.1534,84
76180f51,3002,7.1562,24
47ca4db7,2759,7.1562,21
69b8ea00,10948,7.1562,78
27d98611,9276,7.1562,50
51be69d7,4468,7.1562,21
21291e42,10804,7.1562,74
5699e8b,13056,7.1534,84
10dbcc64,4375,7.1562,21
54159fd8,8994,7.1562,50
56edc7a8,8792,7.1562,50
3e9dcc95,8797,7.1589,50
fc56970,13215,7.1589,84
1c4ffa40,3547,7.1589,21
559bb284,8042,7.1562,50
1bedfcbf,4991,7.1589,33
4b446233,13387,7.1589,84
22aad930,4572,7.1562,21
283a0ce1,11482,7.1589,74
203d84f0,9380,7.1562,50
54419c4c,13231,7.1589,84
3c7c290d,2945,7.1589,21
44596767,8263,7.1589,50
c2351fd,8229,7.1589,50
80f6118,6919,7.1589,50
50742fa9,3883,7.1589,21
d1d50eb,10213,7.1589,68
2706c70,8987,7.1589,50
7184ca87,12033,7.1589,84
7cba79,3767,7.1589,21
67012895,3626,7.1589,21
3ae07ccf,3367,7.1589,21
6693cbe9,12751,7.1589,84
3194e54e,4584,7.1589,21
54de2e77,8043,7.1589,50
3a75e1f9,1839,7.1589,13
4241b9dd,7276,7.1589,50
54e99a4e,9305,7.1616,50
71e1ab32,9134,7.1616,50
50ac5efc,7245,7.1616,50
648ee6de,7398,7.1616,50
2b4e24c3,13660,7.1616,84
336de00e,10655,7.1616,74
4f29756a,2946,7.1616,21
19bf1ef6,1310,7.1616,11
5c02d247,3117,7.1616,21
6b09d38,11374,7.1589,80
5a016070,7249,7.1616,50
5e87dc7f,1436,7.1616,11
14ddbd02,8048,7.1616,50
1606bbfc,7250,7.1616,50
47d54bac,9020,7.1616,50
2751030d,529,7.1616,1
5e9d8f48,6018,7.1616,1
7224e061,9394,7.1589,50
329d3116,4380,7.1616,21
3b554335,8731,7.1616,50
99c9f23,1775,7.1616,11
7de7063c,3542,7.1589,21
1082ba07,7549,7.1616,50
3fe49a71,9139,7.1562,50
6ffc3ed6,2984,7.1644,21
db1b50a,12752,7.1616,84
76393703,8265,7.1644,50
48a29466,4626,7.1616,21
12d33140,13236,7.1644,84
4df54df7,8642,7.1616,50
56d9612a,3168,7.1644,21
7df9317f,11167,7.1644,74
56c0971e,8615,7.1644,60
a9d3804,10799,7.1644,74
38cbcd74,3857,7.1644,21
6de05655,5584,7.1644,36
70adaaf2,7407,7.1644,50
2287bb9e,7096,7.1589,50
4139fad2,7870,7.1644,55
73f747a2,11969,7.1644,84
2e844e5e,7886,7.1644,50
33638b46,3896,7.1644,21
2c279dff,1447,7.1644,11
75c4c90d,8634,7.1644,50
22c61dc3,7918,7.1644,50
2e3c517b,4289,7.1644,21
12ad641,7339,7.1644,50
11f27bfe,3964,7.1671,21
3cdeecca,12321,7.1671,84
610aa9b2,11915,7.1671,74
7b5a2b03,1455,7.1671,11
397b98c7,10969,7.1671,74
3c85406,12177,7.1671,84
71eee5b4,5777,7.1589,1
4fb36a8d,11656,7.1671,74
2a75b1c1,4033,7.1671,21
187c35e4,4365,7.1671,21
1ad3809e,7987,7.1644,50
5bfa8fa6,3245,7.1671,21
f496156,3942,7.1671,21
76e3a64e,13653,7.1671,84
1f605ade,8724,7.1671,50
5a62d013,2943,7.1671,21
70b20f7c,3399,7.1671,21
7fba2973,6019,7.1671,1
3bbdb403,12126,7.1671,84
5cd8e8aa,7171,7.1671,50
56e72f19,13321,7.1671,84
5007b4ec,962,7.1671,1
30ae987f,4514,7.1671,21
2a2029b9,1483,7.1671,11
1ef1dea8,13155,7.1671,84
6bf45069,12322,7.1671,84
483a7cd9,8649,7.1671,50
25f701e6,11945,7.1671,84
7be15ca0,6974,7.1644,50
6284df80,2877,7.1671,21
2a050dc9,11138,7.1671,74
61de0847,3931,7.1671,21
71ca9e4a,7487,7.1671,50
6a8df81e,8002,7.1671,50
d73beb,11910,7.1699,74
77e82c98,1308,7.1699,11
66e58e12,7300,7.1699,50
43f8644a,9348,7.1699,50
2e5ef0e3,10880,7.1699,75
46303923,13060,7.1699,84
708a5191,13094,7.1699,84
3ad5d48c,8190,7.1699,50
6a1fa75e,3881,7.1616,21
3a0f2da8,9119,7.1699,50
7d31e2eb,8614,7.1699,60
5f153205,12358,7.1699,84
4b70fcdf,9306,7.1699,50
8d1fa74,11971,7.1699,84
7a05773f,2776,7.1699,21
c76e760,9003,7.1699,50
402c6435,5906,7.1644,1
4729341e,7433,7.1699,50
16c40f4b,9008,7.1671,50
50ed841e,9935,7.1699,1
51e5eace,13683,7.1644,84
2db2a714,10790,7.1671,74
e9c635b,13237,7.1699,84
1b2f52,1318,7.1699,11
3693c64d,1022,7.1699,1
128ed973,4995,7.1726,33
499af795,10053,7.1726,1
ea14d8c,9993,7.1726,1
1fb6c710,4474,7.1726,21
63ca61b8,2777,7.1726,21
71221dc2,3978,7.1671,21
3a72b32c,12310,7.1726,84
1d67eb36,3118,7.1726,21
127bab81,1659,7.1726,11
1632496f,9138,7.1726,50
26c53db0,9372,7.1726,50
9011197,13233,7.1726,84
46e98495,4517,7.1726,21
2e4d72e3,1321,7.1726,11
4294c416,4046,7.1726,21
363b7945,12308,7.1699,84
eb30574,10862,7.1699,74
7c927559,9137,7.1726,50
604aa36,13243,7.1726,84
4d335949,11880,7.1726,74
4c3f64d1,9934,7.1671,1
46f88cef,6642,7.1726,49
22a84452,3537,7.1726,21
7506b85f,10658,7.1726,74
476ed901,12083,7.1726,84
63c4216f,2973,7.1671,21
5b9f8114,8191,7.1726,50
42a853c2,7908,7.1726,50
40b5308c,7234,7.1726,50
20df761c,10805,7.1726,74
60dbf618,8266,7.1726,50
60ed9f82,7434,7.1726,50
9b5e243,8575,7.1699,50
52010aff,1326,7.1726,11
5ea44e15,10857,7.1726,74
6d555d91,8827,7.1726,50
6563d1f9,3965,7.1589,21
18f9dfb5,1623,7.1726,11
f64354d,3984,7.1726,21
51d47bf8,1484,7.1726,11
61c8ce36,6638,7.1671,49
66419740,12179,7.1753,84
47498fb6,13251,7.1753,84
1d453352,1609,7.1753,11
4efd506e,11632,7.1753,74
5a3b4cbe,4539,7.1753,21
615bce6e,12305,7.1753,84
7d2580b1,4447,7.1753,21
769a949c,13317,7.1753,84
42f1e6be,7368,7.1753,50
50094225,13519,7.1753,84
422f1ce2,10941,7.1753,74
13de3c1e,8036,7.1753,50
3142648d,7259,7.1699,50
7ccbb00d,13318,7.1726,84
28da6df1,4034,7.1753,21
6ad10309,1440,7.1753,11
2c7d535a,11908,7.1726,74
5aca4fe2,12217,7.1753,84
46397b7a,11484,7.1753,74
2465816f,9017,7.1753,50
742919d9,11445,7.1753,74
621ef62,13560,7.1753,84
274b7c73,2894,7.1781,21
15419384,960,7.1781,1
6bdfbf49,6870,7.1781,50
2a24314b,961,7.1753,1
2242b399,3509,7.1781,21
2b11024c,8635,7.1781,50
57c55bb9,4288,7.1781,21
5ce08663,3280,7.1753,21
6b89281d,8574,7.1781,50
4d4ff5bf,13422,7.1781,84
48a95442,3888,7.1781,21
354cc67d,8613,7.1753,60
6dc78d29,5412,7.1781,36
4fac894c,3236,7.1726,21
4d25dfbf,4590,7.1781,21
1e098748,12757,7.1753,84
4ff6ef65,9322,7.1753,50
64bbe93e,10279,7.1781,1
7000a31,7301,7.1753,50
5561ee5e,11477,7.1781,74
2d14be50,8941,7.1781,50
16dd50d5,10754,7.1781,74
110b81bd,3979,7.1781,21
4bc29edc,6875,7.1781,50
5b29d545,13657,7.1808,84
43ac4fca,13327,7.1808,84
3f0bf492,2822,7.1808,21
72c09ca7,3216,7.1808,21
2dabc85d,3395,7.1808,21
cd8103d,13684,7.1781,84
6c17da50,8605,7.1808,50
548bebe5,2823,7.1753,21
1ac456d1,12082,7.1753,84
69de8cf4,8988,7.1808,50
254b200a,13685,7.1808,84
775caba9,8645,7.1808,50
4f96094d,1322,7.1753,11
34f40e67,5009,7.1808,33
52b28567,9094,7.1836,50
2e05b44b,11952,7.1836,84
3c9643c1,4074,7.1808,21
4335f97f,12180,7.1808,84
56ad5c3,2985,7.1836,21
1b8cf379,10985,7.1836,74
64e8ec9,3771,7.1836,21
316351e1,13658,7.1836,84
1f97c7d,3637,7.1836,21
8484d8a,4446,7.1836,21
645aa3fd,13426,7.1836,84
374da678,1508,7.1836,11
45074e9e,13661,7.1836,84
fe96fa9,11677,7.1808,74
3e1d60e2,4996,7.1808,33
301d1e48,12309,7.1836,84
64b96f3f,8995,7.1808,50
1b35ae88,13053,7.1836,84
5fe50e60,2996,7.1808,21
aaa7f0e,4040,7.1836,21
4ce0e62c,3932,7.1836,21
25c539f3,8784,7.1836,50
2ee363da,8793,7.1808,50
2e4baee1,13323,7.1836,84
13b2922d,11529,7.1808,74
64d30835,12755,7.1808,84
2a41e82d,9007,7.1836,50
3d5849ae,7338,7.1836,50
13fdc54c,13278,7.1836,84
315ee557,4055,7.1836,21
36fa3aab,8548,7.1836,59
4a141ee1,10215,7.1836,68
35fe2b34,12316,7.1863,84
78b5b56b,7589,7.1808,50
734c0481,13158,7.1863,84
14045721,3768,7.1863,21
29c4e3fb,8050,7.1863,50
6dc071e8,11984,7.1863,84
7e8db056,7225,7.1863,50
3aee8338,3947,7.1863,21
2915e0e8,12192,7.1863,84
7ce0de6d,7302,7.1836,50
1f1e17b4,2942,7.1836,21
c821b01,11692,7.1863,74
423bbeea,10858,7.1863,74
442f14e5,4881,7.1863,1
4d29c4f6,8611,7.1863,50
2b631863,3286,7.1808,21
37a5541d,4609,7.1863,21
287660ed,4290,7.1836,21
1442c13a,5778,7.1863,1
27d163d1,12302,7.1863,84
32a7c667,7306,7.1863,50
3a49de8a,10222,7.1863,68
2123b026,13513,7.1863,95
236afe29,13131,7.1836,84
f09ce7e,3636,7.189,21
7b40fc9b,9385,7.189,50
6042412e,8059,7.189,50
344c8859,10657,7.1863,74
475ec155,7277,7.1863,50
4f436021,3166,7.1863,21
3331e421,9409,7.189,50
720ab607,3596,7.189,21
13381c59,10173,7.189,1
e5228f9,13049,7.1863,84
703e6999,3595,7.189,21
3fb7140f,13563,7.189,84
2476d22a,2874,7.189,21
39bff34,9323,7.189,50
2486dbce,10216,7.189,68
3b0c2a47,8787,7.1863,50
17f3691b,3167,7.1918,21
44a0222e,3778,7.1918,21
3c1c4645,8578,7.1918,50
60226cad,4075,7.189,21
726883cc,8049,7.1918,50
28ecd1d4,2898,7.189,22
3a6c9185,13539,7.1918,84
769c94e2,9063,7.1918,50
528d998,7403,7.1918,50
e713f8c,12093,7.1918,84
33e85c12,1820,7.189,11
40722fdd,2907,7.1918,21
7dc449ca,3840,7.1918,21
6f6df914,3169,7.1918,21
2c4a1978,3627,7.1863,21
5d33d82f,4076,7.1918,21
2e6405a,13668,7.1918,84
59402232,11691,7.1918,74
d3513bd,12311,7.1918,84
2c3bc4b,2825,7.1918,21
7e3ef4b2,8011,7.189,50
3d0fb9fa,8690,7.189,50
ddbca91,10776,7.189,74
12650e85,5420,7.189,36
3f03f098,3772,7.1918,21
1bf7e31f,7308,7.189,50
534d2b6b,3120,7.1918,21
5b7759f2,7488,7.189,50
82b8f4f,9292,7.1918,50
3280b9e9,5020,7.1918,33
164b5bbd,5902,7.1918,1
7792384f,3933,7.189,21
23978005,3980,7.1945,21
290a709a,9030,7.1945,50
2b6ff734,13465,7.1945,84
e22c0df,9031,7.1945,50
146f2a6f,6615,7.1945,49
58350dec,5524,7.1945,36
657e2b7e,8612,7.1945,50
3e0306e5,13214,7.1945,84
6f43dcfc,3538,7.1945,21
218b2e88,10801,7.1945,74
6fb14180,1509,7.1918,11
5dadaa2,4501,7.1945,21
4cda5484,1243,7.1945,11
12ee9790,8347,7.1945,50
3cf07a9e,1303,7.1945,11
6265e561,8996,7.1918,50
7c05f3dd,1586,7.1918,11
46f4c591,11169,7.1945,74
431e4249,12215,7.1945,84
4acba9ce,11522,7.1945,74
748131b,8192,7.1945,50
54009334,10879,7.1918,75
24db8b35,13279,7.1973,84
653d8ff7,9032,7.1973,50
5e25778a,7340,7.1973,50
722fcf47,9019,7.1973,50
35b8dad2,9275,7.1973,50
6d12556a,9130,7.1973,50
65f17662,2908,7.1973,21
6cba1f1c,11506,7.1945,74
3d5a9119,11881,7.1973,74
6fab18f6,1323,7.1973,11
45c9cc7,10965,7.1973,74
60e3a03b,11659,7.1973,74
3863e952,12331,7.1973,84
e9a3078,4632,7.1945,21
137e98bf,7547,7.1973,50
7d52bed4,11953,7.1973,84
412c0c9d,1937,7.1973,13
3c339efb,12066,7.1973,84
23663cef,2762,7.1973,21
2305695b,13172,7.1918,84
5b6f52a2,13561,7.1973,84
3323e305,1840,7.1945,13
7b5f6be3,10752,7.1973,74
124a5918,13463,7.1973,84
13756759,8725,7.1918,50
409293ee,13464,7.1973,84
3fe285f9,8023,7.2,50
7fa09984,7900,7.2,50
d111c29,6110,7.2,1
3b85ce35,13260,7.2,84
3f229b3,4582,7.2,21
2814a979,11674,7.2,74
ed2ed39,9386,7.2,50
6c398e55,8240,7.2,50
18817a61,13234,7.2,84
53837946,12198,7.2,84
61aa5859,8616,7.1973,60
4662f165,4499,7.2,21
207640e8,11523,7.1973,74
544fe7ab,8794,7.2,50
599dd33a,13173,7.2,84
111cc806,6020,7.2,1
33e309e2,8786,7.2,50
8f1d64e,4470,7.2,21
4024fa99,8044,7.2,50
6b7d2f89,7341,7.1973,50
2ef6918a,3654,7.2,21
3d3faf65,13688,7.2,84
5c4e35df,4045,7.2,21
15aef4e8,4310,7.2,21
2be58aa8,9356,7.1973,50
4cf24d7f,11683,7.2027,74
4ef1320f,4366,7.2,21
63bc06c3,3655,7.2,21
640b70d6,13232,7.2,84
3acc509d,3238,7.2,21
14ca537a,13686,7.1973,84
601ef6f7,13109,7.2,84
7dea7c81,3292,7.2027,21
7ee3e7e1,10753,7.2027,74
37b3c4ae,12195,7.2027,84
4151b52b,7552,7.2027,50
19415d24,8606,7.2027,50
376134f9,3284,7.2027,21
7ee3231f,9352,7.2,50
565c111b,4613,7.2,21
1ae80e16,9387,7.2,50
9d3d812,9095,7.2027,50
37abf32d,9049,7.2027,62
24112306,9349,7.2027,50
1c9e80a,11174,7.2027,74
5b0bde9b,8651,7.1973,50
6d0f8270,11939,7.2,84
4c0f9ea0,8350,7.2,50
24552e97,6628,7.2027,49
6a120baf,8800,7.2027,50
6f68ff70,12081,7.2027,84
5f2286a3,13050,7.2027,84
520e3a46,11446,7.1973,74
28bb0cdb,528,7.2055,1
80f5c3,13328,7.2027,84
4bdc7cee,8636,7.2055,50
6823a3d9,12061,7.2055,84
188ea7d2,10802,7.2055,74
1dd593a8,13663,7.2055,84
134b6355,11373,7.2055,80
1fa767ed,4536,7.2027,21
373453fb,1510,7.2055,11
427c13af,12325,7.2055,84
1e058671,4541,7.2055,21
2fa18c05,12754,7.2055,84
7ebee8a8,11011,7.2055,74
b1d0e13,13538,7.2055,84
1ea33f00,7598,7.2055,50
3c60a610,9278,7.2,50
1f02d43d,1441,7.2,11
7c0c2c58,13687,7.2055,84
747995d4,7484,7.2055,50
144ac675,4448,7.2055,21
e615d53,1647,7.2055,11
5d28d23e,4630,7.2055,21
7bd047e6,9021,7.2055,50
42392eaa,3948,7.2055,21
4b93b9ec,3405,7.2055,21
da18c7e,2821,7.2082,21
2f76a067,12041,7.2082,84
1107017a,1460,7.2082,11
24b1975d,8691,7.2082,50
723b06fe,6630,7.2082,49
251d1bf1,6871,7.2082,50
3ff2f2ad,7107,7.2082,50
1f00cd46,11173,7.2082,74
10cb98fa,4500,7.2082,21
46fd2798,12190,7.2082,84
2bb01076,8261,7.2082,50
17d19171,8055,7.2082,50
5be8adb2,4038,7.2082,21
3d777983,13161,7.2082,84
70782f4f,7998,7.2082,50
5837cc77,9147,7.2082,50
43769419,8828,7.2082,50
454b5695,1456,7.2082,11
de75daa,7228,7.2055,50
25102a39,13537,7.2082,84
74780b24,13550,7.2082,84
124a25a8,3003,7.2082,24
65ebada4,9148,7.2082,50
7a0ba072,9123,7.2082,50
7e4668fa,13125,7.2082,84
4e9ea53c,12127,7.2082,84
dbabe22,9009,7.2082,50
3504a4bc,3380,7.2082,21
7cdd7f17,9038,7.2027,62
122b8a5e,11415,7.2082,74
7ecde9c5,1331,7.2082,11
3ba9936e,1764,7.2082,11
3b192a1a,11954,7.2082,84
29a76a62,3237,7.2082,21
71b49ada,3123,7.2082,21
154ce124,6874,7.211,50
6105e114,9327,7.211,50
2fb2ee10,7997,7.2082,50
68e35ad4,6933,7.2082,50
26a01b9d,7470,7.211,50
5ee9bd09,3230,7.211,21
1e5ab337,8198,7.211,50
bf4e87,13127,7.211,84
5c873f7c,13106,7.2082,84
5e996941,12094,7.211,84
515198c1,9279,7.211,50
72f891be,9274,7.211,50
54a2008f,4013,7.211,21
1faad227,1942,7.211,13
651b6c23,9949,7.211,64
5358745f,12091,7.2082,84
173aa0c3,10806,7.211,74
5e4863e9,8325,7.2082,50
249e81bc,11395,7.211,74
608c7677,4036,7.211,21
70e60cb5,1577,7.211,11
329896d2,2977,7.211,21
5bb1ab7c,4035,7.2055,21
2f52fc43,2669,7.211,21
28efde40,3897,7.211,21
4d93d807,8549,7.211,59
46e7128e,8020,7.211,50
2c6e0810,1512,7.2082,11
6c2d2a8c,11679,7.211,74
1a751fdd,3283,7.1973,21
100f6fa8,4475,7.211,21
cbafdf1,13332,7.211,84
23388d98,13424,7.2137,84
7e0ffae3,10175,7.2137,1
80b8f0a,3170,7.2137,21
7bf3c6e4,10998,7.2137,74
494aa5b0,4012,7.211,21
13ef855,3417,7.2137,21
5416f8d4,13255,7.211,84
3daf8313,8626,7.211,50
e7c273,7601,7.2137,50
6546e06d,3898,7.2137,21
4d9fba58,5845,7.2137,42
79bdae50,12332,7.2082,84
3612f5c7,3758,7.2137,21
fb71d62,9347,7.2137,50
317db2bd,8054,7.2137,50
1befd93b,9388,7.2137,50
25bfee41,8243,7.2137,50
636a7977,13562,7.2137,84
77b19464,11911,7.2137,74
405acbfd,4540,7.211,21
1e411eb3,11633,7.2137,74
1c6e6111,6054,7.2137,1
454ffef6,13461,7.2137,84
2cff022a,1490,7.2137,11
5716a165,8802,7.2137,50
41059d59,8349,7.2164,50
2e0c0a81,8014,7.2164,50
7a36a338,4591,7.2164,21
18493892,8788,7.2137,50
754b8197,8242,7.2164,50
3bddc5bd,3657,7.2164,21
743d8e9d,7128,7.2164,50
7fc52ebb,11628,7.2164,74
1e00dee5,8019,7.2164,50
25e1b520,4037,7.2164,21
c0fdf32,9131,7.2164,50
65a436bd,3291,7.2164,21
592a0323,8208,7.2164,50
417b37fd,13277,7.2164,84
699bd247,11142,7.2164,74
4482b958,1503,7.2137,11
1b1f6609,11396,7.2164,74
12a54d52,13079,7.2164,84
a794424,12191,7.2164,84
5a7df67a,8004,7.2164,50
3dc7b6c6,13181,7.2164,84
4a51f67a,13268,7.2164,84
136b91a5,13689,7.2164,84
47fc124b,8348,7.211,50
5d08b059,12039,7.2164,84
502c6cb9,13097,7.2192,84
657fb977,8579,7.2164,50
4af51faa,11693,7.2192,74
25678998,3545,7.2192,21
32eb26c7,13176,7.211,84
25167a74,10817,7.2192,74
3d048cf7,8003,7.2192,50
25282e21,7370,7.2192,50
3c1a4855,13162,7.2192,84
2a495078,9381,7.2192,50
7e51ced2,4575,7.2192,21
33b312f2,7983,7.2192,50
578e6b83,11634,7.2192,74
35449f1d,11970,7.2192,84
2c8e70c7,10808,7.2192,74
3938d9c7,11629,7.2164,74
742b4a70,13180,7.2164,84
61c9109,10764,7.2192,74
59129408,13098,7.2192,84
729d395a,12194,7.2192,84
76cfeef2,8024,7.2192,50
566b86f9,3389,7.2192,21
29e28b12,13055,7.2192,84
649df8f2,9335,7.2192,50
26fe2419,9324,7.2192,50
7fd14ad2,11165,7.2192,74
7507579f,6629,7.2164,49
4a24e92f,8351,7.2192,50
783fc6b2,1661,7.2192,11
4e77b0b7,8000,7.2192,50
264d10c9,8795,7.2192,50
2d931b6b,4592,7.2219,21
4800e836,4297,7.2192,21
7810b24f,11680,7.2219,74
43d1d3ac,13280,7.2219,84
36a396de,5726,7.2219,1
79d7843a,9373,7.2219,50
3c017747,7550,7.2219,50
128d6913,8210,7.2219,50
75a43698,7590,7.2219,50
36d9826e,7251,7.2219,50
3d537c6c,12134,7.2192,84
7bd86baa,8909,7.2219,50
3748292c,12181,7.2219,84
1f07247,10659,7.2219,74
6e3b973c,2992,7.2192,21
51e70769,5421,7.2219,36
56115960,8839,7.2219,50
1454bf3b,12298,7.2219,84
6ee4952d,1505,7.2219,11
56593660,4581,7.2219,21
3f6cbf8d,9048,7.2219,62
ef0723c,8045,7.2219,50
2fab00f1,9045,7.2219,62
54a04e74,6112,7.2219,1
4477c332,11503,7.2219,74
5b8207ea,8950,7.2219,50
c0ed55e,3632,7.2219,21
1485bc0,13466,7.2247,84
ca4b847,13664,7.2192,84
76b084b2,6872,7.2247,50
3dc660d9,9024,7.2219,50
909887f,3407,7.2247,21
7e93bafa,8093,7.2164,50
57dc53ef,13324,7.2219,84
25bbd8b2,12193,7.2247,84
7feca00d,8241,7.2219,50
2bf5a474,8829,7.2247,50
6de0b592,11618,7.2247,74
28a7e0a8,2948,7.2247,21
48528f9a,3124,7.2247,21
7ad0b188,9948,7.2247,64
5a55b60,1943,7.2247,13
7da4fe54,11955,7.2247,84
460def87,3125,7.2247,21
6a1c71a,9140,7.2247,50
560484c8,13319,7.2247,84
2f89443c,11378,7.2247,80
16e30c6f,13285,7.2274,84
f115be,3241,7.2274,21
5c837465,9022,7.2274,50
43c8d7a6,7305,7.2274,50
68f67ff,9410,7.2247,50
e1ef923,7545,7.2247,50
54e8487d,9062,7.2274,50
64a51bb,8903,7.2274,50
41ad3d4b,10331,7.2247,69
3ce01a1e,13245,7.2274,84
650dc2b7,11673,7.2274,74
2574471d,8264,7.2274,50
52155eea,4633,7.2274,21
51e25431,13659,7.2274,84
e30d942,1299,7.2274,11
7cca3de6,6111,7.2274,1
640d19c1,2826,7.2274,21
454e3b40,7404,7.2247,50
115d6ddb,1457,7.2274,11
39324dde,13428,7.2301,84
2bc177b5,4893,7.2301,1
5be900c,3239,7.2274,21
319e2fc0,7409,7.2274,50
4b57af9d,8608,7.2301,50
60a05794,7056,7.2301,50
11ef957c,1500,7.2301,11
2f833127,13517,7.2274,84
27922e4d,6973,7.2301,50
45ecd1dc,3943,7.2301,21
28c5f868,11375,7.2274,80
18201e78,4593,7.2301,21
364cff6,11377,7.2301,80
35b26991,12087,7.2301,84
16733cca,13244,7.2301,84
11f290d4,10999,7.2301,74
34ccf663,8200,7.2301,50
1294ef8a,11627,7.2247,74
1d0e047e,1514,7.2301,11
18ff533b,3007,7.2274,24
6077563,9350,7.2301,50
4bd3c1a9,9333,7.2274,50
7e0e9fe6,11457,7.2301,74
6327b554,12056,7.2329,84
38ea3f80,8268,7.2329,50
2452ee8f,10970,7.2329,74
13ce49ad,1660,7.2329,11
714ab664,4477,7.2329,21
2441ef6d,4312,7.2329,21
971b226,3779,7.2329,21
2ebaa5ac,11376,7.2329,80
e7834e0,8785,7.2329,50
4fd812f7,12759,7.2329,84
6b0574fe,7229,7.2301,50
4094c474,9994,7.2329,1
3b788e0f,13470,7.2329,84
34b87c3d,1461,7.2329,11
5622c18b,9129,7.2329,50
745a5cd0,13124,7.2329,84
128b814b,1511,7.2329,11
2e3074e5,9272,7.2329,50
6dfc7de3,8947,7.2301,50
1a52bdf5,12128,7.2329,84
3c48ceb3,8555,7.2329,59
2ab7578b,8228,7.2329,50
50b4d3b9,12133,7.2329,84
728791a8,4078,7.2329,21
5b22f60c,13057,7.2301,84
7c1ae97e,4478,7.2356,21
73a85e1d,531,7.2356,1
9ef2b8d,9136,7.2356,50
47abe1c9,10883,7.2356,75
2da9d5bb,9225,7.2356,50
50961ded,11637,7.2356,74
6cd1b15b,4014,7.2329,21
5d38426a,4302,7.2329,21
2d7bb903,1300,7.2356,11
3546a0cc,11379,7.2356,80
547c9456,9268,7.2356,50
4bc8a7a1,10755,7.2356,74
3b0bac7a,7438,7.2356,50
3b4b3b17,7240,7.2329,50
b25d60c,3121,7.2356,21
55e8d66,4594,7.2356,21
22a738d7,3415,7.2356,21
20eaf76e,11972,7.2329,84
47bffb2c,8038,7.2356,56
63d089cb,13409,7.2356,84
172eddf3,3416,7.2356,21
1a19525,9382,7.2356,50
d70118c,3400,7.2356,21
60e4f2a9,9046,7.2356,62
2411a6ab,8580,7.2356,50
55553af2,3633,7.2356,21
1a1c5575,8007,7.2356,50
3d9c3f1b,4476,7.2329,21
322c6f42,9389,7.2356,50
6def935b,4992,7.2384,33
3fa9dc9f,11946,7.2329,84
30567cc9,8060,7.2384,50
16a4113f,11000,7.2384,74
6a5a2bb3,8935,7.2329,50
3b5d1fc5,7064,7.2384,50
4ae16115,8326,7.2329,50
7c7aac9f,9355,7.2384,50
ff936e6,11940,7.2384,84
47460710,13423,7.2329,84
14b68b0a,11973,7.2384,84
551eb940,13110,7.2384,84
7c29e928,13544,7.2329,84
ba00f3a,4041,7.2384,21
2b6e3b9f,13320,7.2384,84
b9a530b,9010,7.2384,50
38499bf9,9028,7.2384,50
41d885a8,7307,7.2384,50
5653234f,12359,7.2384,84
339b8a15,8801,7.2384,50
6973ed3a,13281,7.2384,84
64d05275,13669,7.2356,84
30a8f914,5909,7.2384,1
4e05342d,4311,7.2384,21
44ca3aab,8005,7.2384,50
2b6ecb05,13348,7.2384,84
15b2f5bb,8915,7.2384,50
5d02f96f,1301,7.2384,11
2a15db82,4892,7.2411,1
75dc21bf,3634,7.2384,21
63a802ae,4056,7.2356,21
2e82455b,12306,7.2411,84
6274611c,3539,7.2384,21
287735bc,3414,7.2411,21
2cba32fb,13427,7.2411,84
25218180,8009,7.2411,50
6e7fcb9e,1504,7.2356,11
2f422bcc,7553,7.2411,50
3e09314d,13159,7.2411,84
43d9f19d,4880,7.2411,1
53eaf143,13111,7.2411,84
6d48bcb9,7489,7.2411,50
540c4be6,3600,7.2411,21
1abc6b04,4079,7.2411,21
16e524d7,3982,7.2384,21
1201afa1,6877,7.2411,50
4ae7173b,5073,7.2411,1
1e1d27f9,6981,7.2384,50
1f0bc0e3,2909,7.2411,21
5a71196b,2979,7.2411,21
3a84642c,11001,7.2411,74
6c029c15,7996,7.2411,50
4399dc33,13518,7.2384,84
1b45621b,10988,7.2384,74
62eb0ab6,3009,7.2411,24
7c658b0b,2780,7.2384,21
63865f81,10223,7.2411,68
7abae2d9,7546,7.2411,50
774fd1f9,1325,7.2411,11
272221c8,3549,7.2356,21
768918fa,13256,7.2411,84
5b8890d8,13333,7.2411,84
52c15249,2781,7.2411,21
645b15b8,11485,7.2411,74
5a2b8f01,8017,7.2411,50
5f50110d,2949,7.2438,21
45bacacc,1587,7.2438,11
3406ae05,10756,7.2438,74
1db18b28,4631,7.2438,21
217babf3,2903,7.2411,21
4baf1afb,3819,7.2438,21
27ae7b5a,7100,7.2411,50
34d129c9,3122,7.2438,21
1826ee46,8609,7.2438,50
25a80cb0,7129,7.2438,50
42b55b8e,13471,7.2438,84
59700fc5,3773,7.2411,21
dd0db1a,3629,7.2384,21
30f23408,8008,7.2438,50
942157,9325,7.2438,50
70c21627,9326,7.2356,50
104dadc7,4287,7.2438,21
1a8612d5,10791,7.2411,74
55da732a,13160,7.2438,84
343895d4,10809,7.2438,74
c0d4073,6934,7.2438,50
70e42e3,4574,7.2438,21
26fd647e,8056,7.2438,50
74cea82f,12100,7.2438,84
20b810a8,8061,7.2466,50
46d0d214,1442,7.2466,11
33bc8977,10811,7.2466,74
7e2fd5ea,13551,7.2466,84
1e72a7d7,2878,7.2466,21
5e72867f,11917,7.2466,74
9d25bf7,4006,7.2466,21
9d24fa2,3293,7.2466,21
32ade2f1,9991,7.2466,1
2951d50,8557,7.2438,59
489e2203,1304,7.2466,11
5388c504,2904,7.2466,21
48bc3f88,6632,7.2466,49
6269c452,12036,7.2466,84
5b5e7c26,11635,7.2466,74
4eeb22ac,8177,7.2466,50
1f0d9510,11976,7.2466,84
5bca4637,5526,7.2466,36
67820486,5926,7.2438,1
4be50770,13389,7.2466,84
6372ed66,12035,7.2438,84
741b4de6,4583,7.2466,21
34ad1d7,13112,7.2466,84
60779849,13163,7.2466,84
141a50fc,3576,7.2466,21
3ac05be4,2896,7.2466,21
6fd1e102,13690,7.2466,84
239ba21a,2980,7.2438,21
33b88961,6010,7.2493,1
4a77260f,9149,7.2493,50
75e3b25a,12037,7.2493,84
4d44d879,3126,7.2493,21
2d7de922,13083,7.2493,84
5af99e6d,4080,7.2493,21
79f0135d,13552,7.2493,84
32e0860a,10867,7.2493,74
598c173f,3981,7.2466,21
1b7ac1d5,4888,7.2493,1
de63e21,8556,7.2493,59
3b002941,8230,7.2493,50
28ce4f1,1002,7.2493,1
202be866,12760,7.2493,84
4f35f91c,12099,7.2466,84
2d972b18,8062,7.2493,50
739ec1ed,994,7.2493,1
496ea4fe,5779,7.2466,1
2ca07a4e,7365,7.2521,50
4c3d8bdf,10881,7.2466,75
281ddc0b,13157,7.2493,84
5e91cf05,5808,7.2493,1
6fdce211,10986,7.2493,74
4929aa1c,10810,7.2521,74
75dcbe93,1662,7.2521,11
5a01d86c,10281,7.2521,1
7a42c380,11636,7.2521,74
650d3b89,12092,7.2521,84
58874e7,7405,7.2521,50
7e3fff9e,3983,7.2521,21
6e07feec,4527,7.2493,21
3a9189f8,13177,7.2521,84
56a313e9,11481,7.2521,74
57e1d5ac,2906,7.2521,21
78a36462,4635,7.2521,21
640a122,13284,7.2493,84
3028265b,11974,7.2521,84
2ac32525,8006,7.2521,50
7e5a47ec,12084,7.2521,84
27cfb13e,11007,7.2493,74
24055d54,10280,7.2493,1
556ebd71,8201,7.2493,50
79a7f517,13329,7.2548,84
233bed5c,4882,7.2548,1
2ddafb92,9280,7.2548,50
d7f4e6d,1023,7.2548,1
4bb60d98,10955,7.2466,74
371b48bf,4389,7.2548,21
4de723a5,5846,7.2548,42
18d269ee,7558,7.2548,50
5cb5f171,9013,7.2548,50
3a1c1052,8051,7.2548,50
41bd0044,2782,7.2548,21
2c0ee67c,11882,7.2548,74
58000253,7237,7.2548,50
2441781,13259,7.2548,84
2b5298ad,9992,7.2521,1
70b4a6bd,10869,7.2548,74
1076cbe5,4376,7.2548,21
28fe3062,9142,7.2521,50
aa4c2e3,7364,7.2548,50
358ca4ea,10815,7.2548,74
f4a92c5,3401,7.2521,21
60587da8,8936,7.2521,50
39ecd483,11380,7.2548,80
397c3ce1,12312,7.2548,84
15e342f7,3759,7.2548,21
45980f55,13080,7.2575,84
308b437,7551,7.2548,50
660e8f73,2784,7.2575,21
139f1764,4292,7.2575,21
3ecd2c67,2944,7.2575,21
31b625b3,1944,7.2575,13
1646c33c,8692,7.2575,50
34d17677,3287,7.2521,21
6d62ccad,11530,7.2575,74
48172eb2,3295,7.2575,21
26b61289,2827,7.2575,21
714fac2c,3240,7.2575,21
20c3171b,11170,7.2575,74
71d4840b,8653,7.2575,50
4e092688,4502,7.2575,21
58bd479a,1578,7.2575,11
549fae6d,12218,7.2575,84
1be8c29,12062,7.2575,84
604c7f0,1821,7.2575,11
3437d13d,13216,7.2548,84
1d72ed10,12107,7.2575,84
68d8f553,3949,7.2575,21
48c384ff,6198,7.2575,1
42770ae3,1328,7.2575,11
48e775d0,5529,7.2575,36
673a73f2,10882,7.2575,75
338ae796,2783,7.2575,21
39c4e644,8989,7.2548,50
4950d316,11507,7.2575,74
752fd861,7310,7.2575,50
52be3ca,3550,7.2603,21
3aea7619,5586,7.2603,36
38da9469,8013,7.2603,50
1a327f32,7910,7.2603,50
efb3755,2691,7.2603,21
72ce7ee9,11695,7.2603,74
3a5271a1,13126,7.2603,84
6a29c74b,10956,7.2603,74
25ae717b,4007,7.2603,21
4c9d8169,11684,7.2603,74
1b8b4630,1782,7.2603,11
3f3cd995,13269,7.2603,84
69cf52a0,3180,7.2603,21
44510227,1459,7.2575,11
7fec7a67,5927,7.2603,1
49791039,10807,7.2603,74
80275e0,3780,7.2603,21
512bf504,8328,7.2575,50
550c3a84,12108,7.2603,84
24619750,12201,7.2548,84
42e2e7d3,9141,7.2603,50
552517df,12040,7.2603,84
17accaa5,1329,7.2575,11
376cfed9,3359,7.2603,21
431bcf6e,9037,7.2603,62
58ad1f98,8789,7.2603,50
56a0425c,8178,7.263,50
329fb24,1311,7.2603,11
1ed43490,7230,7.263,50
2eb5b90d,8012,7.2603,50
4eb6bc33,2879,7.263,21
7ad3ac25,4042,7.263,21
380c3c52,3950,7.263,21
36ef9880,8907,7.263,50
7db9609e,11155,7.263,74
9205a79,8193,7.2603,50
adee781,3597,7.2575,21
6d0bd07b,7253,7.263,50
313d6844,4004,7.263,21
276a6ec2,11013,7.263,74
2c120bc4,12038,7.263,84
510d1328,8234,7.263,50
2f1548f0,6876,7.2575,50
62b6997a,9282,7.2658,50
16def790,3638,7.2658,21
2aae92a4,10818,7.2658,74
1303508a,4604,7.2658,21
64c27332,9040,7.2658,62
45a866d9,9023,7.2658,50
242b6b8b,3989,7.2658,21
5bcaff7c,10816,7.2658,74
67af0f25,9281,7.263,50
7a4ee618,11640,7.2658,74
73c06edb,530,7.263,1
75d850d4,13407,7.2658,84
ad00ad7,9313,7.2658,50
7a343b3,1513,7.2658,11
7765532a,1501,7.263,11
4a80cf86,5912,7.263,1
57a3b3be,12326,7.2658,84
a824663,4586,7.2658,21
2d36b722,12055,7.2658,84
6106b1fd,8015,7.2658,50
2b72d020,7057,7.2658,52
335b2a73,1781,7.263,11
2b4c049d,12109,7.2685,84
7f11c150,1006,7.2685,1
42dfed42,8016,7.2685,50
48775a58,10276,7.2685,1
283d5fd8,13325,7.2685,84
639eceae,7098,7.2685,50
127498cc,3660,7.2685,21
2f7cc23d,7311,7.2685,50
6dfd9b95,5732,7.2685,1
7883c33a,11014,7.2685,74
4e07961e,2689,7.2685,21
7a3c8c9,4291,7.2685,21
603da9b,8318,7.2685,50
607f4372,7255,7.2685,50
123a9e05,9039,7.2658,62
bc6e90b,1302,7.2658,11
7a2c612b,11921,7.2685,74
13892dea,3231,7.2658,21
977983a,4313,7.2685,21
4ffbf5a7,1506,7.2658,11
73c9d3e2,4889,7.2658,1
146309a8,13174,7.2658,84
5a260b06,11012,7.2685,74
2975460c,4008,7.2685,21
1cf6bd50,12085,7.2685,84
666a2a91,13330,7.2685,84
33a5fcdb,3406,7.2685,21
4d76adfc,7548,7.2658,50
cb025a4,8370,7.2685,50
31dbb113,9132,7.2712,50
321dd402,2778,7.2685,21
1ba8e32c,7988,7.2712,50
16b878f8,6201,7.2712,1
7a071015,11015,7.2685,74
26e66693,9307,7.2712,50
7a0b50e0,8951,7.263,50
776d4357,4057,7.2712,21
231e5ddd,4634,7.2712,21
2f2198e1,8693,7.263,50
6de4a2a8,12482,7.2712,84
3079b95d,4610,7.2712,21
78238379,4587,7.2712,21
588f50cd,12042,7.274,84
6658cb7f,12484,7.274,84
2d9a4b75,9014,7.274,50
7b4a2dad,7315,7.274,50
33f3318e,3659,7.274,21
57af44c2,4528,7.274,21
75847fc2,8803,7.2712,50
23fc133f,5816,7.274,42
5f89139a,11156,7.274,74
755c26a4,3899,7.274,21
58f8e599,11884,7.274,74
ed4eb2b,13520,7.2685,84
53d4cb7f,11862,7.274,74
19d62ca8,12095,7.274,84
dab5030,11630,7.274,74
69b4fc62,8843,7.274,50
1260b831,6939,7.2712,50
3bc494e5,8910,7.274,50
135f5c59,7559,7.274,50
44a2b4d2,7982,7.274,50
53942d47,7408,7.274,50
4c68e86c,11510,7.274,74
74e9ec6d,13164,7.2767,84
66509a2,10778,7.2767,74
1adc6d3,8063,7.2712,50
d45aa8a,6976,7.2767,50
4e7bfea6,9068,7.2685,50
557457d7,8001,7.2767,50
75cae980,3248,7.2767,21
7bfd368b,4299,7.2767,21
6a62699c,3004,7.2767,24
48461bb9,7309,7.2685,50
75033ce5,7063,7.2767,50
3cde7e0,1507,7.2767,11
675805a0,3598,7.2767,21
245e551,1491,7.2767,11
3675be93,8654,7.2767,50
1e8fbe5e,7406,7.274,50
666cf5e5,2978,7.2767,21
a6409d9,3548,7.2767,21
2d366830,8025,7.2767,50
4e284e86,7371,7.2767,50
4fea497b,3988,7.2767,21
656abb9e,10814,7.2767,74
7b0328eb,1588,7.2795,11
77d30573,10660,7.2767,74
6aef2b63,1003,7.2795,1
5a69dbeb,13670,7.2795,84
3cac280c,7925,7.2795,50
6070c2c3,9047,7.2795,62
384fe43d,11975,7.2795,84
57d886da,2986,7.2795,21
447f0b71,11171,7.2795,74
50dd3696,13671,7.2795,84
8ba95aa,7226,7.2795,50
17f45ebc,3360,7.2795,21
15360394,10224,7.2795,68
489e4ce,8323,7.2767,50
381153ad,1938,7.2767,13
1c1bbbf,8908,7.2795,50
34751485,4081,7.2795,21
7f112951,12196,7.2795,84
4ebbf15c,10174,7.2795,1
4d2f8125,10987,7.2767,74
41bfd77c,10812,7.2795,74
a0ef1b8,13058,7.2795,84
5df222f2,10863,7.2767,74
7cb6c2c0,12135,7.2767,84
2bdfd3bc,9226,7.2795,50
3413ce75,4321,7.2795,21
1ac8594b,8655,7.2822,50
25f36959,1579,7.2822,11
69da3aa7,7468,7.2822,50
3c4d5613,8010,7.2822,50
641752d0,7066,7.2822,50
5a1046aa,13261,7.2795,84
6227504d,8790,7.2822,50
41586cf3,4890,7.2822,1
1db463d6,7174,7.2822,50
348c7fd4,4503,7.2822,21
6ad33a47,3296,7.2822,21
4e87dbb2,8558,7.2822,59
4d4320da,10332,7.2822,69
4b467d12,12483,7.2822,84
6ad39f81,8798,7.2822,50
3d762fd0,8018,7.2822,50
4e842b3b,9036,7.2795,62
2295c325,3008,7.2822,24
c4db546,9133,7.2822,50
7a141cd9,11957,7.2822,84
7690a4e4,10792,7.2822,74
19a284fe,12063,7.2822,84
78a4f509,9266,7.2822,50
220cdc10,7560,7.2822,50
3723bdb,13293,7.2849,84
4631c556,1767,7.2849,11
5148eb31,7065,7.2849,50
5c400092,9351,7.2849,50
313baae,9011,7.2849,50
47bb0a80,12219,7.2822,84
513c7025,13238,7.2822,84
d24be00,13262,7.2849,84
137ca3c0,9310,7.2849,50
c0c4425,12220,7.2849,84
64742a87,8627,7.2849,50
3e83b0d9,7252,7.2795,50
16ffcdb7,10870,7.2849,74
606b0e0b,11003,7.2822,74
509f4e8e,7602,7.2849,50
ea8534f,3944,7.2849,21
2d0e2f3b,11631,7.2849,74
4574dd58,11004,7.2849,74
31594ca7,1625,7.2849,11
7dd798ab,8934,7.2849,50
56622f7f,7472,7.2849,50
31a99e75,5923,7.2822,1
6d02088c,7473,7.2877,50
e7f8669,11685,7.2877,74
5bf906c0,11005,7.2877,74
24fd16d,7435,7.2877,50
4f2c45cd,2997,7.2877,21
328b306b,11883,7.2877,74
3c6b56e,3656,7.2877,21
4fb018de,9328,7.2877,50
3d8e938f,12043,7.2877,84
593cd9d0,13069,7.2877,84
1021bbde,6026,7.2877,1
7b42c9d9,11486,7.2877,74
1d7708e2,11977,7.2849,84
34fb4887,3992,7.2877,21
7da0b77c,8179,7.2849,50
3bfafa19,8954,7.2822,50
60c20c5d,3201,7.2877,21
d231d9d,965,7.2877,1
6372d3ce,9151,7.2877,50
1b11838b,4010,7.2877,21
6b41d450,7238,7.2849,50
7e9be350,4304,7.2877,21
b02a3ee,13273,7.2877,84
1c1874de,10176,7.2877,1
64621df,1841,7.2904,13
454fc49b,13679,7.2877,84
799ec059,11694,7.2877,74
58be2d59,6940,7.2877,50
f27f1c7,4573,7.2904,21
e466a64,8094,7.2904,50
46bdf873,12101,7.2904,84
19dcdafe,1940,7.2877,13
1b1ce1dd,9121,7.2904,50
5ad45b85,4588,7.2904,21
16cf4d94,10284,7.2877,69
3f326ef1,7901,7.2904,50
16656704,12136,7.2904,84
6991541c,9069,7.2904,50
5de1757,10871,7.2904,74
29b7a4fb,1312,7.2904,11
1457ab8e,12054,7.2904,84
77852cac,9041,7.2877,62
294f9a4,9265,7.2904,50
16100571,9358,7.2904,50
3fb2c7e6,13254,7.2877,84
618c6cf0,4305,7.2877,21
6aaa90b2,8211,7.2904,50
21dee24a,10865,7.2904,74
44f0f0bc,5528,7.2904,36
52dd5ede,12307,7.2904,84
7bf93e94,13175,7.2932,84
799036f7,4308,7.2932,21
3aa64c69,3658,7.2932,21
2b5de4d,11681,7.2932,74
300a5d11,13165,7.2932,84
4855f269,8231,7.2932,50
40183a0e,10661,7.2932,74
6c73d3f6,4005,7.2932,21
ef3f9bc,13545,7.2849,84
69d294b1,7471,7.2932,50
19bff496,4077,7.2932,21
681b1bcf,4367,7.2932,31
477d5bf5,8834,7.2932,50
7a3b554,8369,7.2932,50
1a859959,11956,7.2877,84
baabdac,10793,7.2904,74
7620d774,7342,7.2904,50
46556f1c,11511,7.2932,74
68682e7b,1515,7.2932,11
702c79de,1842,7.2904,13
2e35edaa,12199,7.2932,84
5e5e046f,7563,7.2932,50
339ebd37,4009,7.2932,21
7a26d850,9152,7.2904,50
669d6006,7439,7.2959,50
206fd013,8937,7.2959,50
21b63109,1945,7.2959,13
fe5242c,8319,7.2959,50
495447e2,11509,7.2959,74
17e5e993,12120,7.2959,84
7cbac1f,5847,7.2959,42
21a92c8e,7422,7.2959,50
2187870c,8209,7.2959,50
7c1359a9,4315,7.2932,21
4a29040e,13343,7.2959,84
72b8d5a9,4039,7.2932,21
284924b5,9330,7.2959,50
6e1850fd,7101,7.2959,50
406cb06e,1458,7.2932,11
4267d519,8799,7.2932,50
39ba1ef8,7436,7.2959,50
76c64561,2690,7.2959,21
17cbab80,3418,7.2932,21
328186d7,7410,7.2959,50
290533d3,4614,7.2959,21
4eb24283,13331,7.2959,84
a1beb79,4307,7.2959,21
40c6d611,12058,7.2959,84
7ecf57e0,963,7.2959,1
22b5b4e0,8948,7.2932,50
7720d3ec,9267,7.2959,50
120e547,1768,7.2986,11
5d4d2d4,8849,7.2986,50
a49743a,1590,7.2986,11
7b07692c,11531,7.2986,74
7d8bb1d6,7242,7.2986,50
993b122,13190,7.2986,84
5e6a9ec1,9361,7.2986,50
1f43d992,13388,7.2959,84
5f4d8d5f,3251,7.2986,21
5ecc1068,12057,7.2986,84
7fe89261,9122,7.2986,50
48517ba9,1580,7.2986,11
757e97cb,13263,7.2959,84
74705fbf,8052,7.2986,50
2a39e3f9,5925,7.2986,1
4f36fd6d,11458,7.2959,74
47e4131b,4301,7.3014,21
7ca4fa1c,3408,7.3014,21
7de5fa8c,3410,7.3014,21
b1ecf28,3611,7.3014,21
43db508e,2895,7.3014,21
6c05699b,4611,7.3014,21
33e2778f,9315,7.3014,50
4afd682e,11978,7.3014,84
372a1a1d,13666,7.3014,84
65c9a7ee,11638,7.2986,74
18d343f0,10885,7.3014,75
5f5db8c0,9150,7.3014,50
3840abc4,11985,7.3014,84
109e8df5,7231,7.3014,50
12d080d5,9430,7.3014,63
2079b1f7,11675,7.3014,74
1d5a30b7,6199,7.3014,1
794ff7cc,4636,7.3014,21
6f8f0618,3309,7.3014,21
214f417,12317,7.3014,84
4e87a36a,13282,7.3014,84
4870cce1,4605,7.2986,21
389af677,4576,7.3014,21
5fd8bc31,13472,7.3014,84
9263f51,11682,7.3041,74
47fffd50,2693,7.3041,21
28232666,9329,7.3041,50
5d5cf8aa,4589,7.3041,21
6d599157,7254,7.3041,50
553df71a,2899,7.3041,21
5731f7f9,12088,7.3041,84
6d908590,5924,7.3014,45
5733b920,12096,7.3041,84
764149b8,7317,7.2986,50
484cf4d9,13264,7.3041,84
23df4d64,8576,7.3041,50
72542f84,13062,7.3041,84
4cfef54d,4612,7.3014,21
25ab5547,12550,7.3041,84
6f9b126b,7256,7.3041,50
5f8518ad,4048,7.3041,21
136b8aa9,13553,7.3014,84
28044114,11508,7.3041,74
577a283e,4047,7.3041,21
604560f0,3990,7.3041,21
2f349093,3577,7.3041,21
60f37258,7159,7.3041,50
25327880,11198,7.3041,74
238f9fc0,12222,7.3014,84
688629a1,3640,7.3041,21
63bd8c2a,13166,7.3068,84
55fd0ea5,11918,7.3068,74
a53fa45,8844,7.3068,50
66ae3161,3639,7.3014,21
1a643c66,11532,7.3068,74
38f09ea4,8321,7.3041,50
5341118f,8252,7.3014,50
5c120b11,11002,7.3068,74
61a7ae10,11641,7.3068,74
2b6b1616,1330,7.3068,11
74b3f1b3,5910,7.3068,1
568e433c,8384,7.3068,50
2fa54bc3,13051,7.3041,84
842867c,2998,7.3068,21
632387a5,13272,7.3068,84
731400d4,3578,7.3068,21
3fa862ff,3202,7.3068,21
54fd22d0,4314,7.3068,21
510390df,3005,7.3041,24
2ee23bf5,13667,7.3068,84
52a11b4c,9311,7.3068,50
6f77486a,6873,7.3068,50
223fb833,11660,7.3068,74
1d3d1212,13546,7.3068,84
479c1182,3601,7.3068,21
12fd2503,8656,7.3096,50
4ddce94f,4318,7.3096,21
3884cf64,7377,7.3068,50
1fb3c9f7,4293,7.3096,21
641d323f,4368,7.3096,31
4e212962,13335,7.3096,84
3565b78d,12089,7.3068,84
14a75b70,9312,7.3096,50
5040302d,13100,7.3096,84
51bda7a3,5817,7.3096,42
5c3cfb61,13662,7.3096,84
1b11b3bd,3249,7.3096,21
5076292a,9269,7.3068,50
4a0139aa,12131,7.3096,84
71759d25,9270,7.3096,50
76bd0ff6,7565,7.3096,50
782a85ea,12121,7.3096,84
4d6115b3,8577,7.3096,50
5bfbcbf9,3535,7.3096,21
7aec78af,11524,7.3068,74
18746545,4585,7.3096,21
6281b02,10942,7.3123,74
43a14af9,9061,7.3123,50
3533a0c1,10813,7.3123,74
762476f0,2900,7.3068,21
4680f577,3973,7.3123,21
7d65eeaf,9431,7.3096,63
3b530a0a,10872,7.3123,74
756956cf,2763,7.3096,21
726c791b,13283,7.3123,84
3306016c,7103,7.3123,50
61c49135,9331,7.3096,50
4264c45d,7921,7.3123,50
5351d9ab,13182,7.3123,84
321c21eb,12130,7.3123,84
42a95440,8232,7.3123,50
50dfbfcc,3602,7.3096,21
410cccd8,9314,7.3123,50
15d7d1db,7343,7.3123,50
7eb25e01,11460,7.3096,74
7175a910,9364,7.3123,50
2c34ba14,2883,7.3096,21
1385181,1516,7.3123,11
1169ca05,1027,7.3123,1
2a4a1174,4530,7.3151,21
76ab1004,1028,7.3151,1
7f46e0df,11456,7.3151,74
3cb102ef,7474,7.3123,50
468a75bc,1591,7.3151,11
688f7659,13133,7.3151,84
2087338f,13240,7.3151,84
4f3627ad,4548,7.3151,21
1495fb0a,10945,7.3151,74
1274bb1,9070,7.3151,50
1289d872,2881,7.3151,21
b0b8ae7,3644,7.3151,21
30fd7d27,4309,7.3123,21
5becdac,13084,7.3151,84
b3cc24a,1334,7.3151,11
572ad117,4316,7.3151,21
a125a7,9953,7.3123,1
6727c504,1947,7.3151,13
5b6e74d1,10662,7.3151,74
362dd364,4011,7.3151,21
710c76c5,8202,7.3123,50
370e0edf,11008,7.3151,74
4454794a,2910,7.3151,21
5ed6d83d,13099,7.3123,84
3e8b9984,13680,7.3123,84
16ebaa78,8329,7.3151,50
4e85fd32,3006,7.3151,24
9ba7acb,8840,7.3151,50
516428f9,11686,7.3123,74
58e44eed,5068,7.3151,1
1ebed17d,7175,7.3151,50
2e7a0e37,9050,7.3151,62
20ec5aa0,12318,7.3151,84
22c338f5,7376,7.3151,50
cd45b0c,7278,7.3178,50
41e14fe2,8841,7.3178,50
1b571937,13344,7.3151,84
67d3991d,12182,7.3178,84
c712611,10786,7.3178,74
74830271,1946,7.3178,13
4e8a5465,966,7.3151,1
5df9c09,10966,7.3178,74
d42680c,4637,7.3178,21
26e2b324,10787,7.3178,74
23a65847,1327,7.3178,11
3f93092a,9453,7.3178,63
46d5e505,6643,7.3178,49
759d0568,3302,7.3178,21
48479475,2785,7.3178,21
64e80ffc,8352,7.3178,50
7782eda,3605,7.3178,21
bc6e581,5780,7.3178,1
43958012,8053,7.3178,50
2a81a8a8,10868,7.3178,74
37aa5ed5,8833,7.3205,50
72910efe,12132,7.3205,84
2fedcf33,7318,7.3205,50
76c28078,6982,7.3151,50
13193033,1332,7.3205,11
7ce3a752,8913,7.3205,50
5b00948e,4390,7.3178,21
3eb925cd,7561,7.3178,50
647b1281,4043,7.3205,21
543f06b,8582,7.3205,50
5a38a0a9,8353,7.3178,50
2d58716e,10884,7.3205,75
110b915e,4894,7.3205,1
4f6a19ea,8912,7.3178,50
b51fbbc,1854,7.3205,13
14f33f97,5727,7.3205,1
7a4eef66,8253,7.3233,50
37820010,9143,7.3233,50
330a9147,13540,7.3205,84
3e881f36,3635,7.3233,21
33b0e25e,12118,7.3233,84
1415f6b8,13334,7.3233,84
73f2cdd4,7067,7.3233,50
d7d0d33,7554,7.3233,50
2bcc3e2a,6055,7.3233,1
39ebbcd0,5928,7.3233,1
2702d63,12197,7.3233,84
6789dc94,967,7.3233,1
2509af91,11661,7.3233,74
27851c3,7246,7.3178,50
45e46d8b,11009,7.3233,74
1b7d0050,7440,7.3205,50
66117060,9042,7.3233,62
658942f4,4303,7.326,21
4ccd5fad,7591,7.326,50
61840a21,2913,7.3233,21
4e357a07,3968,7.326,28
630f9871,13070,7.326,84
6823745b,5587,7.326,36
72437600,12203,7.326,84
3fe4b01d,12122,7.3233,84
3bc656f8,11994,7.326,84
7a5296a3,10943,7.326,74
1f522eac,11381,7.3205,80
6ca000b1,11199,7.326,74
6558ea4b,6052,7.3205,1
bd19fcd,13068,7.326,84
578e755,3409,7.3288,21
69b1cac3,7423,7.3288,50
4b997f0c,11487,7.3288,74
4cb1ae45,4294,7.3288,21
e31aac9,8097,7.3288,50
69318e1e,1765,7.326,11
4e196fc8,12200,7.3288,84
69d0fd2b,3233,7.3288,21
28d2a5d2,13183,7.326,84
2165e248,8955,7.3288,50
2bb625e3,8583,7.3288,50
4e121ff5,4306,7.3151,21
48b87ab2,4606,7.326,21
20459ab9,1007,7.326,1
1d044756,11687,7.3288,74
707e028,13257,7.3288,84
59b4aa8a,4577,7.3288,21
411608b1,7320,7.3288,50
4cd92307,9052,7.3288,62
55a87357,13107,7.3288,84
6aa9b043,7599,7.3315,50
52171b9e,8212,7.3315,50
6d439e75,8103,7.3288,50
4e9e6c8f,7555,7.3288,50
2e8b1bac,9271,7.3315,50
5ab61725,7378,7.3315,50
38aff7e1,7319,7.3315,50
1fa3631f,8101,7.3315,50
7502509e,1009,7.3288,1
3a263e9,12102,7.3315,84
4e900ca6,3011,7.3315,24
44758c83,11958,7.3315,84
404ab489,13525,7.3342,84
272b9abe,8098,7.3315,50
37861899,13239,7.3342,84
5fff8b7e,13128,7.3315,84
3c5e8c83,3171,7.3342,21
166ff9d1,7379,7.3342,50
4a0482f4,1766,7.3315,11
5c6ffb04,3969,7.3288,21
a07c213,10794,7.3342,74
2c75ffbb,13691,7.3342,84
73ce4a75,1463,7.3342,11
31010f60,10789,7.3342,74
1b1ba5e1,13085,7.3342,84
36c49b09,2911,7.3342,21
154352d4,9124,7.3342,50
76990764,3419,7.3342,21
7bbe71aa,11382,7.3342,80
42fd0bb2,7556,7.3342,50
75450a15,1517,7.3342,11
4d7aa817,13429,7.3342,84
3a29d29e,6964,7.3342,50
5073cc37,8842,7.3342,50
1430ff53,8953,7.3342,50
77fde782,11016,7.337,74
5f29f11f,12548,7.337,84
5792e871,12090,7.3288,84
7d98c9aa,13665,7.337,84
39724181,4298,7.3315,21
33c4a05a,11662,7.337,74
23750e34,7557,7.337,50
39ad7b83,3985,7.337,21
6efe39c,13129,7.337,84
63e4bb4b,13345,7.337,84
588afb04,3402,7.337,21
73234202,8360,7.337,50
4e5a563f,9396,7.337,50
45d5e56e,5179,7.337,1
3ad307c,2882,7.3342,21
c70b9d6,3411,7.337,21
1087edc9,7926,7.337,50
7a939422,7491,7.337,50
63438f16,7130,7.3342,50
66fa303e,2695,7.337,21
5b3213ab,4058,7.337,21
10d765dc,13358,7.3397,84
1960d019,1333,7.3397,11
36269f59,9051,7.3397,62
50f23f3b,9054,7.3397,62
7ba0497c,4529,7.3397,21
645fae09,4891,7.3397,1
6601398c,9452,7.3397,63
27cbd990,7260,7.3397,50
5ed98fbc,9015,7.3397,50
37ff90c1,11010,7.337,74
47ef4d88,8327,7.3397,50
284dd1a0,9125,7.3397,50
51b38a60,7104,7.3397,50
2059fc32,3254,7.3397,21
43855b85,4595,7.3425,21
7e3bdd70,10197,7.3425,68
38bdc3c6,3242,7.3425,21
7510ae3b,13692,7.3397,84
1c208a6f,9153,7.3425,50
3c5004c6,4547,7.3425,21
457c4fa0,7102,7.3425,50
7a84cd20,8952,7.3425,50
6b14d60d,13521,7.3425,84
6a254379,8938,7.3425,50
1ab45970,10989,7.3425,74
2dfcbbb,1589,7.3425,11
6409c316,10886,7.3425,75
3e959912,11912,7.3342,74
762b25b8,7227,7.3425,50
7eeb3b32,12202,7.337,84
46ac8246,8916,7.3397,50
3a520b3b,3288,7.3425,21
281d486a,1624,7.3425,11
f88c4f0,13524,7.3397,84
2d94c9f5,4542,7.3397,21
13c75a6e,4049,7.3425,21
7b504af,13132,7.3425,84
1c67df79,10788,7.3452,74
45a9522b,13526,7.3452,84
c4fa12a,3603,7.3452,21
79f0a37,12204,7.3452,84
2820f617,5733,7.3425,1
7ce24e9,4993,7.3452,33
2797d132,12129,7.3452,84
5620621b,9016,7.3452,50
2991045a,3217,7.3452,21
6aecf31,1335,7.3452,11
1f299097,12103,7.3425,84
55d2140f,12225,7.3452,84
4acc09d3,4322,7.3452,21
6b5e6704,9308,7.3452,50
1bf9fa19,12086,7.3452,84
48877cd9,3010,7.3452,24
622f768b,10285,7.3479,70
7ad14b8d,11663,7.3479,74
2e2c5ffc,13693,7.3479,97
5dbe9f54,3604,7.3479,21
44bc2146,1494,7.3452,11
34c1977f,8357,7.3479,50
2bcbe80f,11461,7.3452,74
23a4d4c5,8057,7.3479,50
78defda4,11919,7.3452,74
513399d4,4387,7.3479,21
74a034a5,13694,7.3479,97
168c22c6,13681,7.3479,84
4ce22f21,9357,7.3479,50
14d20225,8385,7.3479,50
43dec8c4,13258,7.3452,84
eee0452,1493,7.3479,11
41bf9f44,13294,7.3479,84
7b9e0c36,10779,7.3425,74
2658af43,7344,7.3507,50
1375cba4,7241,7.3507,50
6d47910c,9072,7.3507,50
66b3cf2e,2875,7.3507,21
5f2460c,1941,7.3507,13
5d7fdbeb,8104,7.3507,50
22e36fb5,12221,7.3507,84
386795fd,2876,7.3507,21
6979ac0c,2694,7.3507,21
11cbc4b2,9400,7.3479,50
4db681d,8949,7.3507,50
61e32a1,13430,7.3507,84
2d297e2,13081,7.3507,84
26ef5278,13567,7.3479,84
69cefc43,12549,7.3507,84
1e3240e1,4549,7.3479,21
849a942,12137,7.3534,84
72893732,8386,7.3534,50
7634160a,5530,7.3507,36
54e946a1,13554,7.3507,84
4adb949b,4531,7.3507,21
4662f069,8990,7.3534,50
324425e,3012,7.3507,24
1d66d0d5,13071,7.3534,84
10066128,7232,7.3534,50
5cda731d,11459,7.3507,74
b0ff0ae,3311,7.3534,21
5abfb81e,1939,7.3534,13
15b1cd66,11989,7.3534,84
87bbe86,12360,7.3534,84
7ba827a5,9043,7.3507,62
50e3a07d,3396,7.3562,21
483cb02f,7927,7.3562,50
160aebe,3900,7.3562,21
75a5e8ad,2697,7.3534,21
489ee0c2,9436,7.3562,63
249da04f,11688,7.3562,74
3c5838a,5307,7.3562,35
19f0bf6a,10993,7.3534,74
39ea0958,6644,7.3534,49
46a6eeca,1337,7.3507,11
59c061c9,8105,7.3562,50
7447a650,1995,7.3534,13
3d91ef4f,13556,7.3534,84
12e7e2a4,2987,7.3589,21
7b2e9969,8376,7.3589,50
3212d57a,8658,7.3589,50
73c05fbc,13113,7.3589,93
7dfc70a0,1492,7.3589,11
22b5a644,13682,7.3562,84
6e685509,4050,7.3589,21
65c8aed2,9332,7.3589,50
4bbfe0,8026,7.3589,50
66907188,2786,7.3589,21
2d148f8f,2884,7.3589,21
28e3e03,13390,7.3589,84
227eae95,7373,7.3589,50
455f479c,13473,7.3562,84
6e316a5,8958,7.3589,50
5b0a1d26,12223,7.3589,84
526b893f,8726,7.3589,50
5b68fe1,7372,7.3589,50
1bfef7cc,9012,7.3589,50
10162ab8,8965,7.3616,50
1e3a6bf4,2885,7.3616,21
343ccc77,4642,7.3616,21
2fc23655,11863,7.3616,74
43eef4f6,11540,7.3616,74
628c45d9,7131,7.3616,50
2fa4f7b7,5531,7.3616,36
116a0c88,11696,7.3589,74
25970317,8354,7.3616,50
25b538f1,12119,7.3616,84
2d246abf,7928,7.3616,50
5abc45cc,11995,7.3616,84
6c6b3ddf,8959,7.3616,50
61719fe9,11922,7.3589,74
71f914fe,10225,7.3616,68
65380cd4,8320,7.3616,50
7d07c880,4578,7.3589,21
73f8240d,12226,7.3616,84
46c87a68,9025,7.3589,50
7fafc8ab,4044,7.3616,21
3caf4c16,10958,7.3589,74
e45dfc2,13568,7.3616,84
b5bff58,10957,7.3616,74
ab08408,9064,7.3616,50
4c39b6b4,8991,7.3616,50
6ca2cb3e,9363,7.3644,50
38d758cd,8968,7.3644,50
18951587,4319,7.3644,21
791363e9,13555,7.3644,84
36c91b1b,10819,7.3644,74
253cdd10,10887,7.3644,75
37c48760,13391,7.3644,84
4d45519d,3252,7.3616,21
4f5669c8,8199,7.3616,50
3139a2fa,8956,7.3644,50
2255cc3a,8270,7.3644,50
112306f6,13061,7.3644,84
457bb854,9336,7.3644,50
391f911a,1462,7.3644,11
454ddab1,11664,7.3616,74
49f5ea3e,4544,7.3644,21
5154424c,10944,7.3616,74
14869e3d,7366,7.3644,50
3fb5564e,964,7.3644,1
4e37dffa,9435,7.3644,63
59f7ff9c,1592,7.3644,11
2a4290cc,13541,7.3671,84
a1584cf,12486,7.3671,84
70177a4f,1025,7.3671,1
3188672b,3232,7.3671,21
1f07b4e5,8106,7.3671,50
79eab386,8830,7.3671,50
47908887,11920,7.3671,74
61855f46,11996,7.3671,84
54f89cdd,9411,7.3671,50
f9c5f8b,3289,7.3671,21
6a292c8f,3294,7.3671,21
43877f0f,9451,7.3671,63
6fdd827a,3970,7.3671,21
e90ee3c,11689,7.3644,74
2c4aebb6,3993,7.3671,21
659a448,6965,7.3699,50
67fefe16,7068,7.3671,50
1ec2ce40,11534,7.3699,74
32458151,13410,7.3699,84
1ff99ae1,8245,7.3699,50
1cb41536,12558,7.3699,84
67d85a4d,3615,7.3699,21
77c616ee,8095,7.3671,50
1b7a3521,6942,7.3699,50
24bba465,8657,7.3699,50
181a1861,8371,7.3699,50
1c64a041,10888,7.3699,75
3db5331d,10971,7.3699,74
33548b56,8850,7.3699,50
7a832323,11864,7.3699,74
3e2389a,8652,7.3726,50
6328dc59,13349,7.3726,84
4b73e197,7124,7.3726,50
5fca0e3f,9406,7.3726,50
3c33a4de,7261,7.3726,50
2e876d2a,9053,7.3726,62
7aac5e34,3991,7.3726,21
3b29fa88,13414,7.3726,84
32fe2108,8204,7.3699,50
cd302e4,7069,7.3726,50
75180ca8,13274,7.3726,84
54ac5381,7444,7.3726,50
41d78a03,1336,7.3726,11
591231f3,4317,7.3699,21
5f749129,13476,7.3726,84
10620ac4,13108,7.3699,84
6c5a0b35,13569,7.3726,84
5a5c6d64,12319,7.3726,84
27a673be,7105,7.3753,50
6ff34310,13527,7.3753,84
534cfe78,9044,7.3726,62
564630c1,2886,7.3753,21
6ac28e38,3971,7.3753,21
7eed2b5d,8213,7.3753,50
b731c53,13566,7.3753,84
3ff88c7b,8914,7.3726,50
2ab347a0,10676,7.3726,74
5eda2b16,1518,7.3753,11
41b566f2,9126,7.3753,50
58d1bb1c,13301,7.3753,84
56951a5a,7441,7.3753,50
4517155f,4998,7.3753,33
3ef7c2d2,13474,7.3753,84
549fa108,7247,7.3753,50
2aa6260b,8324,7.3753,50
576673ed,7106,7.3726,50
5787ca81,1626,7.3753,11
66e528c5,13295,7.3781,84
54c1beb2,8180,7.3781,50
7eb9b698,8233,7.3781,50
6534413a,7075,7.3781,50
1a9bf6a,11980,7.3781,84
6813be1c,9309,7.3781,50
16969385,3127,7.3781,21
6350a28,5178,7.3781,1
5b2dd8f0,4403,7.3781,21
1c576f3e,9362,7.3781,50
50c9c131,8058,7.3781,50
255f766a,4472,7.3781,21
1000c069,9365,7.3781,50
370963c8,9432,7.3753,63
6e573ad8,11533,7.3781,74
29d7fc51,1853,7.3753,13
77e52327,8214,7.3781,50
6170a63a,10664,7.3781,74
1d9b8eff,8581,7.3781,50
bb8cc69,8957,7.3781,50
551a2a22,13178,7.3753,84
313f17cd,3420,7.3753,21
70128b63,3218,7.3808,21
3d04ca8c,8831,7.3808,50
39cbbc34,7566,7.3808,50
708355bf,4997,7.3808,33
2ac6638,9359,7.3808,50
14ae815f,8182,7.3808,50
fe579ec,13432,7.3808,84
6b2b4e38,11865,7.3808,74
5dde5afb,9458,7.3808,63
16fd04f,3013,7.3808,24
61ab1d44,9401,7.3781,50
45a53284,7493,7.3808,50
a082547,13191,7.3781,84
744efe86,10866,7.3781,74
b5cb5e8,6056,7.3808,1
32a4d8fa,6969,7.3808,50
5e79fd38,4545,7.3808,21
5dc092bf,8100,7.3808,50
335d8f1a,1948,7.3836,13
272af283,8835,7.3836,50
36ab4b63,12224,7.3836,84
6f276263,1464,7.3836,11
305d15c2,9127,7.3836,50
401347a0,3303,7.3836,21
ed33bfc,13564,7.3808,84
2c0ffc92,6941,7.3808,50
786fb70a,13303,7.3836,84
6219870f,11536,7.3836,74
20444ec0,9442,7.3808,63
7a30332f,1593,7.3836,11
2988ab97,10675,7.3836,74
2c5a8e4b,9459,7.3836,63
2eeae74e,4295,7.3836,21
553800f7,8848,7.3836,50
3900cdd4,8108,7.3836,50
3c7b28be,12044,7.3863,84
41502469,10689,7.3863,74
e47b484,7126,7.3863,50
38f97b9a,4320,7.3836,21
2d53ebca,3253,7.3863,21
1282edd9,11979,7.3863,84
224e518,9334,7.3863,50
78d3f27a,10286,7.3863,70
52b1e08c,11885,7.3863,74
362b435a,8099,7.3863,50
21e774eb,4300,7.3863,21
1358d6a6,7492,7.3836,50
16311d31,4638,7.3863,21
6011aaf1,13217,7.3836,84
6661b473,7109,7.389,50
e0dea,3536,7.389,21
4bd93afb,7564,7.389,50
4bf05fbd,1594,7.3863,11
51034f47,13302,7.3863,84
43b4e27,8235,7.389,50
6959fff,13698,7.389,97
1afd1304,13696,7.389,97
18f1ec42,532,7.3863,1
53c3f16c,4369,7.389,21
1a4765f1,12151,7.389,84
dd7d745,12059,7.389,84
7fc090c8,13346,7.389,84
6844e08e,12123,7.389,84
24c0247b,11537,7.389,74
28a6cac0,12045,7.3863,84
179eb259,12104,7.3918,84
6c2326b2,8181,7.3918,50
23aceb28,8917,7.3918,50
d861b43,8355,7.389,50
66af0da,4052,7.3918,21
64848634,12481,7.3918,84
679c10c6,9456,7.389,63
11673aa0,13522,7.3918,84
6442aa7a,12506,7.3918,84
55d6660f,9457,7.3918,63
46ba04f,4551,7.3918,21
441e33d0,13241,7.3918,84
6c84a3c9,5818,7.3918,42
a844648,7233,7.389,50
53b4f68f,8345,7.389,50
6601cf9a,11175,7.3918,74
377c774c,5588,7.3918,36
2f52b278,8847,7.3918,50
430cd894,3412,7.3918,21
7cc17dc,2915,7.3918,21
45575b34,13246,7.3945,84
73d1f44d,9412,7.3945,50
4ec76617,13184,7.3945,84
1b2de5c6,5527,7.3945,36
21d655a9,8254,7.3945,50
4643d4b8,9433,7.3945,63
718514fd,8704,7.3945,50
31edb89d,3014,7.3945,24
5f2ccde,11665,7.3945,74
37bc71e7,9434,7.3945,63
4c81ce53,9997,7.3945,1
161aaad4,1855,7.3945,13
46bd71ce,5535,7.3918,36
4e244abb,9066,7.3945,50
175f9d7e,13565,7.3945,84
573ca474,10667,7.389,74
6126ac92,7110,7.3945,50
4583777,13365,7.3945,84
47576122,9413,7.3918,50
2b4a9ae1,4648,7.3945,21
4015569b,8206,7.3945,50
5b33261,8356,7.3945,50
79911d84,9283,7.3973,50
31e08792,7929,7.3973,50
6f31dc5,6053,7.3973,1
3a1ebb3a,7123,7.3973,50
da36b0,7437,7.3973,50
5cba4e73,7424,7.3973,50
6cb8220e,3297,7.3945,21
700435c2,12347,7.3973,84
43f0aaf6,1843,7.3973,13
3c70f3e1,9460,7.4,63
1886b7b,1465,7.4,11
1f8b43ba,5915,7.3973,1
328eba17,11006,7.3973,74
63f523a1,9317,7.4,50
21644f17,7125,7.4,50
a111ef2,5913,7.4,1
2d85fc1a,5947,7.4,1
232e1e91,3421,7.4,21
690cc97e,7600,7.4,50
6a132fbf,3642,7.4,21
340a3b31,10820,7.4,74
670361b7,1858,7.3945,13
684b1310,8246,7.4,50
1bd6a771,3986,7.3945,21
7ee0d489,1949,7.4,13
2920c3b,9055,7.4,62
32714cea,5001,7.3973,33
1cb288fa,9228,7.4,50
a055261,3641,7.3945,21
648e5379,1029,7.4,1
352274c8,8096,7.4,50
76ef7807,8102,7.4027,50
4e416c2c,12124,7.4,84
463cc846,13306,7.4027,84
2e502831,1996,7.4027,15
503f5e63,6200,7.4027,1
5d9d2b23,4051,7.4027,21
18f80cb0,1008,7.3973,1
38a68911,6971,7.4027,50
12400420,11697,7.4027,74
25e81810,3128,7.4027,21
2630f178,12110,7.4027,84
7e75f482,8064,7.4,50
7297145c,2787,7.4,21
60e47f2a,4323,7.4027,21
417ef97f,12069,7.4027,84
107ec436,7121,7.4027,50
5a811791,13697,7.4027,97
19df2ec4,8205,7.4027,50
2fdc9981,13413,7.4055,84
49e5a738,9065,7.4055,50
5f5a4971,11538,7.4055,74
1b8a1c0a,3901,7.4027,21
69eec594,9229,7.4055,50
7bc3a8b1,12344,7.4055,84
309826d9,3234,7.4055,21
7656c7f9,8203,7.4055,50
54a09b95,12559,7.4055,84
45e6e17d,11462,7.4055,74
1f01a747,3994,7.4055,21
79e10236,2912,7.4027,21
50709d85,11176,7.4055,74
580cd25d,8021,7.4055,50
1fa87842,5914,7.4,1
8be4d3d,2698,7.4027,21
5e437ab2,3760,7.4055,21
5812138c,12105,7.4055,84
4a3bbc56,13305,7.4055,84
439643d9,13114,7.4055,84
3bbaf795,7445,7.4082,50
4117827a,8911,7.4082,50
6833a9e0,6977,7.4082,50
95177a7,7316,7.4082,50
1e1fb3d7,8960,7.4082,50
72f5e9de,8387,7.4082,50
f0ca1a8,10990,7.4082,74
de203a1,4324,7.4082,21
6e8088c1,4062,7.4082,21
336637d6,2887,7.4027,21
590dc1f3,4326,7.4082,21
44ef2e78,13134,7.4055,84
13c9defd,6011,7.4082,1
1270d682,4999,7.4082,33
2ec370a4,9998,7.4082,1
1b199b1d,12183,7.4082,84
2c992a2d,3617,7.4055,21
1b2c6414,12115,7.4027,84
260d15e7,4639,7.411,21
137e17d2,8322,7.411,50
76d38fd2,12487,7.411,84
ea759d8,3310,7.411,21
705468a,13065,7.411,84
4209ff35,13570,7.411,84
40cbc7c6,4546,7.411,21
2368888a,6113,7.411,1
49af3e2a,12068,7.411,84
7d72c75e,12138,7.4055,84
36023439,7603,7.411,50
6399dac1,2788,7.411,21
4d232e0,11183,7.4082,74
34bc123e,10823,7.411,74
2ab79976,5413,7.4082,36
5f9f7bc0,7592,7.411,50
72fdfd20,13270,7.4137,84
67ad94ad,13757,7.411,97
33d44784,13475,7.4137,84
46c008d3,13529,7.4137,84
17b16b45,6172,7.4137,1
ab8906e,13350,7.4137,84
13b7568,7135,7.4137,50
10c2faac,6972,7.4137,50
c3550b2,12184,7.4137,84
6b497b43,11699,7.4137,74
42408aba,12106,7.4137,84
180a27af,10059,7.4137,1
1f1ab998,4543,7.411,21
55545ac7,13347,7.4137,84
408d08bd,8244,7.4137,50
7cc8f04b,5308,7.4164,35
692bc40d,7120,7.4164,50
390cda09,1951,7.4164,13
63519b87,5949,7.4164,1
6042bb28,13699,7.4164,97
7f5f92c8,5594,7.4164,36
36a1f5d3,13547,7.4164,84
7c3d4ce6,10663,7.4164,74
23be1dfa,10295,7.4164,70
3cb1d675,7604,7.4164,50
e976a40,3255,7.4164,21
6838ada4,6967,7.4164,50
20f41297,9951,7.4164,1
19427437,13179,7.4164,84
7d3b9429,13695,7.4164,97
f0e4185,13434,7.4164,84
70ce74df,7930,7.4164,50
20a53476,8918,7.4164,50
5c0ccc53,13433,7.4164,84
75b361d2,1520,7.4192,11
5cec1def,7593,7.4192,50
616a11e9,3300,7.411,21
7c816da5,13304,7.4164,84
56853989,8215,7.4192,50
72a7b4ae,8344,7.4164,50
ecc42d8,10824,7.4192,74
2b7a48b5,10287,7.4192,70
11ae77dd,7605,7.4192,50
2d910362,13187,7.4192,84
52272e28,11981,7.4164,84
2be1fb39,3244,7.4164,21
49136107,8332,7.4164,50
6cbcf154,10889,7.4192,75
781c485,4643,7.4192,21
231dcf7f,12761,7.4219,84
71d49942,10961,7.4219,74
7a69f07d,5589,7.4219,36
73c5a659,13703,7.4219,97
3eeee969,5021,7.4219,33
6b25697f,10821,7.4219,74
5e7a967e,7923,7.4219,50
531486,7490,7.4219,50
493f1044,12116,7.4219,84
7d8058f4,968,7.4219,1
911f68d,8363,7.4219,50
3e86eba4,3246,7.4219,21
3d248b7,6202,7.4219,1
1bbd8b6f,4640,7.4219,21
2a31056c,6170,7.4219,1
2c923b39,8584,7.4192,50
3d1459ec,7443,7.4219,50
4a054bd2,12046,7.4219,84
58f0114f,13242,7.4219,84
5014048a,6968,7.4219,50
68bd2d9b,3250,7.4219,21
554b9846,1822,7.4247,11
4a0f603a,9075,7.4247,50
2ab4e972,4060,7.4247,21
2be4d84a,4393,7.4247,21
22e4fcd8,7133,7.4247,50
13db560e,8342,7.4247,50
1e29c27e,8107,7.4247,50
13027f79,5929,7.4247,1
168553fd,5415,7.4247,36
3dd129e,11539,7.4247,74
5fa71c05,13431,7.4247,84
621e6f5f,1785,7.4247,11
6ea59ee2,11667,7.4247,74
36197c20,13275,7.4247,84
528cefbf,11535,7.4247,74
f4d1fbd,12491,7.4247,84
38663ec4,5911,7.4247,1
f34409a,7176,7.4247,50
3312e03a,13359,7.4247,84
54329569,3987,7.4247,21
3365d8a5,12152,7.4219,84
1ef86ec3,5070,7.4247,1
3a4f4e16,13063,7.4247,84
7a161deb,7475,7.4247,50
5568c5c5,3902,7.4274,21
672b42fc,4596,7.4274,21
3a78a6ac,6983,7.4274,50
7a87600b,12335,7.4274,84
5d3687c5,4550,7.4274,21
30b4c3f5,3665,7.4247,21
d355bbd,8362,7.4164,50
7287c171,6978,7.4274,50
33c17012,1595,7.4247,11
4928ee4b,5533,7.4274,36
723e4c22,3423,7.4274,21
3cf18eb2,13296,7.4274,84
25fca6f4,8216,7.4274,50
233f945,10226,7.4274,68
6ca82f2d,5595,7.4274,36
4ef33c3b,2999,7.4219,21
760a9417,10994,7.4219,74
36014724,8361,7.4274,50
2b656970,3290,7.4274,21
7ca08ac3,5023,7.4274,33
5ea8036c,9954,7.4301,1
62ac47fa,11666,7.4274,74
62029c36,4061,7.4301,21
1dbce2e4,5000,7.4301,33
68890228,12762,7.4301,84
1a8cf427,9397,7.4301,50
4a12779,13477,7.4301,84
322c34df,6979,7.4274,50
3a3df023,1997,7.4301,15
4e27565f,12490,7.4301,84
4b23380,7111,7.4274,50
1e22fac9,1522,7.4301,11
7584303e,8585,7.4274,50
7227fc0c,6966,7.4301,50
28ab3845,3413,7.4301,21
f7713a3,12047,7.4329,84
7a473907,1784,7.4329,11
26067db,13276,7.4329,84
43b2fd5d,13138,7.4329,84
17db6a24,12763,7.4329,84
5a51334f,12154,7.4329,84
6d0cd9ad,6984,7.4329,50
6cd32568,12048,7.4329,84
33c4ab12,7428,7.4329,50
3434b6fc,8586,7.4301,50
2095e89c,10995,7.4301,74
738d7c8a,7134,7.4301,50
30f17c1a,4641,7.4301,21
2ff8fe3a,10959,7.4329,74
78c702e7,9402,7.4329,50
1421803f,13140,7.4301,84
dca80f2,9316,7.4329,50
21458df,12362,7.4356,84
1a651d3b,4607,7.4356,21
24d2f77e,13135,7.4274,84
6a0eeed6,3312,7.4356,21
3e98f24d,8837,7.4356,50
5a75f4aa,4386,7.4356,21
578a5e86,4083,7.4356,21
3e13206,13168,7.4356,84
65fb2449,7132,7.4329,50
23935005,9340,7.4356,50
112d1d89,12049,7.4356,84
64886ba2,12228,7.4329,84
6e731437,3306,7.4356,21
57d96284,12117,7.4356,84
2e61fca3,13530,7.4356,84
99357b6,9398,7.4356,50
7e85c693,7594,7.4384,50
7f37281f,703,7.4384,1
dca908e,12153,7.4384,84
6366a83f,9461,7.4384,63
2b77ec38,13289,7.4384,84
42c3d414,1846,7.4384,13
517e051d,7442,7.4384,50
78858503,9337,7.4384,50
17cfa8fd,8836,7.4384,50
413ecd6b,13336,7.4384,84
1d81d22c,12368,7.4384,84
3c767a6c,13186,7.4384,84
5614b55f,3173,7.4384,21
61f66f63,6114,7.4411,1
7275c1c3,8331,7.4411,50
7d5f60fb,5002,7.4411,33
e929c42,8962,7.4411,50
5ccd6784,8022,7.4411,50
eade07,9399,7.4411,50
6342e59,3315,7.4411,21
1cded251,13411,7.4411,84
2b987709,8966,7.4411,50
7d548e9b,3304,7.4411,21
5ab5318e,5534,7.4411,36
6584cc25,5069,7.4411,1
30932cd3,4059,7.4411,21
585b35f7,13298,7.4438,84
1225831,2914,7.4438,21
72e830da,4325,7.4438,21
5bb47fe0,3299,7.4438,21
5a411dec,12336,7.4438,84
58049392,9462,7.4438,63
49313545,13064,7.4438,84
7a6cb259,6203,7.4438,1
25f898b,5948,7.4438,1
50235a51,11541,7.4438,74
5bcd88aa,8334,7.4438,50
1078c60d,5414,7.4438,36
eef6a11,11383,7.4438,80
46c5d6f2,12369,7.4438,84
7e4a432e,12229,7.4466,84
f994021,7562,7.4466,50
71748388,7613,7.4466,50
3b4fbe25,12125,7.4438,84
6dd15fef,4085,7.4438,21
288c923c,8217,7.4466,50
7db13c66,5022,7.4466,33
3b491b63,13139,7.4466,84
6251b1e4,13136,7.4466,94
5c0015c2,13271,7.4466,84
1051710c,7450,7.4438,50
64f72d6c,12139,7.4438,84
3219227e,7611,7.4438,50
106a042e,12149,7.4466,84
1716a092,9464,7.4466,63
4be419b7,2764,7.4466,21
71f7aa73,9360,7.4466,50
50a6c8d6,8330,7.4466,50
d6713e3,12230,7.4493,84
6f85b74f,3662,7.4493,21
38591590,1030,7.4493,1
2f5730ed,1950,7.4493,13
4495bd11,3172,7.4493,21
22133d2d,4063,7.4493,21
17deda87,2699,7.4493,21
19840c9,4659,7.4493,21
688c08de,1844,7.4493,13
534daab7,13758,7.4493,97
25497fdd,5416,7.4466,36
322648bb,13192,7.4493,84
5ac7603,3606,7.4493,21
717bd83e,1519,7.4493,11
250b5854,4658,7.4466,21
60da9ddc,13286,7.4493,84
79b9f437,13188,7.4493,84
7df402e,13571,7.4493,84
479fe1a5,12551,7.4521,84
51fdae8b,13189,7.4521,84
1596c88f,7426,7.4521,50
47fc0a7d,702,7.4438,1
625a1a6b,3301,7.4521,21
5e47c9e2,13218,7.4521,84
66ed8946,3643,7.4521,21
35ed70b6,12070,7.4521,84
4165d804,8343,7.4521,50
c75a609,1628,7.4521,11
65ac8d9c,11177,7.4521,74
5445012,2692,7.4521,21
f695e45,2765,7.4466,21
60230254,13435,7.4521,84
77c3b303,8851,7.4521,50
61e2b3a1,9071,7.4521,50
bad6112,11200,7.4521,74
4681ab4f,12364,7.4521,84
35f4eac,8921,7.4521,50
6d120ce3,8207,7.4493,50
7b96dd31,4064,7.4493,21
35d59db4,6878,7.4548,50
f1d0659,2696,7.4521,21
448d0f26,8358,7.4548,50
1d62e0e6,8273,7.4521,50
4ae1ba63,10293,7.4521,70
6c849ad6,5730,7.4548,1
3d5e0335,11700,7.4548,74
706c3efa,11698,7.4548,74
17a4c160,8372,7.4548,50
7c255a13,13185,7.4575,84
3b7c088d,8974,7.4575,50
7676e37c,1629,7.4575,11
677c98a6,12485,7.4493,84
56e2eae8,11642,7.4548,74
e0c9743,9440,7.4575,63
d01a8d9,8271,7.4575,50
4cadc706,13436,7.4548,84
767665ef,3247,7.4575,21
4f17cf9d,9067,7.4548,50
e63c93d,2789,7.4548,21
318e63a3,13338,7.4548,84
e24ef48,7922,7.4548,50
3949668c,9439,7.4575,63
2c138c7d,7606,7.4575,50
5d09d545,7449,7.4548,50
4d33c5f8,12361,7.4521,84
64442db9,10292,7.4575,70
54042528,8838,7.4575,50
47346110,11997,7.4603,84
147b700b,6063,7.4603,1
5197bed8,1847,7.4603,13
244feca7,12367,7.4548,84
227a29f3,11668,7.4603,74
409735df,11178,7.4603,74
fa3feee,4327,7.4575,21
63aee0bc,8364,7.4575,50
38df12ba,10296,7.4603,70
7901ad73,1845,7.4575,13
6203dc17,7622,7.4603,50
7fc7bbd4,8333,7.4575,50
419fe1b3,11639,7.4575,74
51db33e0,11866,7.4603,74
322ecc18,7924,7.4603,50
45649267,3307,7.4603,21
5ee12b3,9454,7.4603,63
1d89c922,4018,7.4603,21
6e92d454,7497,7.463,50
52a95c7a,12345,7.463,84
3bc2e9c4,3298,7.4603,21
4dcd172a,8963,7.4603,50
7fdb0771,6987,7.463,50
56f5e15e,5024,7.463,33
359a49e,8283,7.4603,50
330e996f,3313,7.463,21
5298d2c3,9455,7.4603,63
271639a9,7451,7.4603,50
bb67846,8967,7.463,50
4cb45dbe,8922,7.463,50
58ae8021,11998,7.463,84
579ecbca,8373,7.463,50
4ee331ec,10946,7.463,74
762f043e,13116,7.4603,84
1818eee8,969,7.4603,1
341bda42,10826,7.463,74
6320e17c,11982,7.4603,84
6da017d2,7127,7.463,50
2f9f9104,10795,7.4603,74
1a676e94,3972,7.4658,21
3290cb20,13478,7.4658,84
58b3defa,8267,7.4603,50
3cfcff91,13118,7.4658,84
510f615b,13337,7.463,84
62d6a095,10822,7.4658,74
73ae4403,13167,7.4658,84
65f27991,6174,7.4658,1
23702fdb,13360,7.4685,84
49765bb6,12349,7.4685,84
78ab5c53,8110,7.4685,50
5204ffa4,12050,7.4685,84
244c3a84,1026,7.4685,1
6e0c721,3305,7.4685,21
240b5a6a,10198,7.4658,68
51877890,6171,7.4685,1
6c462b08,13220,7.4685,84
145af03e,10962,7.4685,74
7679c61c,13362,7.4685,84
1403e45b,4082,7.4685,21
4aadc61d,6986,7.4658,50
6aa524bb,4394,7.4685,21
6146ca9e,8374,7.4685,50
8c8287,12346,7.4685,84
3548fefd,10333,7.4685,69
47f0791c,11690,7.4685,74
1f0f95f2,9465,7.4685,63
439449a8,5074,7.4685,1
483e5cbd,8961,7.4685,50
99537c2,7108,7.4685,50
b7d39fd,12764,7.4685,84
173acd0a,7448,7.4685,50
75e17f0e,11184,7.4685,74
644c9d5b,9155,7.4685,50
6f011aaf,1369,7.4685,11
e39d7ee,13072,7.4658,84
34d8b920,9154,7.4712,50
2949f8ae,4092,7.4712,21
636d6172,2766,7.4712,21
5688dc97,12155,7.4712,84
21e89358,7177,7.4712,50
31bb708b,10960,7.4712,74
45a0f23d,7612,7.4685,50
71fd57f5,13528,7.4712,84
1de153,6988,7.4712,50
10e1e9a3,3243,7.4712,21
40082195,10668,7.4712,74
3cedd772,11206,7.4685,74
1e0e51c0,11644,7.4712,74
7a34ec1c,8346,7.4712,50
616d5e50,12350,7.474,84
e953c57,11550,7.474,74
11a670d7,4053,7.474,21
4c2f2af3,10670,7.474,74
47bb72f8,10895,7.474,77
60eb99dc,2700,7.474,21
170e3f92,12488,7.4712,84
43c9414b,8587,7.474,50
42e96dde,9407,7.4712,50
7724bfc2,5532,7.474,36
6b142f6c,11990,7.474,84
578d7eab,9339,7.474,50
5e837e19,12569,7.4767,84
c0b00a4,4090,7.4767,21
46ae2106,12489,7.4767,84
7a6a675e,8236,7.4767,50
3f5cadbc,7243,7.4767,50
6b0684d3,12158,7.4767,84
5c173ea4,1824,7.4795,11
77ad3962,5422,7.4795,36
756ee2ef,7446,7.4767,50
33211ddd,1786,7.4795,11
2f8580b3,7114,7.4795,50
70fab98c,9441,7.4795,63
157d4b29,7447,7.4795,50
1786aaf3,6970,7.4795,50
34c4bf63,972,7.4795,1
140520a8,12365,7.4795,84
3196dd7d,2701,7.4795,21
52667be8,6173,7.4795,1
4e4dfc65,4019,7.4795,21
6c3e066d,3903,7.4712,21
41b66536,8269,7.4822,50
51836b22,13137,7.4795,84
5679395a,3666,7.4822,21
77764924,13557,7.4795,84
6be734c9,8852,7.4822,50
21f798ec,970,7.4822,1
3edbd661,12111,7.4795,84
7ba187f7,9076,7.4767,50
7db9455c,8969,7.4795,50
29b2b536,2888,7.4795,21
349f7814,12337,7.4822,84
5417c838,4054,7.4822,21
23fe7372,3661,7.4822,21
1f59793e,6027,7.4822,1
50c9fd19,1521,7.4822,11
3af5b930,11547,7.4849,74
6ac028ff,12366,7.4849,84
3e842c10,2916,7.4849,21
213a3fec,9338,7.4849,50
36112ec2,13752,7.4822,97
5d7d6f2f,7122,7.4849,50
42862c3c,4616,7.4849,21
3233bedf,3974,7.4849,21
4ef3c3f1,8964,7.4849,50
d6be165,5592,7.4795,36
3bd9f3f0,11983,7.4849,84
74d43851,1738,7.4849,11
ca40a80,2790,7.4849,21
1855732c,13800,7.4822,97
484dcf7b,11545,7.4849,74
446a8f2c,13542,7.4877,84
672755eb,3616,7.4849,21
3515f0a3,1627,7.4877,11
4127c382,8247,7.4877,50
67b7eaca,11986,7.4877,84
120a136a,9077,7.4877,50
3a6273da,1783,7.4822,11
20681cdd,9417,7.4877,50
68133c73,11999,7.4877,84
5f2cf081,1952,7.4877,13
348f8cfc,10899,7.4877,75
59adb189,9073,7.4877,50
795a014,13797,7.4877,97
473e8df9,11991,7.4877,84
642a0a5f,11544,7.4822,74
2ec0ff9f,4650,7.4904,21
4e2e906e,11179,7.4904,74
76bed9d2,7427,7.4904,50
230097fc,9157,7.4904,50
20d041c,6943,7.4904,50
5c815211,9416,7.4877,50
6c69b84f,7567,7.4904,50
75146219,4644,7.4904,21
4f033135,10298,7.4904,70
4f73014e,8359,7.4904,50
1934c36b,4097,7.4904,21
4f666efe,10060,7.4932,1
a732338,8923,7.4932,50
19ba74be,11643,7.4932,74
770c0a39,13312,7.4932,84
4e147fb6,10996,7.4932,74
39e9b110,4084,7.4904,21
23eea9d0,7076,7.4932,50
7184d284,13221,7.4932,84
de953d4,10972,7.4932,74
473cc953,10294,7.4932,70
2ab8f7cd,13746,7.4877,97
7dff00ec,4296,7.4959,21
29f7a525,3314,7.4959,21
3acf9b74,13531,7.4959,84
1b98ab2f,8274,7.4932,50
76f3210e,13308,7.4932,84
730ea75c,3424,7.4932,21
35dc9672,10665,7.4959,74
90e950,12141,7.4932,84
6b438235,13573,7.4959,84
2ae55552,13297,7.4959,84
4d72502,4660,7.4959,21
2655683,9463,7.4959,63
53db2fbb,8237,7.4932,50
24fe5ddf,1998,7.4932,15
19bc9377,12240,7.4959,84
31c51f8d,13066,7.4932,84
3be948f9,5590,7.4959,36
5bf2f60e,13288,7.4986,84
6d2feafe,7140,7.4986,50
1075eb07,13169,7.4904,84
955a7f3,10672,7.4986,74
780a88a0,3426,7.4986,21
6a60f545,8109,7.4986,50
55f216dd,8389,7.4986,50
713c49af,8375,7.4959,50
52dbea86,7139,7.4986,50
5ddf90a0,9999,7.4986,1
30f88c83,13141,7.4986,84
757920bf,6944,7.4986,50
661b6e8e,4065,7.4986,21
60ae3a4,13572,7.4986,84
47e0a87d,3782,7.5014,21
73ddf63e,8388,7.5014,50
55fd1ce2,10671,7.5014,74
3308b896,4328,7.5014,21
3f19df06,9418,7.5014,50
58d01cee,6115,7.5014,1
6208f8bd,10177,7.5014,1
704ccfa6,13543,7.5014,84
fc80a90,11201,7.5014,74
321a7af9,12338,7.4986,84
707b8f87,13532,7.4986,84
6414516,8248,7.5014,50
28f6864,3645,7.5014,21
499243c4,11992,7.5014,84
73678cf3,12765,7.5014,84
283e25bd,11181,7.5041,74
495808a,3317,7.5041,21
457ca1db,5541,7.5041,36
8701cfb,11185,7.5041,74
53a7e252,7498,7.5041,50
aed2656,4091,7.5041,21
2a7dd2ef,10997,7.5041,74
22d47651,4093,7.5041,21
7aed976c,12766,7.4986,84
2a4b2134,12493,7.5014,84
5dfb832d,6064,7.5041,1
4612e35d,4645,7.5014,21
3c28f5b0,7568,7.5041,50
252eb25f,9074,7.5014,50
24c92e55,8183,7.5041,50
57f8f979,7452,7.5041,50
1e399cda,7411,7.5014,50
6a1e0d0,8335,7.5041,50
696a1f8a,13798,7.5068,97
564d0611,1031,7.5041,1
3b1b210b,7248,7.5068,50
572afbc0,12159,7.5068,84
28004768,4025,7.5068,21
479e745f,13533,7.5068,84
3958a251,10334,7.5068,72
2b382420,11187,7.5014,74
2216e6f7,13307,7.5096,84
1cd5012a,11186,7.5096,74
7813b6d2,6175,7.5096,1
7e2468c2,9952,7.5096,1
14d74a02,10669,7.5096,74
1e33731,6057,7.5096,1
358bba76,4098,7.5096,21
3b2c0dbf,7931,7.5096,50
6834b67d,9425,7.5096,50
461d6623,7077,7.5096,50
5e5f9b6e,3904,7.5096,21
36efd2d9,8919,7.5068,50
24d359a2,12231,7.5096,84
691cc325,13222,7.5096,84
905f351,3646,7.5096,21
7ba50d27,8920,7.5096,50
435295ad,13412,7.5096,84
18849950,8390,7.5096,50
7a5563be,9414,7.5123,50
56a4400e,5542,7.5123,36
7402355f,8845,7.5123,50
3c33481c,4553,7.5123,21
fe8130d,13801,7.5123,97
6f2ca688,1495,7.5123,11
1b7c3f53,10975,7.5123,79
4e0acd1c,1825,7.5123,11
7e3149ae,13224,7.5123,84
3d9512b3,13193,7.5123,84
58649ddc,3612,7.5123,21
527668be,1856,7.5123,14
288a4304,4554,7.5151,21
5c020382,3221,7.5123,21
20f4efa3,13748,7.5151,97
4126509b,13223,7.5123,84
3bcea9d8,9504,7.5151,63
771ca330,13287,7.5123,84
7092c387,13747,7.5151,97
693d8fd5,12150,7.5151,84
343f786,12156,7.5151,84
4d8d0e5f,12507,7.5178,84
5f9a31fd,1849,7.5178,13
39725f72,7595,7.5178,50
2511701d,12227,7.5178,84
4b7d16,11551,7.5178,74
e50a13b,1739,7.5178,11
25f2f64c,13120,7.5178,84
bcdeb77,11552,7.5178,74
50b584d5,13704,7.5178,97
120b6449,5305,7.5178,35
5be7be81,13339,7.5151,84
69957327,13119,7.5178,84
d67ab31,1960,7.5123,13
71880564,2767,7.5205,21
4c045088,12555,7.5205,84
20a2068c,4395,7.5205,21
177dbe62,12098,7.5205,84
5533fbe1,12097,7.5178,84
65bdec55,12767,7.5178,84
54af76a3,10297,7.5205,70
2edb5cfa,10973,7.5233,74
73f1d6e,7618,7.5233,50
64fd5633,3781,7.5233,21
6e28c1bd,1823,7.5233,11
493e03d8,12142,7.5233,84
18d8cee6,4329,7.5233,21
411db8b5,8976,7.5233,50
4f23de90,3000,7.5233,21
355500e0,10974,7.5178,79
3b9784b7,11645,7.5233,74
4c181037,1338,7.5205,11
139a9f51,4020,7.5205,21
3fee4587,12363,7.5233,84
2221109a,11180,7.526,74
25948a55,6116,7.526,1
276fb87d,3223,7.526,21
62b3e9a1,1596,7.526,11
40d8898e,971,7.526,1
2f3c4a0d,7569,7.526,50
723bd6ae,9438,7.526,63
5333ab0,13145,7.526,84
4f4de61,5593,7.5288,36
4b4a5f0c,10978,7.5288,79
7977c1bf,3016,7.5288,24
345680be,12581,7.5288,84
282cda3e,4086,7.5288,21
a891e8c,8380,7.526,50
4d345c5b,4652,7.5288,21
4de76633,4615,7.5288,21
6864cfd4,12516,7.526,84
3d4b89b,11207,7.5288,74
41ebab13,4649,7.5288,21
4d619084,8284,7.5288,50
2e52e1f1,10825,7.526,74
58f2dcf6,12051,7.5288,84
58853f0b,10673,7.5315,74
203ca55d,3222,7.5315,21
7ec4b713,5536,7.5315,36
3c4aff0e,6028,7.5315,1
15979ba9,7596,7.5315,50
62eb28eb,12556,7.5315,84
8621462,11987,7.5315,84
5b8f102e,9415,7.5315,50
15d462c5,9467,7.5233,63
20b93c1f,7476,7.5315,50
4e733343,12589,7.5315,84
57c17b41,13799,7.526,97
75e4f616,13535,7.5315,84
56c986e4,8365,7.5315,50
60bd14b2,9437,7.5315,63
3703dacd,10000,7.526,1
5dd54856,5591,7.5342,36
6585ce7d,4407,7.5342,21
7fe18a8f,10828,7.5315,74
77711945,13290,7.5315,84
45c25c93,7070,7.5342,50
5e8d60d4,6882,7.5342,50
15b0ab5e,1597,7.5342,11
5a08716b,10827,7.537,74
1ccc5d2e,12561,7.5342,84
6676ee95,10299,7.537,70
19b2682f,10991,7.537,74
2c8c200d,6985,7.537,50
3cf68499,7623,7.537,50
6d25c7d4,3667,7.537,21
675c394f,7625,7.537,50
757f7098,11993,7.537,84
2a1df1e1,4027,7.5342,21
22477a77,7112,7.537,50
1ff156d5,3647,7.5397,21
564cf50f,6205,7.5397,1
619f028c,3976,7.5397,21
678fc9b1,12163,7.5397,84
3fae42a4,11988,7.5397,84
2258ae58,12052,7.5397,84
3bd5fca6,2000,7.5397,15
51ae4651,1523,7.5397,11
39250733,4066,7.5397,21
1cf29331,1999,7.5397,15
1b087002,12339,7.5397,84
22471232,10796,7.5397,74
5a855626,13142,7.5397,84
3b9c958a,6065,7.537,1
5c51d6cf,14301,7.5397,97
48f5312f,3015,7.5397,24
52396c81,13361,7.5397,84
dd69389,12552,7.5397,84
5f63cb52,9163,7.5425,50
3efee5d8,7614,7.5425,50
273adbe2,3001,7.5425,21
1c7b9929,8377,7.5425,50
2df9e3d4,8255,7.5425,50
1e495e57,7597,7.5397,50
5fb12f97,7136,7.5425,50
16a8d19c,7628,7.5425,50
673ced60,11210,7.5425,74
3353ac36,3975,7.5425,21
45e6a2a6,12140,7.5397,84
6548f05c,8067,7.5425,50
35bcf958,13548,7.5342,84
35eb4562,7071,7.5452,50
45cfd7df,10829,7.5452,74
1b776df5,7616,7.5452,50
3442e362,9159,7.5452,50
44c7f7ac,5424,7.5452,37
391fa4d7,4021,7.5452,21
6bbbec95,11208,7.5452,74
41464d5,7115,7.5479,50
242ca967,13073,7.5479,84
60d19829,13247,7.5479,84
543a0fe2,3669,7.5479,21
732ffb7c,9955,7.5479,1
328903ef,4087,7.5452,21
649328c8,11542,7.5479,74
2fc3f9b3,9160,7.5479,50
6b20d5c7,6206,7.5479,1
5e75d547,11189,7.5507,74
4d1605a7,6989,7.5507,50
5ab48474,7570,7.5507,50
564c7045,9341,7.5507,50
2c208718,3663,7.5507,21
5c0fb036,12770,7.5507,84
22e618e7,10666,7.5507,74
179d9aa6,13750,7.5507,97
3fadc70a,10976,7.5534,79
1e824ec9,10900,7.5534,75
c315cde,12233,7.5534,84
7782bf54,11543,7.5534,74
61fa3953,5731,7.5479,1
70a2410,12768,7.5534,84
6ab2335a,6880,7.5534,50
2646a339,7477,7.5534,50
2a3e453e,5075,7.5534,1
67233309,9419,7.5534,50
2c6f3b0b,8112,7.5534,50
4ef549cd,9466,7.5507,63
8eb665f,7575,7.5534,50
77b49c8d,3308,7.5534,21
5d397441,3422,7.5507,21
5f6cd6d,13219,7.5534,84
41302ffb,11209,7.5562,74
509419bb,9420,7.5562,50
34cb9945,4026,7.5562,21
224678e1,7500,7.5534,50
11684461,13759,7.5562,97
6af202fa,12385,7.5534,84
6141ce36,4405,7.5562,21
72471e5b,12777,7.5562,84
92862ea,12112,7.5534,84
18b8825e,13536,7.5562,84
4b209664,12557,7.5562,84
24ffd148,6178,7.5562,1
6e0ac80f,11553,7.5562,74
32fc1de2,4388,7.5562,21
7d203e6f,13534,7.5562,84
1f7d2b4c,5180,7.5589,1
4dbc364c,7141,7.5589,50
3113bad2,10977,7.5589,79
68ed4ea7,11548,7.5589,74
1e3c3fbd,6881,7.5589,50
321e6460,12508,7.5589,84
6ecd2ac0,12232,7.5589,84
1ef78ddb,1850,7.5589,13
1ced60d4,13144,7.5562,84
63d36523,13575,7.5616,84
6a785cc8,8280,7.5616,50
222f305d,4088,7.5616,21
14e896,4067,7.5616,21
7708c380,13558,7.5616,84
f0a5a3f,7073,7.5616,50
547c2e5b,13117,7.5616,84
40bd3d29,7262,7.5616,50
738b3c1a,7072,7.5616,50
422ee528,4391,7.5616,21
36e5fcae,8287,7.5616,50
1fa884f0,8379,7.5644,50
2a936fa8,8846,7.5644,50
d2fd0c,5306,7.5644,35
35604f9b,12143,7.5644,84
6e34c2c3,7137,7.5644,50
35ed04df,3664,7.5644,21
5feb1e82,10891,7.5644,75
48c6a2ee,1598,7.5616,11
7fed30fa,3977,7.5644,21
3ee85970,13248,7.5644,84
3787d71e,11557,7.5671,74
231d4192,7142,7.5671,50
301fd062,3319,7.5644,21
7db4e5b9,8378,7.5671,50
4d33d55d,10832,7.5671,74
5bcf46e1,3668,7.5671,21
527955a1,13074,7.5671,84
1578a019,8924,7.5671,50
1c2b134c,4392,7.5671,21
4fe1b4a9,10896,7.5671,75
6e380bfa,4664,7.5671,21
7337e598,12825,7.5671,84
7d3f1ae0,13479,7.5699,84
76f48fc1,8285,7.5699,50
32014320,6029,7.5699,1
e10beaa,4651,7.5699,21
e3f4451,13705,7.5671,97
7007fd35,13115,7.5699,84
5ece4f14,13749,7.5671,97
c96598b,7615,7.5699,50
40f7ee99,8392,7.5699,50
26ac3eb4,5076,7.5671,1
37c9f393,5181,7.5699,1
34b6037a,3224,7.5671,21
7b17be8c,13195,7.5699,84
38128fd1,10833,7.5699,74
570de815,4330,7.5699,21
69e9a97e,13549,7.5699,84
5a975afe,6031,7.5699,1
6dc0daea,8275,7.5726,50
2be5fa00,5417,7.5726,36
1310f229,10831,7.5699,74
182376a7,8184,7.5726,50
37961b6c,2002,7.5726,15
5c6a90fe,13194,7.5726,84
585b5489,12584,7.5726,84
4cce6411,1787,7.5699,11
701cdba9,7619,7.5753,50
4b845b9f,5545,7.5753,36
4361df71,8066,7.5753,50
313e7e6,12553,7.5753,84
411c3488,12340,7.5726,84
7ecd2e56,7617,7.5753,50
17fccab3,8250,7.5753,50
6f2a5248,1958,7.5726,13
5a2b156a,4396,7.5781,21
13386aec,12824,7.5781,84
7ab3c2d3,12590,7.5781,84
6d9bfc4d,10980,7.5781,79
1c430a1f,3425,7.5781,21
451610d,1857,7.5753,14
1e41ccb8,7429,7.5781,50
7a8020f9,8272,7.5781,50
2251d559,8075,7.5781,50
484bd270,8391,7.5781,50
4c5c3a94,8277,7.5808,50
5ce81bab,6980,7.5808,50
510c2d80,13706,7.5753,97
27946f27,3619,7.5808,21
315ae1f7,4647,7.5808,21
20a15692,13415,7.5808,84
2510a75b,12826,7.5808,84
1c7ff5d2,2001,7.5808,15
d690b5,11212,7.5808,74
64a5cff0,10830,7.5781,74
4bf2adf,10897,7.5808,75
6493d7de,12554,7.5808,84
620c36e6,1959,7.5781,13
1be8e10,8219,7.5808,50
39e31b9e,4333,7.5753,21
3559e5aa,8218,7.5808,50
5826a141,4332,7.5836,21
48cdc80c,9470,7.5836,63
3ead442e,5553,7.5836,36
31da1c19,12495,7.5836,84
7f97118a,1848,7.5808,13
4b756cf5,6176,7.5808,1
3e4eb585,8111,7.5836,50
44407353,1826,7.5836,11
626b5e7f,13143,7.5836,84
2199403,3618,7.5836,21
49b0fb58,13574,7.5863,84
e2dd3d6,8113,7.5863,50
789565bb,13753,7.5863,97
391fa3d7,11211,7.5863,74
6296272d,8065,7.5863,50
360dfcca,13576,7.5863,84
45165b83,8068,7.5863,50
78facf84,5596,7.5863,36
3e896280,13363,7.5863,84
3adc5674,10992,7.589,74
36de91f8,10677,7.589,74
568d4796,5309,7.589,35
f3f1a21,7499,7.589,50
a2b390a,12509,7.589,84
211762ad,6030,7.5863,1
63846626,1344,7.5918,11
5f893c37,11646,7.5918,74
2b244476,13754,7.5918,97
2810cbf5,8336,7.5918,50
7ce95d73,9158,7.5918,50
3288c650,5544,7.5918,36
72fd3371,10893,7.589,75
6483d19d,1339,7.5918,11
4a62f19b,7074,7.5918,50
3e2c14c1,8286,7.5945,50
25d1cece,11752,7.5945,74
5fa4ecd0,12778,7.5945,84
2973096,3427,7.5945,21
7002b3af,12771,7.5945,84
5c43a619,7116,7.5918,50
77cfb4e1,12769,7.5945,84
42fe20ba,13701,7.5945,97
60f32ef3,8970,7.5945,50
ff514a4,1859,7.5945,13
5f3024d2,7626,7.5945,50
21afe83a,12164,7.5973,84
345d964c,1789,7.5973,11
1f84bdbe,11556,7.5973,74
756f8db0,1788,7.5973,11
7f0d5740,11554,7.5945,74
587a3c31,4102,7.5973,21
32f7045b,9078,7.5945,50
4d2e84,2003,7.5973,15
9463130,704,7.5973,1
1ce4c00f,11647,7.5973,74
3aa00ed1,7138,7.5973,50
781628df,13364,7.5945,84
15f6fc16,10890,7.5863,75
42b61912,13700,7.6,97
39b25380,11214,7.6,74
7c26c922,3219,7.6,21
66b8e274,7607,7.5973,50
5dc63639,7571,7.6,50
3643f654,4646,7.6,21
4451a827,9469,7.6,63
7e0ffc1a,13299,7.6,84
5cbbb981,3318,7.6027,21
161e04ed,12241,7.6027,84
3b780cde,12113,7.6027,84
5fc79699,6879,7.6027,50
5ea95e57,705,7.6027,1
5f5f83b2,13309,7.6,84
3900ddd8,4552,7.5973,21
5a10f73f,9079,7.6027,50
2379837a,8281,7.6027,50
7a4d63f5,11224,7.6027,74
4edf41cc,12165,7.6027,84
6d3e09b6,11555,7.6027,74
7ceb2770,11182,7.6027,74
64482439,706,7.6055,1
52eff7d4,6251,7.6055,1
195c0ae,5734,7.6055,1
f9b5bb9,8337,7.6,50
40995f43,10892,7.6055,75
74889002,3220,7.6055,21
3b7ebaa7,4654,7.6027,21
269067c7,11546,7.6055,74
bec6596,7113,7.6055,50
c68421f,3674,7.6055,21
5effb1c1,12571,7.6027,84
101a933b,4068,7.6082,21
351160a0,9468,7.6082,63
2d0502d1,1340,7.5945,11
5db96341,9164,7.6082,50
7e6bb08e,13310,7.6082,84
3a2c7733,3325,7.6055,21
40614b6,12828,7.611,84
4172a1fe,1861,7.611,13
12b3cc1c,1790,7.611,11
317ff104,4406,7.611,21
33720c06,9957,7.611,1
4893b6a1,8971,7.611,50
68339df7,4069,7.6082,21
22f1fd38,13366,7.611,84
5c2497e3,7657,7.6137,50
50fb7357,4022,7.6137,21
1e424f9d,1860,7.6055,13
6a6aa587,13300,7.6137,84
1209bca6,12562,7.6082,84
1963047b,7263,7.6137,50
580b3e0c,11558,7.6137,74
30cec0a3,10979,7.6137,79
39eb434c,7425,7.6137,50
15d18e6d,8114,7.6137,50
2aa857cd,13755,7.6137,97
4859710e,8251,7.6137,50
759b32b2,10894,7.6164,75
745ab0a6,4618,7.6137,21
6d61faa6,10061,7.6137,1
51fcef8,3327,7.6164,21
293d724b,12494,7.6164,84
843384a,12563,7.6164,84
88737d7,12145,7.6164,84
6a15472e,5423,7.6137,36
55b439d6,13559,7.6164,84
11063c9a,7627,7.6164,50
53ebabdb,5182,7.6164,1
cf11f07,5546,7.6192,36
427b5884,12341,7.6192,84
2175bd2,12517,7.6192,84
225545e6,4023,7.6192,21
72b4a0a9,6179,7.6192,1
2c6e8704,4617,7.6192,21
34c95575,12144,7.6164,84
8cd526a,9422,7.6164,50
c3841f5,8249,7.6192,50
5024b055,3648,7.6164,21
4ca5fe1,9421,7.6219,50
5c44aedb,13122,7.6219,84
a1fb3b5,12779,7.6219,84
97e05bf,14296,7.6219,97
22d82adb,13225,7.6219,84
6ca1f09c,12370,7.6219,84
3ac29fbe,9474,7.6192,63
4309dc4b,8338,7.6247,50
2064b803,12492,7.6219,84
43228983,5848,7.6247,42
6d33d136,8076,7.6247,50
6055b35f,10898,7.6219,75
5240c1bc,13971,7.6247,97
65f4abf6,13314,7.6247,84
32cd485a,12146,7.6247,84
3ef0f39a,9472,7.6274,63
41848554,9956,7.6274,1
c060970,3326,7.6247,21
3fcb6857,7620,7.6274,50
4cedb81d,4331,7.6247,21
28014ca3,8975,7.6274,50
14baa642,3620,7.6274,21
8d592d8,12578,7.6274,84
71713fa4,11226,7.6247,74
4d00e573,3613,7.6274,21
6c0c819e,13123,7.6274,84
48c439f8,4397,7.6274,21
2dc5a2eb,7143,7.6247,50
553124e8,12579,7.6274,84
540d084b,13121,7.6301,84
1fd06840,4404,7.6301,21
17581a55,8257,7.6301,50
170a20af,4015,7.6301,21
4b4050c2,13751,7.6301,97
574ea382,13198,7.6301,84
93818c,7621,7.6301,50
5f59efb8,6885,7.6301,50
46dac669,5425,7.6329,37
4308ee46,5071,7.6301,1
2e1865a8,12166,7.6301,84
f555830,6884,7.6329,50
512d456c,12351,7.6329,84
2da5a8eb,13702,7.6329,97
3126d332,11202,7.6329,74
699cfe9d,9423,7.6356,50
21dfb2f1,10303,7.6356,70
46efa22,12518,7.6356,84
48ce8b4,3675,7.6329,21
3341454,12386,7.6356,84
5fa066f9,4024,7.6356,21
7e9476b2,4410,7.6356,21
2c6c28c5,7321,7.6356,50
4fc6bcb4,12564,7.6384,84
4d2d3771,4653,7.6384,21
6cf387ac,13147,7.6384,84
30b8b365,5735,7.6384,1
7d5f8fb7,12585,7.6384,84
786bfb4,11701,7.6384,74
77b8860f,8279,7.6411,50
2ee3006,13707,7.6411,97
34d25db,10335,7.6384,72
31845119,4070,7.6356,21
2bf21d8,1524,7.6411,11
6100ae67,11215,7.6411,74
71a25f89,8282,7.6411,50
1b2bdf9b,13760,7.6411,97
834497e,8276,7.6466,50
78654c26,13970,7.6466,97
73fe1841,3907,7.6466,21
10435fa0,6945,7.6466,50
55d19d34,1010,7.6466,1
7f044149,12827,7.6466,84
648170bd,4100,7.6466,21
1bd3e030,13416,7.6438,84
7cbb62f8,1961,7.6493,13
768f9c90,5543,7.6493,36
23070372,11559,7.6466,74
2fee9748,13313,7.6493,84
4d2cc1d,973,7.6521,1
72bd95f5,6990,7.6521,50
3a4db9ca,9161,7.6521,50
553695f8,9471,7.6521,63
c5e9d13,10690,7.6521,74
69ed3133,12560,7.6521,84
5f57e8d2,1370,7.6521,11
45860a7,5930,7.6521,1
1ad44fe4,7633,7.6493,50
295da024,12582,7.6493,84
323a79c0,12371,7.6521,84
7bac9013,11190,7.6521,74
1b5df6cc,12147,7.6521,84
5cc7e058,1851,7.6548,13
64542f4b,3316,7.6548,21
1e975bb0,4096,7.6521,21
7b6707da,9162,7.6548,50
ff875ec,12242,7.6548,84
68c9b03d,4619,7.6521,21
6c5e916b,13311,7.6521,84
29b5c5dc,5184,7.6548,1
6aaf5ee7,7508,7.6575,50
4022f69b,7503,7.6575,50
2634014b,3614,7.6575,21
421289f6,7637,7.6575,50
178e81f6,1341,7.6575,11
397f4e1a,1381,7.6548,11
3e79192f,3906,7.6575,21
39e5b019,1862,7.6575,13
27c689a6,3226,7.6548,21
292d99a4,3018,7.6548,24
2f95fb93,1530,7.6575,11
59533f2f,13480,7.6575,84
4da23964,8977,7.6575,50
ce7274e,12348,7.6603,84
54b6e785,4016,7.6603,21
80769cd,2018,7.6603,15
5c8d5b6d,12235,7.6603,84
4ca6b494,4095,7.6603,21
84e423d,13756,7.6603,97
48a4ae5c,6883,7.6575,50
1491d735,8083,7.6603,50
4364ea0b,12395,7.6603,84
6a593fb8,3621,7.6603,21
27eb9d6b,3676,7.663,26
4c2d25eb,9473,7.663,63
37b2cf9d,8278,7.663,50
5888cc1,4620,7.663,21
5dce6c01,5426,7.663,37
3075ffaa,13710,7.663,97
6bf43b52,12783,7.663,84
32eb5a,7501,7.663,50
2ac7aeee,3905,7.6603,21
14ec4f75,4029,7.6658,21
51bc7e18,11213,7.6658,74
7f3cae4a,4089,7.6493,21
2bf9d9d1,13196,7.6658,84
602b96a8,3670,7.6658,21
770cf49d,4094,7.6658,21
457218da,11549,7.6658,74
5f26b0c0,14336,7.6658,97
6384e35a,5537,7.6658,36
73bc4bab,13146,7.6658,84
265d39ce,9443,7.6658,63
4c172d75,11191,7.6685,74
7029048e,6117,7.6685,1
84d999e,12519,7.6685,84
193d6a2f,10981,7.6685,79
5661a38f,10002,7.6658,1
632cfeea,7658,7.6685,50
236850b3,7629,7.6685,50
478dbc29,13709,7.6712,97
3593cae5,8289,7.6712,50
69718cde,6180,7.6712,1
6eb56a03,1525,7.6685,11
f3942ae,4017,7.6712,21
4bee69f2,6032,7.6712,1
257fdb94,10001,7.6658,65
e10f93c,4656,7.6712,21
4b307f8f,12496,7.674,84
ed96875,3320,7.674,21
55a1a141,12781,7.674,84
5f87e724,9427,7.6712,50
5c716bd0,6254,7.674,47
1475abd6,1528,7.674,11
745a6b39,5183,7.674,1
51aae3ed,8340,7.674,50
959fb30,12342,7.6712,84
5ea12e20,12785,7.674,84
67b31539,12510,7.674,84
618027a9,2004,7.674,15
2746c0d2,8288,7.674,50
70c12a34,6215,7.674,1
f24f3c8,6946,7.674,50
6f7920ea,6991,7.6712,50
15e69c33,9426,7.6767,50
7ea82d87,8339,7.674,50
3bb70ca6,3677,7.674,26
52bc293b,1599,7.6767,11
7c138ec,12234,7.6767,84
2f53216f,13369,7.6767,84
90b3a1f,12780,7.6767,84
57231072,3321,7.6767,21
2ebb513e,7504,7.6767,50
36f0faac,14337,7.6767,97
3878b2c6,6319,7.674,1
e16b4ff,10834,7.6795,74
53d0fba5,12157,7.6795,84
5e1dace0,6994,7.674,50
7dc0dfcb,2019,7.6767,15
3038a524,3227,7.6795,21
6f090815,6992,7.6795,50
121a79b0,1526,7.6795,11
29108640,10674,7.6822,74
362af60e,7630,7.6767,50
1a59452e,1343,7.6822,11
3db7bfd0,12343,7.6822,84
5fee9a54,12511,7.6822,84
7ca1962f,12352,7.6822,84
6dc5adbc,11203,7.6822,74
ee576e4,7609,7.6767,50
2b020781,13341,7.6849,84
51ae2d7d,3673,7.6849,21
3e5b71d2,4555,7.6849,21
18e7253,12592,7.6822,84
147148d,5932,7.6849,1
3467e5ec,5427,7.6849,37
71a7ea64,13708,7.6849,97
51c2f4e8,5418,7.6849,36
232c0869,6995,7.6849,50
75c9c3c3,3322,7.6822,21
7ba7c196,8290,7.6849,50
1af683fd,7001,7.6849,50
2aada95,13342,7.6877,84
54ccae0d,12498,7.6877,84
2dc9dfda,12243,7.6877,84
12ef75c8,8423,7.6877,50
514358bc,5538,7.6877,36
48129df6,10901,7.6877,75
7f84c002,3019,7.6877,24
4e09a539,14338,7.6849,97
2721c805,9444,7.6877,63
1d47a947,7577,7.6822,50
6c6ce2e5,7502,7.6877,50
3531bbba,2005,7.6877,15
3692e048,1852,7.6904,13
1f5a677f,9174,7.6904,50
142ac5bb,12591,7.6877,84
568033ed,6253,7.6904,1
2cfe50ef,8256,7.6904,50
dcf7598,1527,7.6904,11
6e03273f,12833,7.6904,84
41e28ac1,5419,7.6904,36
5a6b0089,5554,7.6904,36
2b944587,11216,7.6904,74
6c6cbeea,12583,7.6904,84
327985b,4071,7.6904,21
5d00d9f8,13340,7.6932,84
4ce56c4c,3671,7.6904,21
2b151475,3908,7.6932,21
17066ad5,13148,7.6932,84
7ef43754,12512,7.6932,84
5187593c,9167,7.6932,50
736a3d45,6212,7.6932,1
42d259a6,4334,7.6932,21
41ae8d91,1953,7.6932,13
578e5dcb,8258,7.6932,50
1aba5345,13199,7.6959,84
10409025,9424,7.6959,50
190f4adb,12786,7.6959,84
106bbbf0,13197,7.6959,84
461e8039,7634,7.6959,50
6d320781,8086,7.6932,50
19324db6,8259,7.6959,50
73e95f6e,14297,7.6986,97
3b811a2d,3649,7.6959,21
583bc614,11648,7.6986,74
6a169a62,12575,7.6986,84
53bdaa61,5185,7.6986,1
605e9249,10835,7.6986,74
66d3f330,12773,7.7014,84
38c8a002,6993,7.7014,50
618ebd8,10199,7.6986,68
1240fd88,12784,7.7014,84
6b73d683,5079,7.6986,1
e7ea371,3017,7.7014,24
16c6b35f,4668,7.7014,21
30832bcf,8069,7.7014,50
5741cc74,12379,7.6986,84
2d404087,7608,7.7014,50
4278d7a9,13367,7.7014,84
37cac6ab,7509,7.7014,50
1435c746,4556,7.7014,21
4d4e8bd8,1342,7.7014,11
498fd847,13374,7.6904,84
2891b043,12782,7.6986,84
12245de0,12576,7.7041,84
17209f72,1529,7.7041,11
2b0d0437,12387,7.7041,84
1c77acf1,4099,7.7041,21
21604765,8084,7.7041,50
66f0479a,13765,7.7041,97
16174b1b,8972,7.7014,50
9ba8501,12570,7.7041,84
4ad514bd,9169,7.7041,50
6b642932,12161,7.7068,84
5ab0657e,13375,7.7068,84
2e1848b6,4104,7.7068,21
7ff61a4,11651,7.7041,74
656ded1a,6066,7.7041,1
32cfe9b0,11560,7.7068,74
2f8a653c,11225,7.7068,74
76486e26,10305,7.7096,70
a46d30a,9171,7.7096,50
3f61083c,7324,7.7096,50
c9fa65,5555,7.7096,36
598363d6,7118,7.7096,50
7c16dcc5,3225,7.7068,21
24b84e27,9166,7.7014,50
491ab43f,10056,7.7068,1
7578e095,13351,7.7096,84
689ba985,9446,7.7096,63
3a2d368d,7117,7.7123,50
701725f9,11649,7.7123,74
6c30dc88,7322,7.7096,50
2e63c15,8085,7.7123,50
5e7ef5d3,8411,7.7123,50
d3429cf,7323,7.7123,50
6202f5e,13316,7.7123,84
5862b07d,4661,7.7123,21
44c5fd7d,710,7.7096,1
2e7badf1,12580,7.7151,84
7820580,12375,7.7151,84
2b543eee,12586,7.7151,84
409100ec,10054,7.7151,1
33f6292a,9168,7.7123,50
24cf94d1,9173,7.7151,50
4d8637b4,10679,7.7151,74
2ee67de8,10680,7.7151,74
66389eb8,4398,7.7151,21
7f615f4d,12167,7.7068,84
3ead611d,5310,7.7123,35
61e5c50,6255,7.7123,1
6485442c,12772,7.7178,84
3cb42d71,12376,7.7178,84
5c2aaa74,12372,7.7178,84
21200e32,1011,7.7178,1
3cf99f0,13713,7.7178,97
4da51981,6060,7.7151,1
50677ae1,5428,7.7151,37
7117af41,12514,7.7178,84
e68a88a,13804,7.7151,97
6be4c1d7,4657,7.7178,21
bf0e38,13315,7.7205,84
4c9ed4c9,9447,7.7205,63
4ff40599,7635,7.7205,50
6d10e0a3,9165,7.7151,50
7791928,8410,7.7205,50
723f16fb,12520,7.7205,84
4ade8a69,6209,7.7178,1
326883c4,11192,7.7205,74
86a21dc,12840,7.7205,84
5fa21083,5736,7.7205,1
2e910c8,4412,7.7233,21
302d4911,7636,7.7233,50
4715c9a0,9505,7.7233,63
79269ee9,3228,7.7233,21
f2644aa,3678,7.726,26
561be053,7576,7.726,50
3f2a7bf9,6997,7.726,50
72b67b23,6181,7.726,1
4f8862cb,12566,7.726,84
5318f934,8397,7.726,50
46180a11,5077,7.726,1
2a815498,4663,7.726,21
6b2f4d88,4669,7.726,21
69153569,11188,7.7288,74
67bde41c,7573,7.7288,50
1c90abc1,14298,7.726,97
1d43ac47,3323,7.7233,21
61f32278,12388,7.7288,84
41769f4a,12377,7.7288,84
5024c9e1,12565,7.7288,84
58314afd,12497,7.7288,84
20294361,4662,7.7288,21
55d014e1,11204,7.7288,74
234da47b,12574,7.726,84
7452ae51,12577,7.7288,84
71f9644d,13766,7.7288,97
1b210358,4105,7.726,21
4e036bc1,3650,7.7288,21
237006,5931,7.7315,1
3ac2a743,7494,7.7315,50
29ea5880,4401,7.7315,21
3050e7,12169,7.7315,84
7ce2631f,12168,7.7315,84
581f8f8b,13372,7.7288,84
69b46db9,9156,7.7315,50
5041c7e6,7610,7.7315,50
8ca069d,1382,7.7315,11
488dc4d2,6213,7.7315,1
33d8bb1b,13802,7.7315,97
5c4ddce4,3324,7.7315,21
6fda540f,13803,7.7342,97
4957b672,12775,7.7342,84
3fa1cc20,13291,7.7315,84
d399dcc,13368,7.7288,84
307eca48,5080,7.7342,1
44ee0e13,7572,7.7342,50
751f0a62,14350,7.7342,100
3157a3ca,4408,7.7342,21
34092ef0,10982,7.7342,79
72e39eb3,4665,7.7342,21
4649986a,7624,7.737,50
159e3a46,11217,7.7342,74
4b88c6db,14299,7.737,97
360b0ff4,12236,7.7342,84
58a944d9,13712,7.737,97
4123b8b3,4103,7.7342,21
58731980,9475,7.737,63
24f1df19,7495,7.7397,50
52f3502c,8087,7.7397,50
535bea7c,12162,7.7397,84
5fc0fab7,1863,7.7397,13
31da3a14,7119,7.7397,50
71a58ab6,12853,7.7397,84
3bd92d22,12374,7.737,84
75593e3a,7505,7.7397,50
391fc69e,13370,7.7397,84
61d28648,11238,7.7425,74
43cd97af,11702,7.7425,74
1b81afc,12834,7.7452,84
5c15d047,12237,7.7425,84
1b79c66d,4028,7.7452,21
2a126042,3329,7.7452,21
793a8acf,5737,7.7425,1
6e6ce38c,6996,7.7452,50
5a729566,12160,7.7425,84
2fc26b47,12774,7.7425,84
ff60e2c,11228,7.7452,74
657d4fa7,4655,7.7397,21
5da71110,12380,7.7452,84
7755c12e,13376,7.7425,84
838ee67,5820,7.7479,42
1c11c6f,9476,7.7479,63
68141757,4411,7.7479,21
43b1a336,4338,7.7479,21
3d65c743,9481,7.7479,63
58af6e6e,9445,7.7507,63
172bf8ca,12852,7.7479,84
3f567a29,12378,7.7507,84
1e80ac24,10003,7.7507,1
d4c2f68,10301,7.7507,70
51ff419e,8115,7.7534,50
2eb3fcb1,12499,7.7534,84
6696ac05,9172,7.7534,50
7d6ccd7f,11650,7.7534,74
11b79ad5,10057,7.7534,1
20d0aa26,13379,7.7534,84
31804995,3328,7.7534,21
73f5ccbd,12373,7.7534,84
62423267,8381,7.7534,50
68e9f089,4101,7.7562,21
5bd1a6f7,3651,7.7562,21
45a5ae73,13292,7.7562,84
6001bd7b,6252,7.7562,1
5e4b77d1,13149,7.7507,84
3d4c05e2,1531,7.7562,11
5bc86b51,12513,7.7562,84
1a06c77a,10058,7.7589,1
72b8347f,4030,7.7589,21
1f3fa536,12389,7.7589,84
4281c026,7638,7.7589,50
1f7890f8,7661,7.7589,50
6e10e21b,11218,7.7589,74
5d38286a,5539,7.7616,36
3ecd57ea,8073,7.7616,50
3f4c30ee,10304,7.7589,70
3c9e38a1,12776,7.7616,84
541b7118,11232,7.7616,74
738057d1,12567,7.7589,84
1ae97380,10904,7.7616,75
1305681e,7578,7.7616,50
68e63cf,8413,7.7644,50
589bf8b0,13767,7.7644,97
4c5a0e56,7662,7.7644,50
295412ad,13377,7.7644,84
1581fbcb,11227,7.7616,74
78f00174,7079,7.7644,50
d9585be,13768,7.7644,97
1e9c3248,8382,7.7644,50
a4cb2c4,8412,7.7616,50
76ccbc77,7506,7.7671,50
384085a,3622,7.7671,21
7b8752ff,5781,7.7644,1
5a1e8044,7002,7.7671,50
35abd351,13711,7.7671,97
164edb66,11764,7.7671,74
579f73fa,7080,7.7671,50
54f78760,9509,7.7699,63
79adc5ed,12787,7.7699,84
1277a0d2,13200,7.7699,84
7202cc11,12353,7.7671,84
5eae6108,4409,7.7699,21
493b559d,10902,7.7699,75
66650d58,13769,7.7699,97
26337c1,9477,7.7699,63
624ba066,12572,7.7644,84
2f68a0a4,10005,7.7726,1
263c44cd,13378,7.7726,84
3cec8f69,4402,7.7726,21
722d4a61,14303,7.7699,97
5c717355,9428,7.7726,50
2254302,11233,7.7699,74
696bb6da,13578,7.7726,84
2f1811ec,8429,7.7699,50
36c56d3,6119,7.7699,1
5ba30610,9506,7.7726,63
3ac79b02,11219,7.7753,74
548989dc,1962,7.7753,13
6e3af3bc,3623,7.7753,21
62ec84c,12854,7.7753,84
43453147,6204,7.7753,1
77ac9293,12593,7.7753,84
172434b5,11237,7.7781,74
1617987b,4106,7.7781,21
55c79f2f,5429,7.7753,37
3fe243d9,10300,7.7753,70
4a7a26f4,11205,7.7781,74
2c4976bc,12587,7.7753,84
692a52bb,14342,7.7781,97
4c2067bf,4400,7.7781,21
6b7f70e,10227,7.7781,68
54fb03f3,14302,7.7753,97
6f603e10,12830,7.7781,84
42b144ae,5187,7.7753,1
25aa26d2,14339,7.7808,97
8173ec0,10339,7.7808,72
1c9cbaee,8070,7.7808,50
726287d3,12354,7.7808,84
3a3e3905,4666,7.7808,21
4e561426,11229,7.7781,74
37648cc8,1372,7.7753,11
48b33aab,12841,7.7808,84
49346ae3,13201,7.7753,84
51ded9e8,12398,7.7836,84
47076a37,13972,7.7836,97
58260cea,5078,7.7836,1
1ae334c7,6118,7.7836,1
16b62918,12148,7.7836,84
646af499,14304,7.7836,97
77fb2610,4667,7.7863,21
4619f00c,2021,7.7808,15
504da09e,12835,7.7863,84
538bf35c,12238,7.7863,84
60f60b88,7659,7.7863,50
4e937a20,12500,7.7863,84
73676a3c,8116,7.7863,50
7f7a761f,13371,7.7863,84
2f808833,7507,7.7836,50
7a17a599,8424,7.7836,50
2e1d07c,1345,7.7863,11
32e9166d,13352,7.7863,84
1e0f44a1,7325,7.789,50
35658643,14300,7.7808,97
7299d61b,8260,7.7863,50
51747d4e,7670,7.789,50
839ec5b,7683,7.789,50
8fb0228,5916,7.7918,1
6cf78bb1,9429,7.7863,50
75b95ff2,10691,7.7863,74
2eb524fa,7510,7.789,50
49ac6650,725,7.7918,1
1c4bc169,8979,7.7918,50
e30100a,12170,7.7918,84
5ecab87e,3020,7.7918,24
2e7a3255,13824,7.7918,97
61b33a9a,5822,7.7945,42
4b874e1a,8071,7.7945,50
28400c18,14071,7.7945,97
45b9a720,10345,7.7918,72
4ebbeea1,10004,7.7863,1
36246a06,10903,7.7918,75
47221546,5189,7.7945,1
4f2a3a25,12397,7.7945,84
5e750b87,5188,7.7945,1
259f23c,9967,7.7973,1
4b942e15,8414,7.7973,50
200445a0,11234,7.7945,74
1c4b9a04,9512,7.7973,63
22e60ba,707,7.7973,1
70425abe,11193,7.8,74
5b7eec96,12866,7.7973,84
74f17a4b,13373,7.8,84
1e7f0646,5933,7.8027,1
5e243437,10681,7.8027,74
2f7ea4f9,12829,7.8027,84
5022a07f,6256,7.8,1
3609d10b,6207,7.8027,1
49f3de71,8393,7.8027,50
1370e2da,5556,7.8027,39
56148993,2020,7.8027,15
5a1ee9e6,10302,7.8027,70
2eed9bd3,9554,7.8027,63
6dff7457,6058,7.8027,1
793ad829,13577,7.8027,84
6d4883e6,7081,7.8027,50
1f62c7cd,12867,7.8027,84
5d93f4f1,7574,7.8055,50
72c784fa,9510,7.8055,63
5bb96ef7,9553,7.8055,63
3287fc91,12588,7.8055,84
52ec96e2,14341,7.8055,97
109ad432,3023,7.8082,24
37b21430,8435,7.8027,50
5e34628f,13580,7.8082,84
4e6a7168,12355,7.8055,84
7807b5c1,12400,7.8082,84
3efad5b7,10336,7.8082,72
5968ec9e,4557,7.8082,21
18da9d1f,9181,7.8082,50
4327e8fd,4413,7.811,21
5e5b20c0,10230,7.811,68
1b373f77,14072,7.811,97
29a840cb,7579,7.8055,50
2537e9a9,10288,7.811,70
738816cb,12842,7.811,84
23dc596,11652,7.811,74
f147847,12381,7.811,84
8ce1445,9175,7.8137,50
746d5a2b,12401,7.8137,84
2a205eac,10363,7.8137,72
33b394ef,14340,7.8137,97
192d2b6d,8394,7.8137,50
7aec0be,9511,7.8137,63
35d7be4f,10231,7.8137,68
7b4371a1,12501,7.8137,84
4dc3e88c,5558,7.8137,36
653e0aa6,8978,7.8137,50
1538332f,11230,7.8137,74
1d95d201,7004,7.8164,50
2b39ff9e,11703,7.8137,74
310fe112,4031,7.8137,21
14fd36f6,1034,7.8164,1
4f40ceb7,10678,7.8164,74
6c182003,7496,7.8164,50
5abe86c3,5311,7.8164,35
4ae7c3c7,3330,7.8164,21
7e1b6f9,5783,7.8164,1
ecb67f0,12847,7.8192,84
3dfda9f2,10905,7.8192,75
e17cb57,10200,7.8192,68
5484a387,4399,7.8164,21
7401fd8c,5313,7.8192,35
5a27e551,7663,7.8219,50
f06ed02,11704,7.8164,74
5fe46729,13586,7.8219,84
24721cc4,7671,7.8164,50
419a7876,11196,7.8219,74
3e77e403,12855,7.8219,84
79ccf3ba,10682,7.8219,74
163ab06d,6059,7.8219,1
56d1e85,10055,7.8247,1
314da6d0,11231,7.8247,74
6ebc615b,11194,7.8247,74
23063147,5312,7.8247,35
3dc947be,9448,7.8219,63
2c0610a0,10364,7.8247,72
50bdffb4,10229,7.8219,68
c9aa855,8078,7.8247,50
7f6ab220,13973,7.8247,97
1e042c88,9479,7.8274,63
69076c41,4107,7.8274,21
5a3dd9b6,7003,7.8274,50
3a81c347,11197,7.8219,74
56f86e8a,10351,7.8274,72
ff9bc00,8980,7.8274,50
30a6a11b,6143,7.8301,1
6d269bc1,8072,7.8301,50
6211b62a,13975,7.8274,97
770808dc,4425,7.8329,21
3d3dc3e6,5557,7.8329,36
3553b381,1533,7.8329,11
717ea62,3331,7.8329,21
5f209b5,1954,7.8329,13
30787249,12239,7.8301,84
6903dab7,8973,7.8329,50
5f37328a,5430,7.8329,37
68ce8f58,9480,7.8356,63
6d9590de,19435,7.8356,100
30278214,1963,7.8356,13
4029f67b,10062,7.8301,1
33302e0d,7681,7.8356,50
55f5f983,13808,7.8356,97
8bbdcdf,7078,7.8356,50
1303bbea,5824,7.8329,42
320efde7,14984,7.8356,100
495d182a,6886,7.8384,50
409777f5,4414,7.8384,21
491fd9d8,11236,7.8356,74
46c8b554,13353,7.8356,84
745e1b22,10228,7.8384,68
74baabc6,12832,7.8384,84
ef96d33,12266,7.8384,84
2f44a88e,8400,7.8384,50
2ca5ca27,12521,7.8384,84
d60b0ee,12573,7.8384,84
48b5d484,12391,7.8384,84
423f05c4,8415,7.8384,50
40c91b56,12390,7.8384,84
48262461,12831,7.8411,84
561af2b3,6320,7.8384,1
2ed1d815,10063,7.8411,1
14fae92e,10232,7.8411,68
1c61534c,2006,7.8411,15
4d3f0ead,11235,7.8384,74
3e5690ad,9507,7.8411,63
65ee603b,1032,7.8438,1
452c045b,4343,7.8438,21
2c820a12,8077,7.8466,50
65c3649,14978,7.8466,100
1031fefd,4341,7.8466,21
5ee22ecf,7511,7.8466,50
1e6e3c77,1371,7.8466,11
45eb652,6208,7.8466,1
3bc5ed3d,13587,7.8438,84
2ac03f7a,7631,7.8466,50
518dfbfa,9482,7.8466,63
5369378,12790,7.8466,84
5ccc6a72,13770,7.8493,97
4315b100,2023,7.8466,15
2cf7b091,5081,7.8493,1
261286f,8398,7.8493,50
50f5b1df,8074,7.8438,50
3f99bfcb,9483,7.8493,63
38cf1c37,6887,7.8493,50
76f6ea6,3672,7.8466,21
691c52fa,5597,7.8493,36
78fe1470,13828,7.8493,97
c06c6ed,12789,7.8438,84
381081fc,9555,7.8438,63
44f6c206,13585,7.8493,84
4ff6d3e0,6061,7.8521,1
3d04b12d,12848,7.8521,84
1a27c22,5821,7.8493,42
18f708b2,13825,7.8521,97
3f6c4fd2,6144,7.8521,1
47a313fa,6177,7.8493,1
7b006593,13974,7.8521,97
9946e07,6182,7.8521,1
7004c506,11245,7.8466,74
2f67343f,10289,7.8493,70
37aa136b,3024,7.8548,24
57b3e0bd,12845,7.8548,84
7d7d481a,12595,7.8548,84
46c35c60,5825,7.8548,42
2b078e46,11248,7.8548,74
52499a61,4416,7.8548,21
607f8133,7005,7.8548,50
218d6539,9176,7.8548,50
3dd791d5,1956,7.8493,13
203e3f04,13827,7.8466,97
b63d501,8383,7.8548,50
752938da,12393,7.8548,84
620383fd,12843,7.8521,84
32192a67,12396,7.8575,84
75e15445,9449,7.8548,63
14d38dd1,8080,7.8575,50
74b93a15,8081,7.8575,50
48ea33b0,2008,7.8521,15
73c4c84e,8427,7.8548,50
36085d3b,6888,7.8575,50
493464c3,12849,7.8575,84
74e09662,11246,7.8603,74
6d0e4cfd,5785,7.8603,1
199b25e2,13581,7.8603,84
55cd82b7,12382,7.8603,84
7363486e,9180,7.8603,50
3c083e6,14989,7.8603,100
1cb64ec7,5784,7.8603,1
5cc2cc86,4340,7.8575,21
f9f3c20,10064,7.8603,1
350bcf48,7665,7.8603,50
2cbc9dff,1864,7.8603,13
999a63d,8432,7.863,50
1b9d7939,10365,7.8603,72
32d3a5bc,6145,7.863,1
59bf17cb,7660,7.863,50
1cbd1557,10337,7.863,72
296fe1d6,12792,7.8603,84
56d15cba,8981,7.863,50
3dcba8a7,12356,7.863,84
70af280a,11706,7.8658,74
129a14e7,1386,7.8658,11
66f9bc4e,5782,7.8658,1
79e7d3ca,12245,7.8658,84
740d4b90,1373,7.8658,11
1ea720b8,5190,7.8658,1
3a1118a7,13829,7.863,97
5aff01d2,13582,7.8658,84
18801b46,9183,7.8658,50
33b0cfd4,12844,7.8685,84
1d63d25,13583,7.8685,84
23854d5c,8401,7.8685,50
3b41687,3021,7.8685,24
3bc73841,7666,7.8685,50
ebc9e82,19436,7.8685,100
3eb3a565,1955,7.8712,13
1905fec3,7682,7.8685,50
3755f042,10007,7.8712,1
7707e33a,11250,7.8685,74
1734b5cb,3022,7.8712,24
504e428f,2022,7.8712,15
3552d3d9,8399,7.8712,50
5f70037f,12794,7.8712,84
7ccb0d79,12856,7.8712,84
77286ed7,9513,7.874,63
12cbc03b,14351,7.874,100
4790b8eb,5934,7.874,1
64042542,4339,7.8712,21
47ebee00,10006,7.874,1
18df6679,8428,7.874,50
45538f38,14982,7.8712,100
3cdb10de,12788,7.874,84
6cf500f8,13579,7.8712,84
50133e9b,9170,7.874,50
79300c32,4415,7.8767,21
613366fa,5823,7.8767,42
2bc280b,8395,7.8767,50
66059562,9182,7.8712,50
66690e30,9559,7.8767,63
1f2d440c,12171,7.8795,84
65d3e5a5,14983,7.8795,100
15ebf0b7,8425,7.8795,50
6cc6564,9508,7.8795,63
3fb67e70,1957,7.8795,13
4ca85e5a,7664,7.8795,50
39507ee7,9485,7.8795,63
43545aa5,14985,7.8795,100
2656f0ee,10290,7.8795,70
280230f0,12394,7.8822,84
129fc451,1532,7.8822,11
73ff25d5,12392,7.8795,84
26d674cd,5826,7.8795,42
623f7ac4,8079,7.8822,50
3659c73c,9514,7.8822,63
5b0343c3,14306,7.8822,97
37d2a9be,8430,7.8849,50
26ba290,11765,7.8849,74
3d89e31c,8433,7.8849,50
24f95733,9969,7.8822,1
65250534,4335,7.8822,21
4798cf77,13714,7.8849,97
42b97ff0,4108,7.8822,21
357b559b,13715,7.8849,97
5b55dcc8,12846,7.8877,84
16147e33,12791,7.8877,84
7c6f6b7,14990,7.8877,100
1776e8f1,19437,7.8877,100
6f13fa83,6998,7.8877,50
784ea009,2024,7.8877,15
2b3d0c7c,12596,7.8849,84
1fe3b89f,13588,7.8904,84
d088054,4342,7.8904,21
38589220,708,7.8904,1
1849c4ba,7632,7.8904,50
783371bf,5540,7.8904,36
150a6152,4336,7.8932,21
5cc94987,4670,7.8932,21
a220e87,6321,7.8932,1
20fc09ac,10338,7.8904,72
76c6751d,12522,7.8932,84
7c549e4e,9958,7.8932,1
6532072d,12515,7.8932,84
30808a66,1868,7.8932,13
cc8c23f,1036,7.8932,1
63ec356c,12172,7.8932,84
274a5db6,11239,7.8959,74
26937880,9177,7.8959,50
66e2b497,8431,7.8959,50
23c94bcb,11249,7.8959,74
172e266e,14343,7.8986,97
2a440b73,5562,7.8986,36
5e422da,7010,7.8986,50
597144a0,6335,7.8986,1
4c87e54d,12594,7.8986,84
308fcb56,2013,7.8986,15
56f4867f,4109,7.9014,21
5ce10041,12384,7.9014,84
f661b39,7639,7.9041,50
41fda4f8,10683,7.9014,74
157cfca7,1875,7.9041,13
33c805c6,6214,7.9041,1
5eff898f,20780,7.9014,100
677fe8f6,8402,7.9041,50
5c320725,12836,7.9041,84
587f88f3,12399,7.9041,84
74892d60,7668,7.9068,50
71ce002,13584,7.9068,84
36e43328,12568,7.9068,84
1fbc904f,12795,7.9068,84
3ba0bb5b,11709,7.9014,74
6ff7362,14305,7.9068,97
6f44a2fc,8082,7.8986,50
66838f4f,5849,7.9068,42
67c58953,7009,7.9096,50
208a2347,7673,7.9096,50
1d464538,13380,7.9096,84
2af8bbfe,2012,7.9096,15
1c3ab4af,726,7.9068,1
23025fa8,12529,7.9096,84
5e1b5cc9,12244,7.9096,84
241859b2,11195,7.9123,74
15727042,9478,7.9123,63
b58a78c,8436,7.9123,50
3a965650,12798,7.9123,84
3b276ed1,8426,7.9096,50
3eefa8df,12858,7.9123,84
1cff1152,7011,7.9123,50
585cb379,17187,7.9123,100
23cc3bf0,2015,7.9123,15
16761b39,7674,7.9096,50
2c602dee,16605,7.9123,100
1e5aeb71,12383,7.9151,84
5db01135,4672,7.9151,21
1f09d6f7,9556,7.9151,63
60caa681,14987,7.9151,100
46c3c672,14979,7.9151,100
f0bacb8,6999,7.9151,50
6f2bc085,1035,7.9151,1
52ef3dd5,20781,7.9123,100
67a467a7,1865,7.9151,13
3f0cdd77,9557,7.9205,63
6db0c842,13976,7.9205,97
22cc35bf,11242,7.9205,74
469a51b4,6067,7.9205,1
2c79f9f,5192,7.9205,1
5bf90dd5,9484,7.9178,63
30e02c30,13763,7.9205,97
2463dc69,15597,7.9151,100
1ae6841d,12524,7.9233,84
1be99dd1,14344,7.9233,97
6592d7b6,13354,7.9233,84
9e2a531,11240,7.9233,74
38d28991,5314,7.9205,35
2688a76,6033,7.9233,1
2c00304a,12599,7.926,84
30d7d3d6,11707,7.926,74
1c654a5c,9971,7.926,1
5a98489c,14988,7.926,100
7737b1e5,8434,7.926,50
fd604eb,9515,7.926,63
79f085b6,7640,7.9233,50
50724989,13762,7.926,97
4ff1177e,12597,7.926,84
57356ab4,7669,7.9233,50
3093611f,9516,7.9288,63
10953f7,11243,7.9288,74
2fb80acf,2148,7.9288,15
1dc7412e,13720,7.9288,97
5d3b584d,7006,7.9288,50
60e7aa15,6185,7.9288,1
276a1b90,2014,7.9288,15
5bf6b503,5599,7.9288,36
4d7d8571,13881,7.9288,97
1744339e,12598,7.9288,84
7c1f5162,5193,7.9315,1
2175fbf6,11241,7.9288,74
56b4d2d3,14073,7.9315,97
38842bab,13776,7.9288,97
63923b53,5186,7.9315,1
935eb01,7000,7.9315,50
3e16f998,5191,7.9342,1
61ddbb4f,13761,7.9342,97
5c279dc,1534,7.9342,11
30321fe7,6183,7.9342,1
40e06178,4560,7.9342,21
5920c3bc,7641,7.9342,50
51ebf2e4,9968,7.937,1
4544a30c,16606,7.9342,100
50732b39,13830,7.937,97
709edbf7,6210,7.937,1
33368f3d,13591,7.937,84
6c5487c4,12837,7.937,84
25375394,15598,7.937,100
24385992,6068,7.937,1
6c1a8076,12403,7.9397,84
77aa314,10352,7.9397,72
73aec592,13831,7.9397,97
53d3d314,11753,7.9397,74
3541f435,4417,7.9397,21
d60cbdb,10366,7.9397,72
8670db0,8117,7.9425,50
456134db,9178,7.9425,50
7f3b801e,7667,7.9425,50
52f6a739,12525,7.9425,84
748eb231,9487,7.9425,63
4482d2f4,11251,7.9425,74
44b43b9d,12859,7.9425,84
31c3b779,5315,7.9452,35
7a49f3,8291,7.9452,50
83f183c,12267,7.9452,84
2b275255,6062,7.9452,1
49f10145,20807,7.9452,100
2a39723a,6035,7.9452,1
4fb4cc33,13826,7.9452,97
51831285,9558,7.9479,63
7bdf5241,13805,7.9479,97
3fbad301,14347,7.9479,97
2e1e9b59,10233,7.9452,68
273cea8,7007,7.9479,50
4f579402,12609,7.9479,84
26eb0c8f,8294,7.9479,50
40f7b790,7672,7.9479,50
4f20e188,13590,7.9452,84
153e7f66,13875,7.9507,97
6dd2f406,5082,7.9507,1
66ba1e47,1383,7.9507,11
18cbf96b,8416,7.9507,50
38321598,11220,7.9479,74
1f8add6c,7642,7.9507,50
50af775b,2009,7.9507,15
360cf767,20808,7.9507,100
729fc7,2011,7.9507,15
470f63b2,12850,7.9507,84
47353e03,13882,7.9534,97
661393fc,7685,7.9479,50
245847c7,14345,7.9534,97
72f4e14d,15486,7.9534,100
6c0b8c11,5083,7.9534,1
3dedf938,11221,7.9562,74
29f5d5e5,7675,7.9562,50
6714913c,7019,7.9562,50
47de23fe,4673,7.9562,21
77854410,5547,7.9562,36
1932088f,17839,7.9589,100
25f357e1,8295,7.9589,50
22aef447,4427,7.9589,21
69a9e0db,11708,7.9589,74
14d9e23f,9179,7.9562,50
49219170,13589,7.9616,84
76d29bea,14986,7.9616,100
238b55bb,6034,7.9616,1
78213e56,2025,7.9616,15
c2a16e3,13771,7.9616,97
781883ef,8292,7.9589,50
3d77378d,7644,7.9589,50
5f98e602,2155,7.9616,15
26c746c7,13594,7.9616,84
77cdee22,11252,7.9616,74
1a7cbe0b,14346,7.9616,97
1eb33996,13879,7.9644,97
68374b4,8403,7.9616,50
39912225,13876,7.9644,97
4d5b681d,13721,7.9644,97
3b492fe9,12173,7.9644,84
1a6efbdd,10234,7.9644,68
1e2e1613,4674,7.9616,21
659d927d,12793,7.9644,84
62e568d1,9562,7.9644,63
7463122f,9962,7.9671,1
7fde96ed,1866,7.9671,13
d81cfb,4344,7.9671,21
5dcf32fb,5316,7.9671,35
12033ad8,16612,7.9671,100
1b844c9f,12268,7.9671,84
526e1cde,12799,7.9671,84
3247c47d,9970,7.9671,1
598c9180,12526,7.9671,84
5252b593,4671,7.9699,21
233656e,12410,7.9699,84
2a492a45,8293,7.9699,50
6b0bebf2,6381,7.9699,1
10d83144,8296,7.9699,50
1645cc64,12860,7.9699,84
492192a1,9450,7.9726,63
741c0a94,14074,7.9699,97
3325d7a9,10240,7.9699,68
75542107,1869,7.9644,13
7c5ee44,14349,7.9726,97
4234c087,12838,7.9699,84
56e82aff,13981,7.9726,97
4bed3714,14348,7.9753,97
57f17d24,5598,7.9699,36
637247e3,1346,7.9726,11
7a683f2,12796,7.9753,84
108efe2b,11244,7.9753,74
7ba48653,12357,7.9699,84
32f93eb9,12868,7.9781,88
43452a5a,1870,7.9781,13
704f98d3,7008,7.9753,50
17574f57,8088,7.9781,50
6ca0b7f2,4558,7.9781,21
65d47c6,5786,7.9781,1
ad8cede,12610,7.9753,84
fbb2d57,13878,7.9808,97
5e7ed748,6258,7.9808,1
27581525,8982,7.9808,50
4eae391b,13834,7.9781,97
2221247f,12839,7.9808,84
1e092029,8118,7.9753,50
196712bf,14980,7.9808,100
6e43a0db,12174,7.9836,84
9d5610b,3333,7.9753,21
368ce7cb,5431,7.9808,37
1d253fb9,9560,7.9836,63
205d3ef3,1873,7.9836,13
4949e736,13764,7.9836,97
6e1311be,2149,7.9836,15
4c6ce84e,8417,7.9836,50
65e91d78,9491,7.9836,63
3e30211d,13835,7.9836,97
afbd992,9486,7.9836,63
1d8fecb7,10236,7.9863,68
2a8db23b,12857,7.9863,84
29e3c048,8404,7.9863,50
5f0baa2b,6324,7.9863,1
740e071c,2007,7.9836,15
1686a77e,12869,7.9863,88
21d0d466,5563,7.9863,36
367046ab,12246,7.989,84
19681a7f,4110,7.989,21
2750d5e,11705,7.989,74
23087885,13883,7.989,97
27babd1f,12523,7.989,84
4a453c1,9186,7.989,50
2370d4d7,4132,7.9863,21
66102d8d,8297,7.989,50
435c4c6c,14075,7.9918,97
176faf23,7643,7.9918,50
31fc435d,4337,7.9918,21
532aa587,5194,7.989,1
176024f8,11222,7.9945,74
32138caf,12175,7.9945,84
130d99ad,6146,7.9945,1
4038d63a,9959,7.9945,1
56e96d21,13725,7.9918,97
78ecbfd,9561,7.9973,63
1015430,12600,7.9973,84
15a5c5d6,12409,7.9973,84
1c9ca154,12851,7.9973,84
6bf773bd,13773,7.9973,97
1ad79c1d,13832,7.9973,97
11fceba3,13355,8,84
68136ec9,19438,7.9973,100
382982ed,4561,8,21
25877fcf,4426,7.9973,21
485ebddb,2072,8,15
1eb8d681,13880,8,97
7d887e64,17377,8,100
3a750fb9,12628,8,84
686f8706,7684,8.0027,50
381c0ed8,10684,8.0027,74
1b79c9e4,12402,8.0027,84
27d5511a,4345,8.0027,21
6fb31e8c,2026,8.0027,15
3767d125,9563,8,63
23243778,14991,8,100
76c7ec11,7020,8.0027,50
1f7cb3b,11223,8.0055,74
7af31441,12250,8.0055,84
810ccd9,5600,8.0055,36
682c1daa,6336,8.0055,1
a8db554,10340,8.0055,72
43e36770,21048,8.0055,100
6554a685,1374,8.0027,11
773fd71d,12629,8.0082,84
7c72d224,2010,8.0055,15
ffb4275,13592,8.0082,84
720aaf77,17189,8.0082,100
2b60d41e,8089,8.0082,50
15ca9377,4559,8.0082,21
4d4abe59,10692,8.011,74
2572b4b1,11710,8.011,74
2743b626,17188,8.011,100
2eeb3740,7021,8.011,50
385f4c27,7029,8.011,50
5000f60,7686,8.011,50
15d4ae,5855,8.011,42
6adec324,13772,8.011,97
4185aef0,6038,8.011,1
59a578ef,21047,8.0137,100
636d077b,1867,8.0137,13
4d731f1c,2156,8.0137,15
216dda6c,16608,8.0137,100
537dbcae,7022,8.0137,50
1aba7871,13356,8.0164,84
58203f65,9185,8.0164,50
533bdec3,13722,8.0164,97
dfe4082,5432,8.0164,37
420f45eb,6257,8.0137,1
6d4a0148,5959,8.0192,1
7c2919c8,2016,8.0192,15
25abca3f,14981,8.0192,100
5aae7458,12861,8.0192,84
62b642fb,1878,8.0192,13
56e5f03c,5935,8.0164,1
2de422ed,11247,8.0192,74
4c19fbd,12603,8.0192,84
7ded172d,7023,8.0219,50
9b91096,12406,8.0219,84
3c4765d7,13982,8.0219,97
54b0a444,13836,8.0219,97
2072c5af,2157,8.0219,15
2d2dcafe,10686,8.0219,74
6b3e882b,10241,8.0219,68
21d276fc,1876,8.0192,13
5bde1ce6,14076,8.0192,97
29e6390c,12527,8.0192,84
78252af0,12800,8.0192,84
3b1c6530,8119,8.0192,50
9cb9139,16615,8.0219,100
74b55564,974,8.0219,1
11fdf755,10243,8.0247,68
40de3d30,1375,8.0247,11
1833f5fe,10008,8.0247,1
4da4ed98,6149,8.0247,1
161b1e55,9188,8.0247,50
18f00fbe,16607,8.0247,100
339dec26,4346,8.0247,21
380441c0,8418,8.0247,50
29b70d8,9960,8.0219,1
29a2027e,9187,8.0247,50
580f970,10242,8.0247,68
6fa21c75,17378,8.0274,100
3302217b,12528,8.0274,84
25a80035,13806,8.0247,97
34aa3fc,5564,8.0274,36
6a469a73,12797,8.0274,84
6fc06944,13983,8.0274,97
307e21cd,6184,8.0247,1
680fb532,12276,8.0301,84
17b15df2,19439,8.0301,100
10d7336f,1384,8.0274,11
351aaf86,9629,8.0301,63
61ed60da,7030,8.0301,50
6b512e54,8396,8.0274,50
7e62a029,12601,8.0301,84
63a12cda,1871,8.0301,13
3a7d9b7,10244,8.0301,68
61667419,8299,8.0329,50
aeee3f4,9565,8.0329,63
6043d98f,2150,8.0329,15
5d14de51,6157,8.0329,1
f00af56,12269,8.0329,84
728c0c01,9489,8.0329,63
c7d3c7e,9184,8.0329,50
77609df6,975,8.0329,1
7d90f653,9670,8.0329,63
6fee01e4,12863,8.0356,84
a155eab,16695,8.0356,100
4d093d2c,5857,8.0356,42
79e9fd32,9972,8.0356,1
3b1be32,5960,8.0356,1
1c4f7e81,13877,8.0329,97
3c0f9ba5,10353,8.0329,72
a39e17b,14077,8.0301,97
4f79e20,8137,8.0356,50
1d16f759,8090,8.0384,50
632b5349,6036,8.0356,1
23393e3a,8121,8.0411,50
664e211f,20076,8.0356,100
5ef0a568,5936,8.0411,1
677804e4,16033,8.0411,100
dda2edf,12870,8.0411,88
23d78469,13984,8.0384,97
1a0bb0a2,6147,8.0411,1
52981837,9627,8.0438,63
347f5162,8451,8.0384,50
410b9d6e,4348,8.0438,21
66f3ee8f,13978,8.0411,97
3a838858,13807,8.0438,97
22e13688,7013,8.0466,50
7dcaa10a,6158,8.0466,1
6037b330,8298,8.0466,50
19c9be2f,9517,8.0493,63
526e6d52,15487,8.0493,100
3f2e2406,12411,8.0466,84
17440018,9961,8.0493,1
5861a4c6,7012,8.0493,50
42beb7ea,9518,8.0493,63
16ed0959,9532,8.0493,63
1e5b684c,977,8.0521,1
509b6195,2158,8.0521,15
67e8ef5e,6191,8.0521,1
1156ac57,1882,8.0521,13
540aaf39,9672,8.0548,63
31cb773d,6322,8.0548,1
1c5900c3,20811,8.0548,100
5f16ebe4,8122,8.0548,50
7fa46d47,8453,8.0548,50
5bb442f0,10009,8.0521,1
5a465dd8,8091,8.0548,50
32e7c4bf,8437,8.0548,50
6e7559f1,13774,8.0575,97
172f350d,13357,8.0575,84
7f6f12ad,12864,8.0575,84
73a1e3c3,8457,8.0575,50
37df8697,7676,8.0575,50
8f80160,9488,8.0575,63
62c084f8,16032,8.0575,100
59b64a3c,6148,8.0575,1
5e4bc1dd,8439,8.0548,50
1d4ce85f,5950,8.0575,1
22888e2c,13885,8.0575,97
69285fd4,6382,8.0603,1
2241f67,1535,8.0603,11
26163d7,13777,8.0575,97
64fe6459,10013,8.0603,1
4f0351ed,16616,8.0603,100
6d7eb04d,9490,8.0603,63
26f971e1,12270,8.0603,84
24792aaf,12611,8.063,84
7ba20f2,5559,8.063,36
648819ee,13716,8.063,97
7343758a,1037,8.063,1
261ade36,16609,8.063,100
3e7efe60,9494,8.063,63
25d46a63,2237,8.0603,15
63381a6e,976,8.063,1
1a9dc728,16610,8.0658,100
729a0ed4,15136,8.063,100
28195df,9492,8.063,63
77e28452,13593,8.063,84
2a698296,2017,8.0658,15
4b45e611,6192,8.0658,1
371ee146,6039,8.0658,1
3f15ccd6,12618,8.0658,84
242fa702,12803,8.0685,84
29b5c74a,10306,8.0658,70
1ddb994e,13977,8.0658,97
3793b253,5560,8.0685,36
13fac847,727,8.0685,1
77ebc147,14087,8.0685,97
a470dd7,10014,8.0685,1
6689d010,6211,8.0685,1
27d93466,2151,8.0685,15
161934bb,17379,8.0685,100
6224682a,8300,8.0685,50
4b6c6cd0,9963,8.0712,1
2c8b7e62,12271,8.0712,84
63cd3cfd,16613,8.0712,100
dd95ee6,5829,8.0712,42
4bcb461e,4347,8.0712,21
4c7d124f,10685,8.0712,74
6eff0f5e,8120,8.0685,50
406e0145,2153,8.0712,15
29965209,13726,8.0685,97
dddc21e,13837,8.0712,97
3e00d98f,6216,8.0712,1
16f66e44,13723,8.074,97
1dfb0e85,8452,8.074,50
1b780a24,8448,8.0685,50
517245a8,5434,8.0712,37
7e80138d,2073,8.074,15
5e11637c,5856,8.074,42
293badbd,17242,8.074,100
7856e667,9631,8.0767,63
5df72367,14088,8.0767,97
750ba23c,10354,8.0767,72
2e79bf93,8438,8.0767,50
61d311e5,10355,8.0767,72
5dbeaa3,20274,8.0767,100
2d69a266,8454,8.0795,50
4e8f057f,8405,8.0795,50
372a6972,14307,8.0767,97
7381f384,5827,8.0795,42
b705365,13727,8.0795,97
290f342d,13833,8.0795,97
6dfe03c6,2160,8.0795,15
de4f68d,2154,8.0795,15
3b76beb3,1879,8.0795,13
5ff33156,4563,8.0822,21
33916378,14086,8.0795,97
7eae32ef,13888,8.0795,97
420ee95d,2152,8.0822,15
7d6b9cac,11754,8.0822,74
68f42f0f,6152,8.0822,1
66799784,4419,8.0822,21
20c6739c,13787,8.0822,97
70aa65c,6323,8.0822,1
f37d31a,1877,8.0822,13
5e8fcc2,13889,8.0822,97
15b732d8,12407,8.0822,84
b1b428f,6151,8.0795,1
5c72eb36,5850,8.0822,42
2eb178ce,14089,8.0822,97
769d928b,14080,8.0849,97
65d45557,8126,8.0849,50
49598ac7,12278,8.0849,84
1bdac20e,13838,8.0849,97
2b9e381,17840,8.0822,100
2e471805,4562,8.0849,21
182a2097,17841,8.0822,100
5f93a028,9519,8.0877,63
74f53f64,5438,8.0877,37
5a9916af,5937,8.0877,1
68be6440,9539,8.0877,63
17f15396,6260,8.0877,1
5e16f767,9564,8.0877,63
1c468e6d,5833,8.0877,42
ef8df24,6261,8.0877,1
1388508e,12619,8.0877,84
7acc3057,5561,8.0904,36
5251fc85,10346,8.0904,72
1a980814,6217,8.0904,1
4bc537e9,9525,8.0904,63
5010e84e,15493,8.0904,100
d78831d,10065,8.0904,1
57fae20e,15600,8.0904,100
3562fd67,13724,8.0904,97
6d39c4b0,1968,8.0904,13
62e7311d,6262,8.0904,1
2bce2637,14078,8.0904,97
5da2c69,12247,8.0932,84
2b244bd2,2028,8.0932,15
98f1214,12530,8.0932,84
30bf7563,3334,8.0932,21
523bb5e1,5195,8.0932,1
81ede0f,8124,8.0932,50
1ed6e05,7015,8.0877,50
7003c39e,12813,8.0904,84
7f18f4c2,12277,8.0932,84
188b388,709,8.0932,1
1d326612,2074,8.0932,15
6b7f68fa,6141,8.0959,1
58e4938,5834,8.0932,42
241c3fd7,3025,8.0959,24
3d8803af,4349,8.0959,21
1f845598,15601,8.0959,100
79d8e365,14090,8.0959,97
69706c1c,12283,8.0959,84
dd8a0bf,12408,8.0959,84
1e403f83,8420,8.0932,50
1a6fabdc,10239,8.0904,68
2423ba68,17190,8.0959,100
63a8d29f,12428,8.0986,84
70bacdde,1387,8.0959,11
7d3e035c,7032,8.0986,50
5dd5d644,711,8.0986,1
37af516e,10069,8.0986,66
280cdc3f,20809,8.0986,100
62d0eacd,979,8.0986,1
d15df8b,20275,8.0986,100
18f6d64,5435,8.0986,37
74addd68,11766,8.1014,74
7e015f9b,15488,8.1014,100
33e84514,12630,8.0959,84
3ff0913b,9535,8.1041,63
7dcb8a72,8406,8.0986,50
5e01fbc7,15602,8.1041,100
257951a5,19442,8.1041,100
2a089a1b,8419,8.1041,50
5bb9baab,8455,8.0986,50
7a8033b4,11253,8.1041,74
2b8e30e0,12251,8.1068,84
3a8edb6d,1388,8.1041,11
1c480a2a,10357,8.1068,72
61b212de,6193,8.1068,1
4538afc8,7033,8.1068,50
78f814b7,13890,8.1068,97
53c22926,10070,8.1068,66
2824bd79,10291,8.1096,70
727781ad,8449,8.1096,50
72b126c4,7687,8.1096,50
4daf65ba,15603,8.1096,100
30f8aaad,14308,8.1096,97
3d3a16be,8407,8.1123,50
7e02760e,14081,8.1123,97
738e825d,5830,8.1123,42
8721dee,8440,8.1123,50
7d2a638f,12602,8.1123,84
10480572,2076,8.1123,15
1753e14c,4418,8.1123,21
7a3dff41,8125,8.1123,50
fd61325,15604,8.1151,100
21ce3f4b,4420,8.1151,21
1334fb2e,12248,8.1123,84
2e736bde,4421,8.1151,21
717dcd95,11724,8.1151,74
3d0a6867,10341,8.1151,72
79ac0b77,8123,8.1151,50
60245fb3,16611,8.1178,100
465c705c,10071,8.1178,1
1aba7f8,9633,8.1178,63
16383bbb,1883,8.1178,13
6d7fe41a,12413,8.1178,84
9365d8c,14091,8.1178,97
1eccd17c,8450,8.1205,50
10d8086e,15137,8.1205,100
43f2e3e9,6194,8.1205,1
352354b9,16035,8.1178,100
62914445,10358,8.1178,72
5970bfa6,12412,8.1205,84
44049a5d,12871,8.1233,89
7d535a35,9632,8.1205,63
9bb479e,6159,8.1233,1
4df4abe1,1965,8.1233,13
40a9dc9c,12814,8.1233,84
26924c8c,7677,8.1233,50
4e499777,1964,8.1233,13
12989c97,16034,8.1233,100
414caeed,6160,8.1233,1
750e7c64,12804,8.126,84
5ad5c5b9,9671,8.126,63
77febf9d,10307,8.126,70
52ce51b3,6037,8.126,1
2154f9d1,13839,8.126,97
75dbd0db,5835,8.126,42
77ebd887,11758,8.1233,74
54b00d0,13788,8.1233,97
320b141,5858,8.126,42
120f4ef,1033,8.126,1
73c0f6b,10073,8.126,1
5a2cc2dc,14992,8.1288,100
5c00da61,10072,8.126,1
45f135f6,1872,8.1288,13
670f4e8b,5317,8.1288,35
5a01ca82,10342,8.1315,72
3da1d1fe,10687,8.1315,74
1a7deb4,13886,8.126,97
58b88d98,10074,8.1315,1
137fe94c,1885,8.1288,13
5baecf33,6069,8.1342,1
faf4b1e,16617,8.1342,100
3a410bb8,12683,8.1342,84
366c1835,4143,8.1342,21
4827c25e,12682,8.1342,84
e28fdf0,10235,8.1342,68
3c324534,1874,8.1315,13
3df7e78,7024,8.1342,50
5e816d27,20077,8.1315,100
2e25fe67,5836,8.1342,42
5ba7b706,12604,8.1315,84
759242a3,5436,8.1342,37
e8c111,1880,8.1342,13
2a675925,13887,8.1342,97
d46ded7,15605,8.137,100
c91dfde,5828,8.137,42
6ae856cd,12405,8.137,84
d889669,8421,8.137,50
36834169,2030,8.137,15
7ec585a8,6150,8.1342,1
34ee1748,5831,8.1397,42
195009e7,4138,8.1342,21
1c186126,14352,8.1397,100
556a8712,6161,8.1397,1
794e0cdf,12634,8.1397,84
3dde10e9,11755,8.137,74
62105725,13717,8.1425,97
63430e62,15606,8.1397,100
372c8883,11725,8.1425,74
6ae2ce21,14353,8.1425,100
2776c2cc,7014,8.1397,50
47bf0078,9598,8.1397,63
3c7436f3,12275,8.1425,84
7c8b69cf,9635,8.1397,63
768e9839,10343,8.1397,72
409b649a,14309,8.1452,97
51eaaee7,10693,8.1425,74
6e69d862,20078,8.1452,100
5dc048ec,16614,8.1452,100
2d59d7a6,14316,8.1452,97
7337b8f2,13840,8.1452,97
6813adba,8422,8.1452,50
6c8aabc9,11254,8.1479,74
4c00c4f2,8456,8.1479,50
2be15a8,7031,8.1479,50
77351638,14082,8.1479,97
4ed83ff4,1348,8.1479,11
4b55589,2046,8.1425,15
3d31c77c,9634,8.1479,63
65e2e07c,19443,8.1479,100
765403e2,11760,8.1479,74
624c1bdb,2075,8.1479,15
298f5fc6,14993,8.1479,100
26a7e29c,10010,8.1507,1
ecb6105,11759,8.1507,74
890e2dc,13778,8.1479,97
5e0dbb3f,13718,8.1507,97
d2fbe57,17920,8.1507,100
14851e6c,13779,8.1507,97
36037c61,7026,8.1479,50
1b8c8822,10077,8.1507,1
28eb1c2f,9528,8.1534,63
38182dd2,4134,8.1534,21
58c6d263,10368,8.1479,72
640cd169,1349,8.1534,11
1bbe9852,7678,8.1534,50
6b44e56e,12875,8.1534,89
57f77af,12531,8.1562,84
77a69f0,5318,8.1562,35
3e7f98c6,1347,8.1562,11
68690d45,12404,8.1562,84
244aeab3,7016,8.1562,50
5a76339a,13884,8.1562,97
e17e4cd,5439,8.1534,38
2eb4c36f,13729,8.1562,97
5d58bb78,2029,8.1589,15
3659b9aa,10308,8.1589,70
7d91220,20276,8.1589,100
f7e060f,9524,8.1589,63
1e6728c7,12605,8.1562,84
1765ffe3,10359,8.1589,72
6c8a904c,21049,8.1616,100
2700f1ed,1886,8.1616,13
230dd7ef,12815,8.1616,84
5cbce3ff,7647,8.1616,50
649e856c,12252,8.1589,84
7d2b6ee7,9526,8.1616,63
5c2e7143,12532,8.1616,84
11d17786,15599,8.1644,100
2a49dd58,9522,8.1616,63
3a6c9898,13791,8.1644,97
56135d5a,13789,8.1644,97
156752ff,12272,8.1644,84
f106a92,12280,8.1616,84
6b57c535,9534,8.1671,63
35a1389f,7027,8.1671,50
1afe647e,11761,8.1671,74
16b6c949,12862,8.1671,84
431dc8c7,12415,8.1671,84
7f4465fb,14318,8.1644,97
16f023f9,9975,8.1644,1
362c5cef,6070,8.1671,1
1bdaf11d,9523,8.1644,63
47ed3420,15491,8.1671,100
509528cf,16698,8.1671,100
40acd16,17455,8.1671,100
48148693,9628,8.1671,63
4355afab,2162,8.1644,15
66f6f785,15608,8.1699,100
1fdc68c4,9520,8.1699,63
1e8311b,1376,8.1699,11
1c0b390f,20458,8.1671,100
4dec7454,7025,8.1699,50
70a94232,13891,8.1699,97
852af6d,17381,8.1699,125
8cbc852,12631,8.1699,84
6beada25,12606,8.1699,84
21204364,16993,8.1726,100
496000f0,5571,8.1726,36
596fadfc,6041,8.1726,1
2e758fd9,7035,8.1726,50
703bc21a,12623,8.1726,84
41863fee,7649,8.1726,50
c5d0e91,13985,8.1671,97
223d959a,11729,8.1726,74
1a5c9da,9964,8.1671,1
2fa0e0e6,12805,8.1726,84
69cb1d77,9540,8.1753,63
28c85236,12279,8.1726,84
4b6d5a05,15489,8.1753,100
53287b7,4144,8.1753,21
2a7665d2,13730,8.1753,97
a2e0156,12417,8.1726,84
7cede5a0,13728,8.1753,97
14d57d63,6218,8.1753,1
27917aa,9495,8.1726,63
23e5c892,20079,8.1753,100
565d3a58,19444,8.1753,144
32fbec66,21050,8.1753,100
2b3a571e,13775,8.1753,97
61b4d194,20080,8.1753,100
3ca685a,16700,8.1781,100
6c982468,20810,8.1726,100
16d7d41,4133,8.1781,21
781648d5,12281,8.1781,84
3fe90e32,12624,8.1781,84
eaaa2b7,12687,8.1753,84
127fc6c3,6263,8.1781,1
97f90d3,14354,8.1781,100
781226b8,9673,8.1726,63
195904a0,14099,8.1781,97
3288998f,15609,8.1781,100
45e78972,9493,8.1781,63
29c216d3,6040,8.1781,1
1f801a24,15490,8.1808,100
400cd2b5,9630,8.1808,63
36be6fda,2163,8.1781,15
4f6bdc66,4152,8.1808,21
76262fd6,980,8.1781,1
6ec130ea,20081,8.1808,100
5019c2dd,6337,8.1808,1
1634fc72,5548,8.1781,36
151ca7bb,13595,8.1781,84
485c192,11768,8.1808,83
2e712d2a,9533,8.1808,63
439a064b,10356,8.1808,72
5d8b2bcf,9640,8.1836,63
2d5a7eba,1391,8.1836,11
7f9b3d2,2077,8.1808,15
14c25538,5442,8.1836,37
5e3575df,8459,8.1836,50
7af25d01,12816,8.1836,84
1013d13c,5433,8.1836,37
6ec2d22a,12632,8.1808,84
24ef9b03,9527,8.1836,63
22826133,14094,8.1836,97
4ca3c869,9566,8.1863,63
321ffcb,8408,8.1863,50
2c96ce6e,5852,8.1808,42
53a842f9,13780,8.1863,97
150329b8,4150,8.1863,21
54bd0a54,2078,8.1863,15
cd2a443,2031,8.1863,15
3d68c713,13784,8.1863,97
27978b6e,19604,8.1863,100
1b44da62,9567,8.1863,63
2ad85f5,13781,8.1863,97
79069aec,15607,8.1836,100
62d1a259,6338,8.1863,1
22d734a5,9600,8.189,63
5ffbf3ab,9521,8.1836,63
3197478c,1896,8.1863,13
7c0b6aa8,17921,8.189,100
1327cc1a,15494,8.189,100
1341137e,13894,8.189,97
16744f59,16733,8.189,100
51197524,20089,8.189,100
18618dbd,14586,8.189,100
3f18fa33,13811,8.1808,97
12f2a6d6,6259,8.189,1
9b38d15,12253,8.1918,84
1dabe5fb,2027,8.1918,15
659a4d1f,5437,8.1918,37
6259836c,11712,8.1918,74
77176117,17243,8.1863,100
35d1d633,9599,8.1918,63
7adc57,12249,8.1918,84
2149723,1377,8.1918,11
2c7836ee,13782,8.189,97
2dae541,17847,8.1918,100
60abf5af,4430,8.1918,21
be71a81,1887,8.1945,13
34c04c22,2032,8.1863,15
54282a6b,1895,8.1945,13
5b70c7c7,2181,8.1945,15
7d7bee05,1884,8.1945,13
10597802,4151,8.1918,21
1f2af3f0,1966,8.1918,13
2fe0f12b,6042,8.1918,1
727355ef,5601,8.1973,36
505a9662,2161,8.1973,15
b186d03,12612,8.1973,84
5702e2fa,17383,8.1973,100
6c0c3646,7688,8.1973,50
23d9bce2,14147,8.1973,97
4bed495b,20082,8.1973,100
4ef6364b,6264,8.1973,1
4f803fc2,20457,8.1973,100
7b83344,9995,8.1973,1
6968a1fd,20084,8.1973,100
486e8a1a,1389,8.2,11
65ed2fa,16701,8.2,100
2e0b8eb,13895,8.2,97
751967f5,13892,8.2,97
40bae366,14317,8.2,97
54e500be,12418,8.1973,84
6c71d5c5,11767,8.2,83
5073bc0b,12820,8.2,84
204a7dfd,6072,8.2,1
37fc1b41,5832,8.2027,42
55c12f86,16699,8.2,100
189f52d1,5851,8.2027,42
645f7fab,15138,8.2027,100
6bc971aa,6401,8.2027,1
4d4e22c,6186,8.2027,1
431b25e7,13979,8.2027,97
312c4824,9636,8.2027,63
3cb84981,1385,8.2027,11
764f26b,11769,8.2027,83
4bcdc756,12423,8.2027,84
6059ec8f,12686,8.2027,84
232338f,20090,8.2027,100
13ef0d35,10098,8.2055,1
6c0eb60a,8409,8.2055,50
22565642,6400,8.2055,1
5c5ce7c8,12878,8.2055,89
5654c515,16886,8.2055,100
15f82935,2079,8.2055,15
73ce5558,12806,8.2027,84
60f3bee5,4135,8.2055,21
708700ff,4183,8.2082,21
4bdecb80,13793,8.2082,97
4abb3336,12633,8.2082,84
37c2a812,7017,8.2055,50
2e90aa6e,11756,8.2055,74
1bbbd3a0,12282,8.2082,84
5e27b04b,2165,8.2082,15
7f0ad6ed,13783,8.2082,97
164572e1,20812,8.2082,100
74327da5,7036,8.2082,50
772c2460,12425,8.211,84
42359047,7028,8.211,50
518429b4,6120,8.211,1
732499ae,978,8.211,1
a21000d,7648,8.211,50
5ab09499,10361,8.211,72
289d213b,4184,8.2137,21
34698020,728,8.2137,1
44d0c690,6387,8.211,1
2c753634,12286,8.2137,84
136ece4d,12935,8.2137,89
29087065,9496,8.2137,63
4da484e5,12431,8.2137,84
35b475f1,2241,8.2137,15
5696d6e5,14109,8.2137,97
399d66d7,12287,8.2137,84
31549b7b,12429,8.2137,84
7792c191,12636,8.2164,84
12eb7588,2182,8.2137,15
7b81589c,14151,8.2164,97
6d8ca1e0,14110,8.2164,97
384277bf,19440,8.2164,100
cf36b89,5565,8.2164,36
2975a038,8138,8.2137,50
9beec9a,19605,8.2164,100
51b48859,17380,8.2164,100
45fd18aa,8458,8.2164,50
3449ed31,19680,8.2164,100
3c42d9f9,14100,8.2192,97
2b7a52db,12808,8.2192,84
6ef3756,12416,8.2192,84
7d3472df,12684,8.2192,84
46258d70,18183,8.2192,100
6fd55f68,17382,8.2192,100
5e8ddc56,12819,8.2192,84
1403949b,5550,8.2192,36
5793f191,20569,8.2192,100
29a0256e,7034,8.2192,50
6538c07b,4145,8.2192,21
2e068d32,14355,8.2164,100
5c55b467,10369,8.2192,72
512c4a23,16618,8.2192,100
fd07853,13841,8.2164,97
676fac84,5319,8.2164,35
7869dbe2,19645,8.2192,100
4413f021,6384,8.2219,1
47870f41,12865,8.2219,84
5d72659e,9544,8.2219,63
6ebc4141,13893,8.2164,97
11e8d36c,12685,8.2219,84
62a2ae25,14587,8.2219,100
1da04837,18017,8.2219,100
da88ac0,3026,8.2219,24
68b90525,7037,8.2219,50
4f91284f,12273,8.2247,84
53308088,4428,8.2247,21
64227c9f,20085,8.2247,100
5f8a65e6,13809,8.2247,97
3cf3a826,13980,8.2247,97
6ffa38ee,6195,8.2219,1
28ae2bb4,21051,8.2247,100
37503f66,5440,8.2247,38
137d1dad,18263,8.2274,100
33458bcb,2159,8.2274,15
6033cdc4,4111,8.2274,21
3d37ca21,21056,8.2247,100
6c1a3171,12620,8.2274,84
35b054cd,13794,8.2274,97
50928edf,13625,8.2301,84
3ade612,10362,8.2274,72
7d0e564e,12625,8.2301,84
6503762c,5320,8.2301,35
40a26127,9497,8.2301,63
778353c2,10015,8.2301,1
1b72a656,13842,8.2301,97
111c01e5,10367,8.2301,72
14412f50,16923,8.2301,100
1d5d8ae5,11763,8.2301,74
4739dfa6,20595,8.2301,100
2ac999c0,20459,8.2301,100
2487cad9,6339,8.2301,1
66f53d06,10016,8.2301,1
39a15ab6,8443,8.2301,50
306c76cb,18401,8.2301,100
560dee9f,11762,8.2329,74
4cc63785,3332,8.2329,21
7f81a041,5444,8.2329,37
247450dc,12284,8.2329,84
2c085b54,18443,8.2329,100
1548315c,4112,8.2329,21
684f566f,6388,8.2329,1
54f10e48,6073,8.2329,1
1abe708f,16927,8.2329,100
74025a77,7018,8.2329,50
404277ed,7645,8.2329,50
2094477a,14216,8.2329,97
32fef6ad,1390,8.2356,11
327a9129,13844,8.2301,97
5ba9a5e1,13897,8.2356,97
5cb53856,13790,8.2356,97
3d1e8d01,5549,8.2356,36
3f33a24f,2238,8.2356,15
59268f59,12699,8.2329,84
4f36bf31,6340,8.2356,1
6094553,16704,8.2356,100
248abe07,12613,8.2384,84
12842de6,2047,8.2356,15
4f7f928,13896,8.2329,97
493bb188,9678,8.2329,63
330e40a9,19681,8.2384,100
7f61a846,6267,8.2384,1
2d689e7f,12426,8.2384,84
1cef9797,6385,8.2329,1
eea4b2b,4355,8.2384,21
1ac90c8f,12274,8.2384,84
6d39b03b,13854,8.2356,97
14c8eed9,12422,8.2329,84
5b031c77,16734,8.2384,100
6d76d3c3,20837,8.2384,100
29d2acc9,13845,8.2411,97
753d19cb,10246,8.2384,68
2742de97,9641,8.2411,63
c3b29e3,13719,8.2411,97
64e19eac,16883,8.2411,100
5869c21d,14319,8.2384,97
45877b9a,10370,8.2411,72
66650d89,12637,8.2411,84
7400a3db,14323,8.2411,97
1c7c4709,14092,8.2411,97
7198ef0a,12810,8.2411,84
a1317b1,733,8.2438,1
7436e6c2,10099,8.2438,1
5598de4,13615,8.2438,84
33d02552,20083,8.2438,100
7be3c649,13605,8.2438,84
293bd3b8,6325,8.2438,1
69dfe81b,2034,8.2438,15
2a1c1314,12414,8.2438,84
17e00746,15340,8.2438,100
63e39d1e,16625,8.2411,100
51f32179,1394,8.2411,11
6d7cea5,6219,8.2438,1
f30e98b,4136,8.2466,21
603ae6c8,12430,8.2466,84
6b24ffc9,4429,8.2438,21
4c125e38,9637,8.2466,63
10de7154,13596,8.2466,84
5a1044e8,18264,8.2466,100
256429d9,983,8.2466,1
31e5db5a,16884,8.2466,100
268fcd68,6142,8.2438,1
1dfe6936,6265,8.2466,1
7e49ef0c,10344,8.2493,72
26a6c329,9674,8.2493,63
22880cc5,13599,8.2493,84
4cd1667b,10360,8.2466,72
7d51c162,15616,8.2438,100
5fd7de1c,15495,8.2493,100
4b220bb3,14079,8.2438,97
6d90d255,16925,8.2493,100
6dfefa6a,16924,8.2493,100
f723d34,14403,8.2493,100
762c8534,2164,8.2493,15
48d7601f,18261,8.2521,100
3b7ee2b6,9638,8.2493,63
21c97219,14149,8.2521,97
761cb9e4,14037,8.2493,97
328840db,15290,8.2521,100
3fcc7089,1967,8.2521,13
4ce828f7,9545,8.2521,63
70a383b8,18018,8.2521,100
cf188e,9546,8.2521,63
6afcfb34,12256,8.2521,84
366886da,1897,8.2521,13
3bcaaf70,5449,8.2521,37
43b9dbef,12615,8.2521,84
2357aa5c,8302,8.2493,50
4e11bdf7,12614,8.2521,84
3cbdbcb9,6383,8.2384,1
53ee7c0a,15614,8.2548,100
52e23571,19441,8.2548,100
2c75c5ef,18589,8.2548,100
5f89fa61,12427,8.2548,84
1cb40a62,10705,8.2548,74
4dbd3539,6402,8.2548,1
eb7d842,6270,8.2548,1
254a76d9,14320,8.2548,97
1efd6107,17475,8.2575,100
9fc668,12420,8.2575,84
22268fa0,15694,8.2548,100
6167220,714,8.2575,1
5c7f13db,8441,8.2575,50
25ccc884,13904,8.2548,97
3653df68,6399,8.2548,1
43d365fc,4185,8.2575,21
551ea9a9,12424,8.2575,84
29291963,13810,8.2575,97
798d073b,14322,8.2575,97
60ac5658,11256,8.2575,74
341ceda9,13606,8.2603,84
482c6dba,5446,8.2603,37
10881dc6,19606,8.2603,100
307bad9f,12821,8.2603,84
3267335e,6043,8.2603,1
190dd915,15612,8.2603,100
48ae9ec0,13626,8.2603,84
2638017e,12811,8.2548,84
3a9b1a17,9531,8.2603,63
493b81df,12626,8.2603,84
2441da32,14321,8.2603,97
2cf56d16,2033,8.2603,15
2f37f027,14404,8.2603,100
580541a5,11711,8.2575,74
7310793e,5859,8.2603,43
47a2ce3c,12533,8.2603,84
2a10a317,12534,8.2548,84
4d251603,14093,8.263,97
6ccd84a5,15499,8.263,100
671fd5df,17843,8.263,100
7739a7d3,17842,8.263,100
5c3d8f8,13792,8.263,97
60b3434d,15615,8.263,100
799bc3a9,9530,8.263,63
43a6f476,20091,8.263,100
58b9e0e2,19644,8.2548,100
470f97f9,7689,8.2658,50
3d6c12e2,6386,8.2658,1
226a6993,14588,8.2603,100
132ee83d,13785,8.2658,97
54b60fc,715,8.2658,1
124d0557,12688,8.2658,84
515201f1,2243,8.2658,18
713a3167,20279,8.2658,100
66136152,12635,8.263,84
4ed083be,7679,8.2658,50
6430e1d,17922,8.2658,100
1744baf2,8303,8.2685,50
49d67466,1888,8.2685,13
6947d532,4137,8.2658,21
4414c995,13855,8.2685,97
14a320b9,9536,8.2685,63
26029bf5,2166,8.2685,15
4ea71285,1038,8.2685,1
5c0dae17,7646,8.2685,50
b340ee1,2188,8.2658,15
69f51d6,13786,8.2685,97
3470afc3,17005,8.2685,100
53cd24c,16887,8.263,100
2e54870c,14712,8.2685,100
1ea69c5b,10310,8.2658,70
523962f1,15610,8.2685,100
6306c1c2,4139,8.2685,21
cbc15c,4423,8.2575,21
aad5aae,7690,8.263,50
8b72f68,13795,8.2712,97
139a8fe0,14715,8.2712,100
46474480,11726,8.2712,74
52561267,11257,8.2712,74
1858ac35,9541,8.2712,63
78c0edba,4113,8.2712,21
3f6288cd,16619,8.2712,100
7bc16d25,13902,8.2712,97
437da8e5,13731,8.2712,97
1e199dbb,12419,8.2712,84
1b0065da,1397,8.2712,11
61cb0eff,10708,8.274,74
4ac4c6eb,9542,8.274,63
32156621,14217,8.274,97
3202b573,712,8.2712,1
645075d6,18483,8.274,100
3676d8a2,15496,8.2712,100
ff39465,2239,8.274,15
636cf8ee,17476,8.274,100
4f5cf90,9568,8.274,63
4c6b464,13898,8.2767,97
17054825,1892,8.2767,13
13aa69a3,12433,8.274,84
3989ad09,12690,8.2767,84
85d4bc8,9675,8.2767,63
35246e86,6223,8.2767,1
f7fd0db,17639,8.274,100
7583fef0,13627,8.274,84
196f4ac,11757,8.2767,74
1f6225eb,20093,8.2767,100
6377ec5d,9500,8.2767,63
7531eeeb,6327,8.2767,1
1f2feac3,10309,8.2767,70
292a4e1e,13616,8.2767,96
a275df,21615,8.274,100
75e35a62,5443,8.2795,37
f5fb483,13601,8.2795,84
172bd3a2,15617,8.2795,100
20c197d5,18402,8.2767,100
6f463e59,9529,8.2795,63
1467d711,14115,8.2795,97
7bb8afb5,13812,8.2795,97
9b1e7ed,14312,8.2795,97
575ba474,13815,8.2795,97
62be7b93,14590,8.2767,100
7dae2ed1,6418,8.2795,1
4355e3d6,20284,8.2767,100
455deade,20571,8.2795,100
4faf8e05,4155,8.2795,21
437bf987,16702,8.2822,100
2d148007,13597,8.2822,84
2fdce96d,15497,8.2822,100
5fded52,13843,8.2822,97
3611844e,9676,8.2795,63
2b9affb8,1971,8.2822,13
2a3ae4ca,16703,8.2795,100
62e5f761,14994,8.2822,100
8181112,20838,8.2822,100
7b1f876a,12812,8.2822,84
3211d7ab,713,8.2822,1
4ff07997,14589,8.2795,100
2e3c1f7,7680,8.2795,50
4abbc038,16626,8.2822,100
76abea4b,5447,8.2795,37
3adb09c8,12817,8.2849,84
26ab8b1d,12638,8.2795,84
328535f0,5961,8.2849,1
1bd56859,14028,8.2849,97
58c2d7f1,21057,8.2822,100
7922b7a2,12537,8.2849,84
b90267,16995,8.2849,100
330582b6,13900,8.2849,97
1ce7ef21,9973,8.2849,1
19b94d19,12809,8.2822,84
3ab28f8,20460,8.2849,100
181ab7c8,15501,8.2849,100
283d9332,10688,8.2849,74
756afa6d,14356,8.2822,100
44ceae30,14095,8.2849,97
1e78a2b9,14096,8.2877,97
5391f249,12432,8.2877,84
17f15f0a,13903,8.2877,97
1b37bf19,14031,8.2877,97
26c13c31,21052,8.2877,100
267fdcea,21249,8.2877,100
7dc9cff6,4140,8.2877,21
77147176,20840,8.2877,100
16f6da59,1396,8.2877,11
56f07a19,5963,8.2877,1
211679bc,5448,8.2877,37
3c026b9b,12257,8.2877,84
64c2687d,13732,8.2849,97
5747bd6c,12689,8.2877,84
8956113,17244,8.2904,100
458ee5a1,18184,8.2904,100
6a7f1038,12421,8.2904,84
6f9f849a,4146,8.2904,21
203fb727,12701,8.2904,84
213ff725,1395,8.2877,11
1f7020cd,17605,8.2904,100
5f446ae,20087,8.2904,100
f32056b,18260,8.2849,100
1d091c8a,16620,8.2877,100
5ce66847,14038,8.2932,97
a7f859d,20156,8.2904,100
17c8fda,14148,8.2932,97
774f7e9a,14310,8.2932,97
54683112,716,8.2932,1
455e3e3f,9976,8.2959,1
5732087c,12702,8.2959,84
20aa35c,12807,8.2959,84
ebda629,15611,8.2959,100
3a26de07,18262,8.2932,100
2b105fad,20240,8.2959,100
576f777a,8139,8.2932,50
231dcb68,12254,8.2959,84
7d9050d7,15498,8.2959,100
2a570c7a,12693,8.2959,84
49b87bf7,18989,8.2986,100
45e25221,17267,8.2986,100
3a0ba4a2,20094,8.2959,100
1fee4177,15644,8.2959,100
f25c4d,20088,8.2986,100
74fcea8b,14029,8.2986,97
282d5b45,4357,8.2986,21
2240ea74,16621,8.2986,100
7564d747,6391,8.2986,1
12ad53fd,6341,8.2959,1
5098d59e,20285,8.2986,100
61b75522,13816,8.2986,97
752e96b3,14218,8.2986,97
2623a9be,12735,8.3014,84
5e69343c,18988,8.3014,100
484b3e4a,21190,8.2986,100
49d1b2fe,20092,8.3014,100
72049c23,6266,8.3014,1
750c9a19,19607,8.3014,100
655b8e8b,12700,8.2986,84
74734504,6230,8.3014,1
7e370be6,13901,8.3014,97
37dc43d2,13631,8.3014,84
30714f36,12936,8.3041,89
47ece290,19148,8.3041,100
66c2289f,10078,8.3041,1
5fd4dd1a,9684,8.3014,63
3161e881,17640,8.3041,100
bd30964,12692,8.3041,84
7c225e51,19101,8.3041,100
6676c43e,17505,8.3014,100
5e760c2,2193,8.3041,15
3b7cb51f,10696,8.3041,74
2877033d,11717,8.3041,74
46c910b4,11774,8.3041,83
2e5ff729,12938,8.3041,89
789699df,14030,8.3041,97
269c0f9f,15275,8.3041,100
36e29e9a,17707,8.3041,100
38207442,23450,8.3041,160
74b44af8,4114,8.3041,21
32124306,9501,8.3041,63
10a60d90,6220,8.3068,1
2b1fe9a2,19100,8.3068,100
7daa85b3,18484,8.3041,100
5d80f373,6225,8.3068,1
42ce8189,16994,8.3068,100
51987619,18485,8.3068,100
7d6abfde,1898,8.3068,13
3724429c,13922,8.3068,97
29ec1b28,13846,8.3068,97
4294bb,15276,8.3041,100
2f0cda54,14996,8.3068,100
5a03f4ab,17923,8.3068,100
72bf347a,11727,8.3068,74
3b43445e,12709,8.3096,84
2f30e8c1,13733,8.3096,97
6a53f720,13847,8.3068,97
614402f4,10706,8.3096,74
4004db36,17603,8.3096,100
685a4517,18444,8.3068,100
5f2cf278,20341,8.3096,100
1d4555cb,4356,8.3096,21
5c57b735,18272,8.3096,100
3aec1ae2,20086,8.3068,100
248255,6221,8.3096,1
37786497,17464,8.3096,100
56f78352,13617,8.3096,84
c16a864,20343,8.3068,100
2804b599,6392,8.3014,1
5c2c30d2,18019,8.3096,100
36abc516,15204,8.3096,100
f471e2f,16624,8.3123,100
5eb5891f,2183,8.3123,15
7512ed68,11713,8.3123,74
2e2da23,16622,8.3096,100
17d72a10,8442,8.3123,50
3f75c00d,12703,8.3123,84
579e2180,10315,8.3123,70
609feb3a,9639,8.3123,63
743816c8,4147,8.3123,21
655cd5ea,5840,8.3123,42
4112a469,13849,8.3123,97
43e87ae0,16735,8.3041,100
5cb19f9c,20291,8.3123,100
6da51d0d,17531,8.3123,100
680b4c94,16696,8.3096,100
3429808,18592,8.3096,100
6bfb37fa,16627,8.3151,100
6b447f1f,15159,8.3123,100
1cac12a2,18593,8.3151,100
3bd95094,21617,8.3123,160
3c4dd1d8,18514,8.3123,100
234becc3,16623,8.3151,100
984d497,8301,8.3151,50
45a7b0f,2242,8.3096,15
3b7276ba,20462,8.3151,100
73065a4c,6222,8.3151,1
2aaf948,10075,8.3123,1
2da5a5e6,20340,8.3151,100
54ad14e,15292,8.3178,100
44df2f91,20841,8.3178,100
116aeefb,11730,8.3178,74
1160f3a5,17844,8.3178,100
42738066,13604,8.3178,84
7fed8c1e,2104,8.3151,15
39b6a82e,16885,8.3178,100
d80808a,5864,8.3178,43
2fdd8966,4148,8.3178,21
71735c4b,15140,8.3178,100
62eda307,20290,8.3178,100
6e9680ac,17962,8.3178,100
2d43b2a1,10011,8.3151,1
46393246,14311,8.3178,97
49c3541d,14152,8.3178,97
130a2e69,6226,8.3178,1
236c4013,4352,8.3205,21
2a426e61,14113,8.3205,97
2c48fd3a,18990,8.3205,100
7f782712,2080,8.3205,15
3d4337f2,5450,8.3205,37
7cee8491,17655,8.3205,100
6e049ffe,15291,8.3178,100
1724171b,14252,8.3205,97
29daf25a,12737,8.3205,84
6d55c095,17456,8.3205,100
d02ac34,20123,8.3205,100
5406b09,9601,8.3233,63
44cdfee7,12736,8.3233,84
326b2875,12704,8.3233,84
49ae2c,14153,8.3233,97
42cb95f,12616,8.3233,84
4cdd4440,18513,8.3233,100
54a632e3,20581,8.3233,100
57fc4136,10697,8.3233,74
5238135d,5445,8.3233,37
7b0afd63,14039,8.3233,97
397bb1ef,12691,8.3233,84
1fa20dc4,9977,8.326,1
7a7615f9,17643,8.326,100
68465311,12876,8.326,89
c56633f,12645,8.3205,84
395935c,14591,8.326,100
4906870a,15143,8.326,100
13829be0,15613,8.326,100
2cf25d34,9656,8.326,63
31394f81,7691,8.326,50
3d23485,13856,8.326,97
27d1f073,4141,8.3233,21
79cb049b,18331,8.3233,100
47eefd6b,10101,8.326,1
558a8f0f,17602,8.326,100
575b1595,17465,8.3233,100
25023041,16926,8.3288,100
599feef9,16790,8.3288,100
5aba1eeb,12705,8.3288,84
44c07a6,2035,8.326,15
6c013745,14032,8.3288,97
34f9b7e1,21189,8.3288,100
39057508,14155,8.3288,97
5c98f52b,2186,8.3288,15
358ab486,17606,8.326,100
724ad93e,9679,8.3233,63
13e1a4e,9677,8.3288,63
65ab4cf8,2042,8.3288,15
1c14b913,12822,8.3288,84
1eb22f66,4431,8.3288,21
7cda0093,23290,8.3288,160
d47892c,13899,8.3288,97
32b4c8f0,18329,8.3315,100
626f550d,10347,8.3315,72
b513394,15015,8.3315,100
272374f5,12536,8.3315,84
161c87d4,9655,8.3315,63
27b2eaf,7692,8.3315,50
3470e7,12644,8.3315,84
3c0c38c8,14116,8.3315,97
61aacf29,12535,8.3315,84
4e5c3aba,13619,8.3315,84
15896b88,20710,8.3315,100
36198296,2037,8.3315,15
6b8e26e5,13817,8.3315,97
765177ce,1899,8.3315,13
15a64b12,4351,8.3315,21
238aa14b,16114,8.3315,112
17b02fe5,14219,8.3315,97
44a858c4,12621,8.3315,84
1aa3aef2,19138,8.3315,100
60d48202,12538,8.3342,84
7af729f3,19887,8.3315,100
733eda86,13822,8.3315,97
7c9f3011,17223,8.3342,100
7bccd54e,1901,8.3342,13
53846e86,13986,8.3342,97
6c3fde1c,4432,8.3342,21
3f4c9ca7,13821,8.3342,97
7c37820c,15500,8.3342,100
5d14119d,2040,8.3342,15
79ad2a23,9654,8.3288,63
7804c1ba,13628,8.3342,84
6456f6fd,9644,8.3342,63
3f24f774,15530,8.3342,100
7fc3257e,17478,8.3342,100
ed3ebd7,11718,8.337,74
4a0c495a,20711,8.337,100
26e6c35a,12540,8.3288,84
6fafe497,14156,8.337,97
3c9d0681,16736,8.337,100
5df58fbc,15013,8.337,100
685327e5,12285,8.337,84
249ac931,13813,8.337,97
4214e009,15647,8.337,100
13219c4f,20813,8.337,100
520f2f80,9685,8.3342,63
796c64c,12694,8.337,84
672824e,14313,8.3397,97
74d300f0,17845,8.3397,100
11db6b8a,16996,8.3397,100
11a2a2cb,18266,8.3397,100
12eec71d,13600,8.3397,84
3afaec50,16888,8.3397,100
288869b3,5853,8.3397,42
443028d2,5838,8.3397,42
40007e65,15648,8.3397,100
44edd525,13598,8.3397,84
2df58259,20181,8.3397,100
701368b0,9543,8.3397,63
70c5b0eb,1392,8.3425,11
46dbb3a5,17924,8.3425,100
6762263a,15144,8.3425,100
58f7b737,14084,8.3425,97
1f38546e,10100,8.3425,1
3e86514,9657,8.3397,63
4058d05a,18486,8.3425,100
413e6542,14154,8.3425,97
59e338fe,23451,8.3425,160
349e085e,9645,8.3425,63
5a63b05b,15006,8.3397,100
1a63bec6,20287,8.3425,100
4d23cf0c,12939,8.3425,89
1cbf77d0,9579,8.3425,63
4eb804c1,4424,8.3425,21
717593d,10237,8.3397,68
2e190570,12617,8.3425,84
48aed9fb,17477,8.3425,100
69bf8980,17222,8.3425,100
6ead9fff,10316,8.3425,70
77b09959,5837,8.3452,42
9cb740d,19608,8.3452,100
6f1fd2c1,18995,8.3452,100
7a79a52b,6224,8.3452,1
78a98ffc,1393,8.3452,11
2a10f7f8,17457,8.3452,100
3b08b1a1,9974,8.3452,1
c6f1b16,13819,8.3452,97
388da308,17609,8.3425,100
5d74b687,4422,8.3452,21
150f3cd6,10348,8.3452,72
5f65b517,12622,8.3452,84
6bf4026f,17846,8.3452,100
2ffe7b44,15343,8.3452,100
1f3713ac,14111,8.3452,97
4af766a1,14150,8.3397,97
26720aa5,15016,8.3452,100
6d5e937e,23447,8.3479,160
21cd29d5,17608,8.3479,100
54ed5cd2,2189,8.3479,15
13135253,17563,8.3479,100
13e60589,13633,8.3479,84
4a53570a,15161,8.3479,100
3b60f28f,6162,8.3479,1
df1e064,21287,8.3452,100
142d47c7,17007,8.3425,100
4416a94f,20389,8.3452,100
785ecfc8,15014,8.3479,100
7a2ef267,21618,8.3479,160
443819a,15407,8.3479,100
66faa77c,6227,8.3479,1
756e1c8c,12738,8.3507,84
7bc0ad66,19744,8.3507,100
76f0d5b3,12944,8.3507,89
6e27d5a6,6328,8.3452,1
7263380f,20814,8.3507,100
6b282e92,18265,8.3507,100
15fd050c,20157,8.3479,100
65d0074d,13858,8.3479,97
350a74b4,16760,8.3507,100
1ffc8039,12801,8.3507,84
625433af,11777,8.3507,83
7dbbac7,20815,8.3507,100
6192c15c,9571,8.3479,63
1a94681f,15524,8.3507,100
599ee9a9,15695,8.3479,100
1b609bf2,10349,8.3507,72
7341c23,14324,8.3507,97
5b9fca69,9569,8.3534,63
3497ddf,14112,8.3534,97
73e89912,6121,8.3534,1
4c7c8310,1039,8.3534,1
74a6c4cb,5604,8.3534,36
4dcb8ed0,20167,8.3534,100
366ce036,17660,8.3534,100
6336e561,984,8.3534,1
2bd9db5d,21191,8.3452,100
168c7bc9,15645,8.3534,100
691bd271,18447,8.3534,100
78377c8c,21616,8.3534,100
2c7e8306,17191,8.3534,100
4918b6e7,2114,8.3507,15
5a9b3e66,18330,8.3534,100
42d5f87,14118,8.3534,97
7ea76def,15147,8.3534,100
3f871826,14314,8.3562,97
3db7adab,13734,8.3534,97
691ef467,10238,8.3562,68
7e0f0337,15145,8.3562,100
65096fa8,13857,8.3562,97
6494cef3,16791,8.3562,100
692a4260,12872,8.3562,89
2ca782bf,21595,8.3534,100
21a22491,20288,8.3562,100
4508feb4,15540,8.3507,100
3c8a3e67,5551,8.3562,36
7925956,18020,8.3562,100
fa38258,8304,8.3562,50
2c7db875,17532,8.3562,100
7450441f,17708,8.3534,100
227f67d,3336,8.3562,21
1496443e,17607,8.3589,100
39a59d1b,13820,8.3589,97
298752ea,14592,8.3589,100
1598ed02,13859,8.3589,97
17ca6e84,20570,8.3589,100
6878e9bf,4142,8.3589,21
3ae3aaac,20712,8.3589,100
55517ed3,20124,8.3589,100
40097c27,15213,8.3589,100
538a66ce,9582,8.3589,63
7c905811,10012,8.3589,1
22e906b6,12665,8.3589,84
290aae88,12539,8.3589,84
29360171,14187,8.3562,97
57189496,9686,8.3589,63
3daee475,985,8.3589,1
41ac63a6,2184,8.3616,15
47911a45,16946,8.3616,100
5888cf6b,2306,8.3616,18
4b274cc8,19743,8.3616,100
1609495,20784,8.3507,100
2373764c,13611,8.3616,84
3d1e06de,20095,8.3616,100
4cae4cb9,12434,8.3562,84
496fad85,12877,8.3616,89
57a44e7d,9980,8.3616,1
719663f2,17479,8.3616,100
21be5ae1,20839,8.3534,100
6027b96,20277,8.3616,100
3c73a3e8,15305,8.3616,100
15f28226,15007,8.3616,100
206eb5b,2036,8.3616,15
36b17d1b,22089,8.3616,160
523f8309,6329,8.3616,1
3a2ee06c,11770,8.3616,83
1625c2e2,18187,8.3616,100
55b78048,13823,8.3616,97
605ef596,20669,8.3644,100
7258b8c7,21053,8.3644,100
166fb543,12697,8.3644,84
5dba0523,6393,8.3616,1
796a0b39,12880,8.3616,89
10b6719c,11728,8.3644,74
7d3c459,20713,8.3644,100
7c8741d8,17006,8.3644,100
4ee7a86a,15406,8.3644,100
31db5c92,12879,8.3644,89
a4d5a9d,18677,8.3616,100
6b13e5f5,6268,8.3644,1
7b291d0f,9580,8.3644,63
2357bb2e,13818,8.3616,97
ce0449,14101,8.3671,97
1926f905,14416,8.3671,100
795fd10e,2244,8.3671,18
67cf8bc0,2041,8.3671,15
582fd7bd,4149,8.3644,21
5b0b22a4,986,8.3671,1
1753373c,20817,8.3671,100
39931a02,15212,8.3671,100
3e437b9f,12695,8.3671,84
2549761c,18186,8.3671,100
2bad4f5e,18515,8.3671,100
acf0323,12435,8.3671,84
2ff51e66,6164,8.3644,1
41626412,20782,8.3671,100
f414df,717,8.3671,1
e6c5573,14220,8.3671,97
46a9a4dd,17018,8.3644,100
14c02af5,13640,8.3671,84
7250c9f9,22018,8.3671,160
7551fffb,12963,8.3671,89
5508250e,19153,8.3671,100
450ecc9f,12725,8.3644,84
27c157b7,10694,8.3699,74
4327bac,4353,8.3699,21
7b3ed7c,6389,8.3699,1
40db9ce9,14114,8.3644,97
73d8f372,17848,8.3699,100
4734ffaa,4433,8.3699,21
90c74d5,20121,8.3699,100
245de6ac,19609,8.3699,100
3c1d3756,21059,8.3699,100
8ea00c4,16889,8.3699,100
622a77d0,17533,8.3699,100
298995bf,6330,8.3671,1
7c7ba05f,17621,8.3699,100
24cf7334,10066,8.3699,1
6a25f6c5,19445,8.3699,100
156a048a,15408,8.3699,100
70ab5ff5,12710,8.3644,84
51f370e7,1378,8.3699,11
9c3ba8d,15139,8.3699,100
e7aff3e,20463,8.3726,100
4bf1f42f,13634,8.3726,84
13a177ba,729,8.3699,1
51d2d6a1,14120,8.3726,97
618f5e53,15148,8.3726,100
2b316ecd,9572,8.3699,63
d3ecb13,10709,8.3726,74
5338c67e,14379,8.3726,100
71fd825a,6390,8.3726,1
5c2ba963,10104,8.3726,67
6c67400,2105,8.3726,15
72ebf79a,15341,8.3726,100
367f3564,7701,8.3699,50
2966de6d,17480,8.3753,100
8ffdb4f,17458,8.3753,100
2d19883e,15215,8.3753,100
d7ecc56,20816,8.3699,100
2a86bdeb,9643,8.3753,63
2084bd44,5321,8.3726,35
226d774b,15216,8.3753,100
4b0cdc60,10079,8.3699,1
6d86a46b,5962,8.3753,1
6f9f6825,14997,8.3753,100
48fe251c,14326,8.3753,97
e264590,16697,8.3753,100
75c1347e,15051,8.3753,100
702ac91f,12696,8.3753,84
6460497f,20346,8.3781,100
58d68aa6,15047,8.3781,100
24c83706,14119,8.3781,97
20c70b1,18765,8.3781,100
6441ea3e,15306,8.3781,100
8aedfaa,16928,8.3781,100
6d3ba9be,14117,8.3781,97
cd3c550,10699,8.3781,74
67a8deee,13632,8.3781,84
236c2afb,12711,8.3781,84
19851e3e,20670,8.3781,100
29c322e9,1398,8.3781,11
3b288bc4,12541,8.3753,84
20452068,15502,8.3781,100
1b1e2836,18034,8.3781,100
1ad66de1,9649,8.3808,63
2a587d56,1350,8.3808,11
2b13f46b,20281,8.3808,100
1b775f8a,10698,8.3781,74
64fe818b,20286,8.3808,100
7891a2d3,18487,8.3808,100
4dee4190,2305,8.3808,18
1b0549cf,20818,8.3808,100
796a54ea,13620,8.3781,84
2754bb9,18594,8.3808,100
5840df42,16113,8.3808,112
48a2ef18,20825,8.3808,100
777fd55d,25308,8.3808,160
5c99025c,15008,8.3808,100
2fd6c42,20280,8.3808,100
5df8992a,20108,8.3808,100
54246af5,3335,8.3781,21
40bb19cf,6187,8.3808,1
29cde2e6,15293,8.3836,100
30e51f3c,17056,8.3836,100
52be2965,12937,8.3836,89
4761a817,1969,8.3836,13
5f0ca455,18332,8.3836,100
251d14f6,12818,8.3836,84
1990b780,12667,8.3836,84
1944771,6269,8.3808,1
4b7f6644,15643,8.3836,100
71eb4d72,5456,8.3836,37
6ddbc878,9694,8.3808,63
4e57b57d,17245,8.3836,100
7eaaa7b5,14052,8.3808,97
5581f5cf,15049,8.3808,100
1245ef90,9499,8.3836,63
662a7f0f,22518,8.3836,160
15a5c2ea,20342,8.3808,100
3e1948e4,19102,8.3836,100
64ecfd65,23448,8.3808,160
518b24f0,10695,8.3863,74
2b0bf4e1,9682,8.3863,63
6a821eb9,10067,8.3863,1
1ea82565,15492,8.3863,100
7d2db21c,14053,8.3863,97
1dacf400,13618,8.3863,84
5bbef087,15206,8.3863,100
1588ffe1,20785,8.3863,100
4d70bb10,9537,8.3863,63
6f854c3f,19139,8.3863,100
43b5881c,9570,8.3863,63
3059dfa7,5939,8.3863,1
4a2f3158,9498,8.3863,63
2a2809a2,14085,8.3863,97
188aa80b,15149,8.3863,100
5dabfb91,14083,8.389,97
32f702aa,2240,8.389,15
2371a364,9650,8.389,63
1ee921c0,14103,8.389,97
6da0560c,17534,8.389,100
1067e3a3,17019,8.389,100
5de0db54,18350,8.389,100
5f15d40a,20687,8.389,100
607729bb,20292,8.389,100
7151260f,10076,8.389,1
5e04b97d,12707,8.3863,84
23712607,20882,8.389,100
565e392,13607,8.389,84
74a1c2b0,15878,8.389,100
37090b81,9642,8.3863,63
cb8e375,12648,8.389,84
778c6cce,22090,8.3918,160
5d5f68de,12666,8.3918,84
229b1087,9965,8.3918,1
27118587,12698,8.3918,84
528fe76d,14417,8.3918,100
6cf9695b,17564,8.3918,100
78079216,7699,8.3918,50
5e381c50,21596,8.3918,100
75ae97ad,20608,8.3918,100
53f4abcb,12255,8.3918,84
52ba8bf2,21250,8.3918,100
39bc72ee,17218,8.3918,100
16693491,5572,8.3918,36
82d7090,14034,8.389,97
9bf8dc7,6075,8.389,1
fdc7219,18595,8.3918,100
504e12cf,15862,8.3918,100
be3e733,14121,8.3945,97
38a33e79,3337,8.3918,21
330451a6,18881,8.3945,100
462033b4,16628,8.3945,100
2a00ddd3,16368,8.3945,112
a787a36,13603,8.3918,84
1be093be,5841,8.3945,42
170a07e,2185,8.3945,15
5d36463f,18779,8.3945,100
5c9abee5,14329,8.3918,97
70d80ee0,15209,8.3945,100
39b86307,18996,8.3945,100
ca6845a,11258,8.3945,74
38f8e1ed,15141,8.3945,100
26da6aed,8444,8.3973,50
2fbe8545,4156,8.3973,21
1fa1315c,17219,8.389,100
657bc9f4,18520,8.3945,100
10834ab4,14168,8.3945,97
4b4c714c,12706,8.3973,84
5d7182a8,2246,8.3973,18
12c66eae,13602,8.389,84
66fed49b,2048,8.3973,15
6c22f41a,18488,8.3973,100
44cc3ec3,11778,8.3973,83
3372cc4e,12802,8.3973,84
6e482788,14102,8.3973,97
34a953,21251,8.4,100
15798030,18185,8.4,100
533d408,20820,8.3945,100
7e4a7290,19147,8.389,100
5bd571bc,5839,8.3973,42
27402f6,12259,8.4,84
3b9e40bf,11715,8.3945,74
423112dc,12981,8.4,89
197c1524,7702,8.4,50
340f3a69,18997,8.4,100
44a7e5c5,20935,8.4,100
66e63c15,18516,8.4,100
7f313a45,2245,8.4,18
68bb0d92,21486,8.3973,100
1fcad0d8,18882,8.4,100
52db6d3a,12262,8.4,84
29292369,18884,8.4,100
7e78b4cd,15531,8.4,100
30f7ce84,12726,8.4,84
37fde7ca,17611,8.4,100
3ec6feb2,9683,8.4,63
6310e823,20883,8.4027,100
5e94a068,2223,8.4027,15
349a78b2,5602,8.4027,36
1679c30e,17407,8.4027,100
3640c48e,21603,8.4027,100
65f1a9ab,17509,8.4027,100
3d6ac168,8445,8.4027,50
448eaa38,13612,8.3973,84
4144bd8b,10311,8.4,70
34508b19,16369,8.4027,112
61d7e9dc,14995,8.4027,100
c543f28,17215,8.3973,100
4f3cea1b,11775,8.4027,83
27e8aea6,12729,8.4,84
4c624ab2,20289,8.4027,100
7c5a1864,10322,8.4,70
549e59c6,14159,8.4027,97
3661506d,21252,8.4,100
1a0152f6,22519,8.4055,160
5b883ea1,20213,8.4055,100
6888bbc9,4350,8.4055,21
776300d8,21058,8.4055,100
443d0784,718,8.4027,1
76f5d05c,20461,8.4055,100
5350a48,1903,8.4055,13
62cb26ac,17405,8.4055,100
5e22bfc,9646,8.4055,63
5e15f0a0,20125,8.4055,100
73ee5e58,9538,8.4055,63
6acbd04f,5938,8.4055,1
19358600,11259,8.4027,74
5fc36686,14998,8.4055,100
6406c594,13814,8.4055,97
1567b944,13860,8.4027,97
14fa392e,13923,8.4055,97
50c98a61,17718,8.4055,100
231cf89,9648,8.4055,63
32d785e5,10080,8.4055,1
2d346a63,15160,8.4055,100
12748161,6044,8.4055,1
64fffd8a,15818,8.4055,100
2ab4eb12,2187,8.4055,15
6fc28423,17610,8.4,100
73448138,9696,8.4082,63
3b68bc08,1352,8.4055,11
35eae86c,5451,8.4082,37
7f05555e,20714,8.4082,100
72e4ddd7,17963,8.4055,100
9fcbc34,21054,8.4082,100
618dedfa,21064,8.4082,100
5e66b172,5457,8.4082,37
7b52082b,18489,8.4082,100
b1ca045,15527,8.4082,100
5fc2ce94,20390,8.4055,100
3333d444,14015,8.4082,97
7843dc58,21350,8.4082,100
58351e71,18883,8.4082,100
36c593ba,12823,8.4082,84
7fba4d98,1976,8.4082,13
528637df,18778,8.4082,100
22306d68,20572,8.4082,100
387272d7,20514,8.4082,100
4786c559,12873,8.411,89
7aed1454,7703,8.4082,50
15892ecc,20821,8.411,100
4978adfd,16223,8.411,112
76d2db6d,11716,8.411,74
5728a3f2,17247,8.411,100
7c67970a,19646,8.411,100
20c42904,12712,8.411,84
402d97c2,18539,8.411,100
52888b06,25747,8.411,160
1217999a,15214,8.411,100
139a1ed5,20846,8.411,100
3fa508e3,16370,8.411,112
296374aa,20673,8.4082,100
716f355,6076,8.411,1
44b929d4,19682,8.411,100
53ccc3b0,16711,8.411,100
61b82b47,14181,8.411,97
5184e07e,13629,8.4082,84
5c7e9413,6163,8.411,1
676160a7,20823,8.411,100
699a0d6f,5441,8.411,38
4958f108,15646,8.411,100
13cdc2d1,21601,8.411,100
3fa96f4d,14645,8.411,100
17dfbaa7,17510,8.411,100
442b3d25,2190,8.411,15
2e972c46,12446,8.4137,84
20c9482d,19103,8.4137,100
546e887e,8461,8.411,50
3e0e1ad6,16714,8.4137,100
296ce44d,19495,8.4137,100
430e496d,20344,8.4137,100
6383040a,21145,8.4137,100
2d957a06,14713,8.4137,100
6395ad75,9581,8.4137,63
5261d54b,18537,8.4137,100
135da42b,12708,8.411,84
29b92859,20214,8.4137,100
614adcad,20141,8.4137,100
3ddd9642,12258,8.4082,84
5dc68a40,14040,8.4137,97
476f6a80,9603,8.4137,63
23d348e8,18598,8.4137,100
78f0e86b,15696,8.4137,100
3d72b7bf,21065,8.4137,100
2c51fef0,16650,8.4137,100
2add0723,20216,8.4164,100
144b578b,16712,8.4164,100
45f5bcc6,2107,8.4164,15
1d3fefcc,9697,8.4164,63
2c88bab2,5454,8.4164,37
5b1cc9f3,19701,8.4164,100
2ea3de48,14041,8.4164,97
33674dda,19610,8.411,146
5a532c2e,19496,8.4164,100
675e0929,21600,8.4164,100
6654b79c,16225,8.4164,112
5b3ab9f4,15532,8.4164,100
595831ab,19706,8.4164,100
52ba26d4,17128,8.4164,100
11cb52f1,21089,8.4164,100
473e3572,15019,8.4164,100
1fb3b3e7,15050,8.4164,100
52e0ff03,12627,8.4164,84
5c9b19b2,13924,8.4137,97
5f140873,21584,8.4164,100
148395ba,4157,8.4137,21
31b3737a,17147,8.4192,100
41ce68ce,15089,8.4192,100
759b16d0,8460,8.4192,50
459cbfcc,12543,8.4192,84
3ab4709c,22072,8.4192,160
32921c35,13851,8.4164,97
288ab1,21104,8.4192,100
20ea37a7,18538,8.4192,100
6156b1bd,13852,8.4192,97
394383b6,18215,8.4192,100
1b92431f,12982,8.4192,89
5fab2fde,11772,8.4192,83
2e0d6c83,15620,8.4164,100
b7604c7,20582,8.4192,100
6a51f2be,14169,8.4192,97
2f5340d,15207,8.4192,100
4a63e52,2115,8.4192,15
418a3331,15307,8.4192,100
606e60a7,14199,8.4219,97
7a6147fb,14327,8.4164,97
519f41e6,14157,8.4137,97
647ea129,16997,8.4219,100
74fd052c,19547,8.4219,100
4d3dad7,16629,8.4192,120
2f682bda,19229,8.4219,100
3e8ea0f7,2307,8.4192,18
2246166f,14483,8.4192,100
38597592,16737,8.4219,100
5681bfb8,19104,8.4219,100
1d433487,15205,8.4219,100
74829880,13861,8.4219,97
fa4bc2e,11776,8.4219,83
7ca2bdad,17641,8.4219,100
2705b1fe,2247,8.4219,18
23664e95,21487,8.4219,100
989c31b,11771,8.4192,83
1534bfaa,15360,8.4192,100
60af4852,18517,8.4192,100
6aaf9ff8,15619,8.4219,100
170a95d6,20715,8.4219,100
4f5df42a,8462,8.4247,50
48325a5f,16038,8.4247,112
7bac66de,14042,8.4247,97
3cfae3ab,17220,8.4247,100
268dc1be,10105,8.4247,67
30cbcac8,15090,8.4219,100
27f038fb,15210,8.4247,100
2849c099,9693,8.4219,63
43c59980,15017,8.4247,100
b0d2077,13630,8.4247,84
795d0ec9,17217,8.4164,100
7a831f41,15628,8.4247,100
65fe3654,9647,8.4247,63
3d57f7a,15819,8.4219,100
6cb3ef19,2214,8.4219,15
edf7460,21105,8.4247,100
1a07af79,15886,8.4247,100
7e23f31f,17661,8.4247,100
32813dec,13848,8.4247,97
41b9d782,17662,8.4164,100
44a702be,15277,8.4219,100
3430c7a1,19118,8.4247,100
13ebda39,17246,8.4219,100
4d56d34c,14325,8.4274,97
28befbf5,17221,8.4274,100
27b42ca7,20515,8.4274,100
150bfa3f,16941,8.4274,100
58fcd0b5,15211,8.4274,100
6dbffed0,5940,8.4247,1
7c2f90c,12443,8.4247,84
3d7ac1a9,17644,8.4274,100
1152c47,12646,8.4274,84
4b85e458,21390,8.4274,100
75c2fce5,18596,8.4274,100
655871c8,15009,8.4274,100
4d071e30,15220,8.4274,100
494f823a,20881,8.4247,100
294494ec,15150,8.4274,100
4b8370f5,17008,8.4274,100
6df39e7c,20824,8.4247,100
2482533a,10317,8.4274,71
f3a0bdd,15410,8.4247,100
1870eb6c,16224,8.4274,112
151eef7a,20110,8.4247,100
60d0968f,17388,8.4274,100
454a31f4,17470,8.4274,100
343b475f,14160,8.4274,97
2b0fe13f,13796,8.4247,97
4988be1b,20278,8.4274,100
5d59f34f,17735,8.4274,100
33b65604,14054,8.4274,97
67e44f54,19140,8.4274,100
6b105dd5,21192,8.4301,100
57dc7d9f,20671,8.4301,100
79c10873,20122,8.4301,100
78466739,20114,8.4301,100
3d9d198a,17849,8.4301,100
540a1519,15048,8.4301,100
25790d7b,18351,8.4301,100
6e4dc942,25310,8.4301,160
3bc9cc48,15863,8.4301,100
5be36b8a,18352,8.4301,100
cb088f,17257,8.4301,100
4a1dd1da,20420,8.4301,100
3f6fb4f5,1357,8.4274,11
521074b6,16947,8.4301,100
440c0704,18403,8.4301,132
5297a06f,14380,8.4301,100
27499df9,18918,8.4274,100
65c35df9,20116,8.4301,100
34a73033,21061,8.4301,100
655d7670,20426,8.4301,100
1954916,18889,8.4301,100
5b5c7a10,18718,8.4301,100
12ba56e8,2310,8.4301,18
301182d7,17565,8.4301,100
4fc22db9,17387,8.4329,100
42e9aada,15020,8.4329,100
7addd46d,5475,8.4329,37
46e6f6db,5455,8.4329,37
1817a45b,15534,8.4329,100
17a772f9,13621,8.4301,84
2e02aa9a,24929,8.4329,160
3cda2dc,2266,8.4301,18
726ccc50,17406,8.4329,100
577c8b3a,23484,8.4329,160
43d67b5a,20182,8.4329,100
7be00b96,17057,8.4301,100
15d58d74,1900,8.4329,13
1cfcdd2,11255,8.4329,74
b2e5cb7,17408,8.4329,100
3259b38a,8465,8.4329,50
491ea2ec,6196,8.4301,1
4e37b8f1,14003,8.4329,97
70193896,15091,8.4329,100
632bb54,17471,8.4329,100
fc7da1a,25776,8.4329,160
707ded8b,17733,8.4329,100
4cc838aa,17486,8.4329,100
663cd85c,7693,8.4329,50
261f6d0d,23452,8.4329,160
752c642d,10700,8.4329,74
448a7798,10017,8.4329,1
5b84cb37,2081,8.4301,15
5684b585,21393,8.4329,100
3abf0c87,1351,8.4301,11
207d75fb,2049,8.4356,15
409fae74,19313,8.4356,100
573e3748,987,8.4356,1
2a1e93eb,14419,8.4356,100
59c533b0,20822,8.4356,100
6414daf2,20610,8.4356,100
4236254f,20418,8.4356,100
1ce97729,16768,8.4356,100
6cc18fb7,17506,8.4356,100
1c559ddd,20223,8.4356,100
2ec01b97,6122,8.4356,1
5daf5f5d,16367,8.4356,112
a283bfe,21146,8.4356,100
6a74a13b,20588,8.4356,100
44461341,16649,8.4356,100
6334f923,20391,8.4356,100
2c411dd,25314,8.4356,160
2808c970,20466,8.4356,100
67bad833,15178,8.4356,100
1312139e,18188,8.4356,100
572b0d3e,19341,8.4356,100
39861de2,1970,8.4356,13
84c21a1,9698,8.4356,63
b415dd5,21060,8.4329,100
48ce37e,20852,8.4356,100
dec9700,20505,8.4384,100
6444ee35,16938,8.4384,100
65eab89d,19156,8.4384,100
69e304d,20936,8.4384,100
5bf0a799,5458,8.4384,37
6f23e309,17656,8.4384,100
2c559d9e,17157,8.4384,100
1c4be6d9,25309,8.4384,160
291df51a,17385,8.4356,100
8d791af,7730,8.4384,54
6b20a145,13988,8.4384,97
1b6b3c83,19683,8.4384,100
1b52eb1d,17658,8.4301,100
586cab80,15651,8.4384,100
74e5ae23,21583,8.4411,100
4bce2729,13608,8.4356,84
2486c23a,5951,8.4411,1
78e3b9a1,20609,8.4411,100
456e3d96,19684,8.4384,100
332a9c61,18035,8.4411,100
6a67a891,17258,8.4411,100
fac3acd,22886,8.4411,160
2a9ec517,14224,8.4411,97
3b1a2423,6419,8.4411,1
5c346eb5,6153,8.4411,1
b406682,2116,8.4384,15
65d44f75,10707,8.4384,74
f8554d0,16903,8.4411,100
703bc253,20851,8.4411,100
7847cea0,20282,8.4411,100
7faa8b16,12965,8.4411,89
48ceaf83,9681,8.4411,63
1190f5f0,14328,8.4411,97
3faf893a,17248,8.4411,100
41b61346,15528,8.4411,100
33f118f6,19312,8.4411,100
1a2979cb,17158,8.4411,100
4c0abf62,15284,8.4411,100
34ae1987,19190,8.4411,100
72dae37c,2038,8.4411,15
317f5244,12546,8.4438,84
2f3d77ae,4153,8.4411,21
60499281,17384,8.4438,100
180c2e26,20183,8.4438,100
246fcd2e,15312,8.4438,100
10b1bdc,20596,8.4411,100
4a2d84cb,17399,8.4438,100
665cda95,10102,8.4438,1
3c0a35ad,16939,8.4411,100
3c806dcd,16744,8.4438,100
650c547a,9573,8.4438,63
43a19fcc,16039,8.4438,112
707dea35,16761,8.4438,100
43a96d5f,12940,8.4411,89
7cf89ee2,23449,8.4411,160
7bd0ba83,15181,8.4438,100
34c005ca,7700,8.4438,50
155edc6a,20111,8.4438,100
3c8b4598,16929,8.4438,100
43cc365,19782,8.4438,100
1c094c23,5860,8.4438,43
7a4675c3,18879,8.4411,100
4275210e,8446,8.4411,50
44618c7a,14184,8.4438,97
4e1cd114,14185,8.4438,97
28ddfaca,14183,8.4438,97
4a98335f,21157,8.4438,100
35ccab12,12436,8.4466,84
3b9bfa2,7038,8.4466,50
2b854ab0,17224,8.4466,100
6c49eea0,15021,8.4466,100
67c03abd,17130,8.4466,100
29cadd48,15503,8.4466,100
281bc20b,20507,8.4466,100
b841546,5459,8.4466,37
1a4419fc,15541,8.4466,100
6df7c359,15018,8.4411,100
12a86332,14055,8.4466,97
6455e0f6,15361,8.4466,100
4fd0e71f,18036,8.4466,100
2407b2ff,2106,8.4466,15
1c6e18b7,2344,8.4466,18
4d0e49fb,17566,8.4466,100
69742fc,17964,8.4466,100
4e37a52e,21351,8.4466,100
2270b7ff,14357,8.4438,100
5baa60a,18590,8.4438,134
1d0e63db,17225,8.4466,100
21b24224,20427,8.4466,100
52df8de9,20827,8.4466,100
6f725684,17254,8.4438,100
75b70702,9695,8.4466,63
c09665c,2194,8.4493,15
792d245c,6342,8.4493,1
503de14e,22162,8.4493,160
1bc9b2d4,18448,8.4466,100
2d787b8d,12655,8.4493,84
6c710dc,21077,8.4438,100
4b059811,15163,8.4493,100
303148b0,20241,8.4493,100
3ea24efd,15537,8.4493,100
788ce67e,18591,8.4466,100
5d69ee42,14043,8.4466,97
1d8cccb7,18880,8.4493,100
7eb129d5,21062,8.4493,100
404e872f,15208,8.4493,100
1b733fc0,13960,8.4493,97
209f9e8e,20503,8.4493,100
5cfed309,8305,8.4493,50
2b76b6c2,20419,8.4493,100
1f352b7c,17249,8.4521,100
5a4de7df,17230,8.4493,100
70011104,18283,8.4493,100
6edf7960,21537,8.4493,100
4afee77a,15164,8.4493,100
5887d10c,20819,8.4521,100
6dc1b6dc,14033,8.4521,97
15300351,17329,8.4493,100
b16cee,16713,8.4521,100
66d8c245,988,8.4493,1
6cfff14,18427,8.4521,100
7e42564,19143,8.4521,100
13704e17,18719,8.4521,100
18ad868b,13905,8.4521,97
3847a531,12444,8.4521,84
4189ca72,19747,8.4521,100
501824a2,11714,8.4521,74
24f569f4,13853,8.4521,97
219e2e76,18885,8.4521,100
2ecbaa6d,13925,8.4521,97
69bdc7fa,9651,8.4521,63
3f67b622,20168,8.4438,100
3052c2f3,16936,8.4521,100
3f4a3b2f,20688,8.4521,100
606fa711,15833,8.4493,100
614e22d0,14365,8.4548,100
1304f1b3,17614,8.4548,100
11d09357,19686,8.4548,100
37b39ec4,15529,8.4548,100
2af9f00c,21055,8.4548,100
1ec40589,20115,8.4548,100
b9b672d,8447,8.4548,50
20f59d24,14016,8.4548,97
45e970a6,17612,8.4548,100
7b3fdddf,20574,8.4548,100
2b4d7f9a,19149,8.4548,100
27ddcb6a,13937,8.4548,97
742e0959,16948,8.4548,100
4391074d,20848,8.4548,100
29bfe377,14221,8.4521,97
34405325,17082,8.4548,100
2ceb12ba,9583,8.4548,63
52de105a,21391,8.4521,100
6c9a1912,17010,8.4548,100
25d50970,14714,8.4548,100
73a7e2e6,14004,8.4548,97
72d50ea,13926,8.4548,97
1a27c565,10417,8.4548,72
3bc39b94,12964,8.4548,89
36508b15,20159,8.4575,100
7aacefeb,9652,8.4548,63
a30a72e,19446,8.4575,100
6072eda7,9584,8.4548,63
17eb4a54,14255,8.4575,97
53b71a9a,2312,8.4548,18
30d37c06,14375,8.4575,100
269412a,21599,8.4548,100
3a885c6b,14409,8.4575,100
1fa7253b,17483,8.4548,100
24ba274d,6071,8.4548,1
52d37571,20573,8.4548,100
79cb1061,2311,8.4575,18
3ee726ab,12727,8.4548,84
31e37e63,13613,8.4548,84
388d120d,17568,8.4548,100
174b1b99,17263,8.4575,100
5e7a8cfc,14158,8.4575,97
7f93c74a,19702,8.4575,100
63cee16e,15865,8.4575,100
5529bebd,14418,8.4575,100
1a71e052,15367,8.4575,100
1066928c,18632,8.4575,100
712eae5d,19315,8.4548,100
696a3a93,14051,8.4548,97
2083d8bb,20196,8.4575,100
7c8c349c,14057,8.4575,97
4575adbd,16750,8.4575,100
585a2b73,20345,8.4575,100
5c822a63,2167,8.4575,15
64043dc2,12948,8.4548,89
5aea9897,2082,8.4575,15
79b1cd0a,15278,8.4548,100
70b960fc,2248,8.4603,18
3d259dba,15697,8.4603,100
6bc58e3e,6166,8.4603,1
788a4df1,13850,8.4575,97
f241677,19504,8.4603,100
7a4c5d9b,19142,8.4603,100
34a139ef,17129,8.4548,100
3e333d8e,16998,8.4603,100
25f8aa8c,19748,8.4575,100
208fa628,15649,8.4603,100
501ebc6,20359,8.4603,100
1d5c8d97,19155,8.4603,100
7d10f87a,19505,8.4603,100
4e44c59a,18552,8.4603,100
4ee48669,15525,8.4603,100
1307d77b,12713,8.4548,84
6a4ed0b9,13641,8.4603,84
4852d17d,18523,8.4603,100
106726a2,12656,8.4575,84
7ada2d09,21147,8.4603,100
269115a2,17467,8.4603,100
574b8126,14509,8.4603,100
1167cd79,21352,8.4575,100
4b9c486e,21349,8.4603,100
71846231,20109,8.4603,100
367364d3,12544,8.4603,84
62673589,20853,8.4603,100
49feeea9,20258,8.4575,100
42371401,15916,8.4603,100
6bc1eb11,21396,8.4603,100
188c0c1a,15310,8.463,100
6333ea3,20672,8.4603,100
3051409d,17035,8.463,100
e647b98,17126,8.4603,100
64a91920,17971,8.463,100
7489f149,15218,8.463,100
10f405aa,17400,8.4603,100
2a9bea81,2271,8.463,18
70efcf1,15630,8.463,100
3c3656e0,23352,8.4603,160
cdfcd99,9588,8.463,63
7965f161,20640,8.463,100
4f73f3a7,20199,8.463,100
97c73c8,17468,8.463,100
2998cc74,17011,8.463,100
7f3a551,5964,8.4575,1
75321333,12445,8.463,84
230a0a0d,14420,8.463,100
4902cf97,17511,8.4603,100
71981c61,20261,8.463,100
534132cb,20260,8.463,100
2dfbc3ff,5452,8.463,37
360f081b,12728,8.463,84
8c9b8c7,17256,8.463,100
45a636b5,19503,8.463,100
a8eb78a,21106,8.463,100
6c28e996,720,8.463,1
28261cac,19965,8.463,100
1a8727e1,17083,8.4575,100
587dcdb5,15513,8.463,100
408a8910,20263,8.4603,100
e8b1eca,16942,8.463,100
7a6c9230,9981,8.463,1
59771ab3,15409,8.463,100
36fab1d0,18491,8.4603,100
4da1da84,16716,8.463,100
1b8ae0b4,14182,8.463,97
5e90ce7,15162,8.4658,100
64aa3c6b,19922,8.4658,100
526c1cce,5603,8.463,36
279cbf80,5867,8.4658,43
149c8ad0,2097,8.4658,15
1e3c56f7,12733,8.4658,84
6b5f7487,17127,8.463,100
49dc726f,2215,8.4658,15
261cc33f,5865,8.4658,43
1360faf3,17719,8.463,100
16923c75,19240,8.4658,100
51c237a0,17159,8.463,100
6285bc1f,14132,8.4658,97
41a98a53,20184,8.463,100
1ecac62,21148,8.4658,100
1d0382ea,17972,8.4658,100
15cf69ce,23373,8.463,160
55f023e0,21108,8.463,100
2a4699cb,5453,8.4658,37
5886c01f,18886,8.4658,100
3cede8d1,14200,8.4658,97
1cc368ab,2191,8.4658,15
4ac1fdf7,12607,8.4658,84
5202779b,18791,8.463,100
639b118,5965,8.4658,1
26abf3b6,15342,8.4658,100
68511ff8,15146,8.4658,100
3ba9d943,15294,8.4658,100
7a56cf02,14386,8.4658,100
256617cd,20347,8.463,100
31ac0021,16909,8.4658,100
20a9dac4,2216,8.463,15
51e27733,6188,8.4658,1
7710ebbf,17386,8.4658,100
18f531b9,14649,8.4658,100
24f4cf8d,17671,8.4658,100
50701f96,17973,8.4658,100
68162ace,20842,8.4658,100
48f59167,14186,8.463,97
39ea82e5,18597,8.4658,100
7b733104,20826,8.4658,100
79f90140,12657,8.4658,84
206004eb,22070,8.4658,160
796906e8,19921,8.4575,100
4df057a8,21090,8.4658,100
2f69b403,2096,8.463,15
5a4c3259,14315,8.4658,97
5797e943,23625,8.4658,160
7c520320,14253,8.4685,97
1eab43af,16751,8.4685,100
5a709ad5,2098,8.4685,15
3ecc5bcd,14124,8.4685,97
714e06ab,12437,8.4685,84
37c66aee,20583,8.463,100
13e57d2d,19514,8.4658,100
24fa5023,20126,8.4685,100
5717e2c5,14422,8.4685,100
b59d9d9,15226,8.4685,100
44594673,18273,8.4685,100
6c33eda4,14364,8.4685,100
aa3ed47,20428,8.4685,100
3217f52b,5573,8.4685,36
5a7e2866,20185,8.4685,100
43b35728,17231,8.4685,100
5a9d56d6,13864,8.4685,97
6b56d61b,14366,8.4685,100
1facb5e1,17931,8.4685,100
a70ba86,12260,8.4658,84
7c3b84e,24648,8.463,160
2cd58dc8,18428,8.463,100
562c260e,14381,8.4685,100
598702c7,15526,8.4685,100
72c4d185,20318,8.4685,100
431cc071,19144,8.4685,100
43a7ae17,17965,8.4658,100
748cfc3b,15279,8.4685,100
157c4957,15217,8.4685,100
30460cc1,16275,8.4685,112
3906c423,14005,8.463,97
4e6fdbc8,25777,8.4685,160
5d919b1a,14405,8.4685,100
2ad0470e,17930,8.4712,100
2a707691,15759,8.4712,100
1af1598c,18274,8.4685,100
2343cb90,17160,8.4712,100
4be95883,19339,8.4712,100
9f8c730,21168,8.4712,100
63298ec7,19154,8.4712,100
7b5c0fa7,9502,8.4712,63
4a44b8cd,20150,8.4658,100
51d92d8c,24599,8.4712,160
5ae9a530,4434,8.4712,21
1bb49453,17624,8.4712,100
bb940ad,19685,8.4712,100
5bc5c3ae,5966,8.4712,1
74b521a7,12988,8.4712,89
1bd87d2c,9699,8.4712,63
6866f5f9,20368,8.474,100
3b469788,25748,8.4712,160
35df9f1c,5476,8.474,37
c0f8b42,17734,8.474,100
79a2f1de,13622,8.474,84
24c74f54,19704,8.474,100
7cae67fd,7650,8.474,50
c0ba6b1,15535,8.474,100
62c99aef,17512,8.474,100
7c6ac40d,13609,8.474,84
73f4d5f2,14390,8.474,100
221bcb13,13987,8.474,97
c2b235d,17482,8.474,100
264bd479,17250,8.4712,100
610e266c,21063,8.474,100
390168dd,13623,8.4712,84
73c5de07,15664,8.4712,100
ffac03f,22951,8.474,160
1c7a80ca,13610,8.4712,84
5a1e3b56,18633,8.474,100
220ed470,15631,8.474,100
4a6ef2e3,17330,8.474,100
2644cf3b,17940,8.4712,100
dab942e,17265,8.474,100
59527cbf,19923,8.474,100
16659cc6,20884,8.474,100
16d8a426,6045,8.474,1
47034837,21438,8.4767,100
dfe63ec,7039,8.4767,50
37c75d39,14173,8.4767,97
64ed3673,16036,8.4767,112
39729829,17264,8.4767,100
47ed7de8,20416,8.474,100
4aceceb9,14497,8.4767,100
471d373d,15219,8.4767,100
6a034c27,6165,8.4767,1
462d7eb2,2270,8.4767,18
7aaacbc8,9689,8.4767,63
7e02db2,12450,8.474,84
2432a3a8,16937,8.4767,100
2379298a,17472,8.4767,100
38bf814e,18998,8.4767,100
9c79172,14593,8.4767,100
251fef09,14134,8.474,97
7d9c1ed8,20186,8.474,100
74957792,15010,8.4767,100
450bb54b,17009,8.4767,100
7072e099,23353,8.4767,160
2acf3e39,20417,8.474,100
521c443,17613,8.4767,100
7539f515,17259,8.4767,100
6d00a714,13735,8.4767,97
32eafcf6,12290,8.4795,84
a11f405,12647,8.4795,84
597c3d88,17390,8.4795,100
2a5e2e6c,20259,8.4795,100
63d7faef,21439,8.4767,100
b87c986,2192,8.4767,15
eb3a52f,19705,8.4795,100
427b734d,19703,8.4795,100
369b590c,17968,8.4767,100
6a47ddb2,18492,8.4795,100
5fb9f285,23453,8.4795,160
521cce14,9701,8.4795,63
4c30ae80,9547,8.4795,63
171f553e,7705,8.4795,50
208fdd33,18518,8.4795,100
74f13edd,15820,8.4795,100
46495117,21488,8.4795,100
64ccd71c,12542,8.4795,84
2dc121ab,15314,8.4795,100
751dfd8b,20226,8.4795,100
73f91765,15889,8.4795,100
564aa3f,18599,8.4795,100
e83d811,20117,8.4795,100
1ad17764,20534,8.4795,100
c758aea,12731,8.4795,84
281d3eb6,14406,8.4795,100
136456ef,21194,8.4795,100
45206d66,14130,8.4795,97
6a241dda,20611,8.4795,100
3b757c2,15629,8.4767,100
2335af84,18333,8.4795,100
629cddda,21195,8.4822,100
53fe3c48,22163,8.4822,160
6a4e78b2,2039,8.474,15
6409a3f0,25315,8.4822,160
607fc0a6,12438,8.4795,84
42c1bc9d,12659,8.4822,84
5bd3d79f,16715,8.4822,100
726cf936,14097,8.4822,97
6c087d2d,6425,8.4822,1
5f50c97e,20424,8.4822,100
23620165,21437,8.4822,100
664845b9,2276,8.4822,18
73f8a50f,15417,8.4822,100
15f75eb1,17485,8.4822,100
5159f32,7704,8.4822,50
5c365f48,13636,8.4822,84
6f6c1482,5868,8.4822,43
4b2df15b,2313,8.4822,18
41db741,14254,8.4767,97
7d4bf5ec,20348,8.4822,100
13693912,9653,8.4822,63
1caef7f9,21078,8.4822,100
382d7a1e,15989,8.4822,100
34202404,20597,8.4822,100
1a6b0c62,12545,8.4822,84
40901794,6326,8.4849,1
2bea2140,5552,8.4849,36
784443a9,19194,8.4822,100
3a8e48df,20575,8.4849,100
7ae2d4ad,13642,8.4849,84
f81a90,18780,8.4849,100
5a7b582d,21362,8.4822,100
3ba68b50,15835,8.4849,100
12fb2b0d,1981,8.4849,13
3de438fc,17488,8.4849,100
346eb871,12660,8.4849,84
7ed0d243,19888,8.4822,100
3ebc6b93,20516,8.4849,100
75ee11c7,17487,8.4822,100
15c255cc,17012,8.4849,100
d5497f3,14265,8.4849,97
2edee3ac,21290,8.4849,100
50699539,19141,8.4849,100
eb2810c,15761,8.4849,100
59540543,18525,8.4849,100
5c315787,17133,8.4795,100
45aa767e,17260,8.4849,100
75995e46,11731,8.4849,74
9afe202,16230,8.4849,112
75f3a8fd,16773,8.4822,100
692f2b27,14046,8.4849,97
1028555c,20421,8.4849,100
46f3a5b1,24209,8.4849,160
2e2f49d2,20601,8.4849,100
3ec93923,25311,8.4849,160
6c990913,20003,8.4849,100
371ce71c,19549,8.4849,100
63a949f4,17409,8.4767,100
14de6483,10247,8.4849,68
302b269a,16904,8.4849,100
6eff2b41,17195,8.4849,100
605f0384,20206,8.4849,100
49900092,18781,8.4849,100
2e8d8f5f,15834,8.4877,100
47fb73e2,14421,8.4877,100
10c8fd09,12967,8.4877,89
5f200bba,24212,8.4877,160
111d4b67,20262,8.4877,100
167d045c,1893,8.4877,13
544896bb,1353,8.4877,11
48309bb3,20349,8.4849,100
4a358cb8,14136,8.4877,97
171234d4,17469,8.4877,100
69338d8e,15881,8.4877,100
79de335d,15887,8.4877,100
35ffd2d6,20197,8.4849,100
33cde429,19342,8.4877,100
61bcb69f,19924,8.4877,100
46674023,16717,8.4849,100
4df00a4e,20215,8.4877,100
4eabc769,12439,8.4877,84
589c508,14842,8.4877,100
5939853c,15652,8.4877,100
25a3b060,15542,8.4877,100
3523bb32,18429,8.4877,100
30ffaf7,19688,8.4877,100
7ec9891b,25778,8.4877,160
6b4ce39b,20158,8.4877,100
53d47e22,6154,8.4877,1
7b86b541,21066,8.4877,100
49b56a7b,15012,8.4877,100
45e918ed,17481,8.4877,100
7aca27a2,18404,8.4877,100
35bc4b1c,2119,8.4877,17
2dacbb09,10701,8.4877,74
2146fad0,17615,8.4877,100
7bdecc57,15344,8.4877,100
195a87e5,19469,8.4877,100
14f9ca53,20361,8.4877,100
434a877b,16793,8.4904,100
e0f351a,16666,8.4904,100
3bea00d1,15311,8.4904,100
4efb4731,16706,8.4904,100
3d384a4,19116,8.4904,100
59a27ddf,17657,8.4904,100
765f27c2,20038,8.4904,100
4ec448cf,15650,8.4877,100
5a925ce9,19832,8.4904,100
45fb05bb,17759,8.4877,100
3dea5a7b,15536,8.4904,100
f7dd45e,19481,8.4904,100
72ab1ef6,12447,8.4904,84
6313674e,21088,8.4849,100
5856ff3d,14534,8.4904,100
2bae1ad1,18794,8.4904,100
366514c2,1881,8.4904,13
575be974,15849,8.4904,100
2f0acdc6,731,8.4904,1
74293264,20423,8.4904,100
4471477,22528,8.4849,160
6af4eb27,19548,8.4904,100
62ecaf44,1894,8.4904,13
1b712a22,1358,8.4904,11
2676813a,20283,8.4877,100
6b96eb00,15533,8.4932,100
79f55521,5605,8.4904,36
6c87efb9,15112,8.4932,100
7e35f831,15421,8.4932,100
6c58c99c,16231,8.4932,112
30caf1fc,14651,8.4932,100
63633a7b,18490,8.4932,100
32c6a256,15011,8.4932,100
18f889bb,20217,8.4932,100
7f5ace49,20539,8.4932,100
510933b,5626,8.4932,36
24345dd,16738,8.4932,100
5eaaa17f,17709,8.4932,100
772b0465,20937,8.4932,100
76a3d8f0,5460,8.4932,37
6ed60654,13614,8.4932,84
657ce3a8,25312,8.4932,160
4adbdb4e,15939,8.4932,100
2257eebd,16905,8.4932,100
7cedb805,14395,8.4932,100
7e8e6593,20198,8.4932,100
54af78cc,15152,8.4904,100
6a1bd0a7,6167,8.4904,1
7724f95f,17604,8.4932,100
66984a2e,2108,8.4904,15
6bb70993,719,8.4932,1
6c20c934,14726,8.4932,100
5f9d72aa,17428,8.4932,100
f238607,22284,8.4959,160
30168597,989,8.4959,1
2bce64f7,15102,8.4932,100
79d5d884,10371,8.4959,72
78e61b8c,15362,8.4959,100
392f2950,12288,8.4959,84
4cda3e18,16794,8.4959,100
5f5a9a3a,20943,8.4959,100
76bb4fa,23197,8.4959,160
306d8c06,20464,8.4932,100
33ee7b8,18275,8.4959,100
4f19f5e0,16940,8.4795,100
52ae28e5,21261,8.4959,100
5be45bb9,15363,8.4932,100
5e73beba,9602,8.4959,63
592ef3c0,6271,8.4959,1
16f24316,17616,8.4959,100
3b8407b,20369,8.4959,100
38e1319,22318,8.4959,160
20c4fa8d,20504,8.4959,100
edaada6,16763,8.4959,100
750bd44d,15113,8.4959,100
4f208f9e,17401,8.4932,100
3c454bb8,981,8.4959,1
234e6947,12740,8.4932,84
75e3fe55,16009,8.4959,100
3bd2ce2f,17235,8.4959,100
7f66da6f,12941,8.4932,89
60bef36e,18037,8.4959,100
2ba9dc98,15179,8.4959,100
3da74ade,20467,8.4959,100
102958f3,4190,8.4986,21
79bfc1b,23292,8.4986,160
62b3bd6c,14170,8.4986,97
6545ea5e,16762,8.4959,100
3ff1d8c5,14510,8.4986,100
67d29004,17966,8.4986,100
18f5094f,14171,8.4986,97
52281715,8463,8.4986,50
632eda65,17489,8.4986,100
2e671517,12714,8.4986,84
100f34b4,17737,8.4959,100
2080f88b,17078,8.4986,100
2869848a,16740,8.4959,100
3202d331,16277,8.4986,112
27eadae6,18098,8.4986,100
3c22066,18919,8.4986,100
6744fcb6,20160,8.4986,100
4e29e03b,18782,8.4986,100
694a0dd5,22285,8.4959,160
4df5c096,21348,8.4986,100
3cb91e24,14394,8.4959,100
188709cf,15151,8.4986,100
3d9009b0,16280,8.5014,112
26c55d91,17459,8.5014,100
41052749,21426,8.5014,100
48d8f72,14135,8.5014,97
679f0e05,2308,8.5014,18
132364ec,16144,8.4986,112
2e4332b1,3340,8.5014,21
46ddce14,12715,8.5014,86
592d1fec,13862,8.5014,97
51210421,2224,8.5014,15
6640720e,1905,8.5014,13
4ec5bdbc,16705,8.5014,100
7fa619f7,14674,8.5014,100
267f0a2e,18678,8.5014,100
43cadced,21651,8.5014,160
2081a175,12732,8.5014,84
1a954b6,16999,8.5014,100
6f276d33,17484,8.5014,100
31d72483,19348,8.5014,100
24efbbe0,19516,8.5014,100
9483c01,16037,8.5014,112
5dd286ee,22236,8.5014,160
55a952eb,16721,8.5014,100
cc0d305,6197,8.5014,1
d8c5534,18216,8.5014,100
12ad6064,15182,8.4932,100
62633069,982,8.5014,1
40f7901b,6189,8.5014,1
18ffc1cf,14017,8.4986,97
5eec9976,14058,8.4986,97
31a6426a,19108,8.5014,100
4871aa7a,6439,8.4986,1
5c8745fd,10068,8.5014,1
77f2eb9a,21109,8.5014,100
384b4f16,20218,8.5014,100
2e66eb02,18086,8.5014,100
147bf091,17196,8.5014,100
17cd4566,16233,8.5014,112
77aea647,2279,8.5041,18
2f952198,19687,8.5041,100
22f02f0c,10081,8.5041,1
3f4825ec,19447,8.4959,100
34e69b23,16040,8.5014,112
522a0f9f,18721,8.5041,100
4b8dc023,16972,8.5041,100
584fa68d,12969,8.5041,89
7ec97ac4,13635,8.5041,84
75c9a375,15993,8.5041,100
7d22ddaf,18680,8.5014,100
218ff2f1,16247,8.5041,112
7f767363,18519,8.5041,100
38d024c8,21619,8.5041,160
5a5f2876,21091,8.5041,100
474f3d55,15052,8.5041,100
68a83224,19044,8.5041,100
10d97900,15872,8.5041,100
7b7d0111,23386,8.5041,160
375c9876,12888,8.5041,89
59926e2d,18068,8.5041,100
14631a73,17268,8.5041,100
4f297086,19056,8.5041,100
5c4f85fb,14830,8.5041,100
f03392c,20004,8.5041,100
3bf1a3d,20352,8.5041,100
716e78c,15864,8.5041,100
3b56c1e8,19509,8.5041,100
2756cac8,17460,8.5041,100
310a4d57,15295,8.5041,100
4a1fd7b9,14188,8.5041,97
68a7ea0d,7651,8.5041,50
7a0573f1,19839,8.5041,100
6b14f6f3,21361,8.5068,100
177f12f,12662,8.5068,84
8176e33,19925,8.5068,100
3c01d297,15842,8.5041,100
226d5d61,15890,8.5068,100
6dcaa41d,23584,8.5068,160
23a25fd6,7041,8.5068,50
21a57439,3338,8.5068,21
1270e0c8,12670,8.5068,84
20570d7b,12741,8.5068,84
1805af20,18450,8.5068,100
42ea43b5,2254,8.5068,18
120b04a5,18717,8.5068,100
768c08c,17758,8.5068,100
1fcc39cf,16013,8.5068,100
2a05e9b9,14616,8.5068,100
3e7177a8,17932,8.5068,100
60e1fe70,21096,8.5068,100
214c3e40,5952,8.5041,1
5f3069e7,15440,8.5068,100
69689eac,18792,8.5068,100
494ad99c,20716,8.5068,100
5afd1b99,19515,8.5041,100
35807cc8,24598,8.5068,160
75fefa06,20311,8.5068,100
29ddca0f,12984,8.5068,89
1b4e2d7e,21620,8.5068,160
3c960011,4186,8.5068,21
2df25463,2217,8.5068,15
1825d71e,20425,8.5068,100
2d1e74e3,14006,8.5068,97
55826cac,24649,8.5068,160
36ee4e6e,17535,8.5041,100
3507550b,18565,8.5041,100
2f32958c,1890,8.5068,13
68f8afd7,15992,8.5068,100
2b75a6b,14725,8.5068,100
5cd08fb2,17020,8.5041,100
67f5ff51,1972,8.5096,13
4ade626f,14843,8.5068,100
72021d5d,18085,8.5096,100
2af7a1b0,25779,8.5096,160
368ceeb4,16906,8.5096,100
6230dcc8,20096,8.5096,100
5bc417fb,2267,8.5096,18
394e112b,3339,8.5096,21
2e23dd93,16718,8.5068,100
4a919203,17194,8.5096,100
14adebbd,17736,8.5068,100
31112f65,17108,8.5096,100
781fb725,1891,8.5096,13
48e032f0,25325,8.5096,160
e27b065,20855,8.5041,100
403ded41,20697,8.5068,100
3675ccc3,17193,8.5068,100
3356e3b7,20142,8.5096,100
7a68209f,14498,8.5096,100
497f132f,12966,8.5068,89
45979c03,25321,8.5096,160
5174cd17,16228,8.5096,112
55bbc7d5,13927,8.5096,97
6eec7925,20938,8.5096,100
7548d7c5,18022,8.5096,100
5f3bf9bc,21293,8.5096,156
28509b39,21394,8.5096,100
235e7489,4192,8.5096,21
2e761496,15319,8.5096,100
2e00eefd,19152,8.5096,100
3d671207,16232,8.5096,112
7890bacf,15115,8.5096,100
2253157,15543,8.5096,100
528fe7a6,2172,8.5096,15
4c438bc5,17255,8.5096,100
651de3b6,18766,8.5096,100
4e19d9cb,26189,8.5096,160
428c8df8,20320,8.5096,100
6306b579,16752,8.5123,100
33cb177f,19506,8.5123,100
3093f4a,15841,8.5123,100
132185a7,21196,8.5123,100
39c142e3,17672,8.5123,100
39961391,19497,8.5123,100
6fedd4a7,21110,8.5123,100
4f646ca,14018,8.5068,97
3713caed,18197,8.5123,100
3e105d05,16135,8.5123,112
3f59fe8c,14047,8.5123,97
92f2fbb,20224,8.5123,100
20c2d8d1,19150,8.5123,100
1c8651b9,2195,8.5123,15
6cdb713b,15680,8.5123,100
1c79d9ec,6077,8.5123,1
2a4b9ee2,7695,8.5123,50
6e51f764,12440,8.5123,85
4ee198b,13906,8.5096,97
330be284,13624,8.5123,84
41116677,15679,8.5123,100
49001e02,20856,8.5123,100
61effbb0,14600,8.5123,100
17a5d5e1,17270,8.5123,100
63f3b4df,16792,8.5123,100
f0065e7,2252,8.5123,18
743d3028,14260,8.5123,97
284c7de,16128,8.5123,112
11ac3dcc,17028,8.5123,100
289fe8c5,22527,8.5123,160
5634f445,16459,8.5123,112
1934369f,20944,8.5123,100
5a979c39,15879,8.5096,100
2af9cb2,18521,8.5123,100
2aa588fa,18140,8.5123,100
7dab94ab,16403,8.5151,112
c4cc187,16371,8.5151,112
6adcf263,15618,8.5151,100
6c38459a,5477,8.5151,37
4d978a7a,19950,8.5151,100
273d2ab6,9503,8.5151,63
2aff8bd8,21307,8.5151,100
4451f88,17216,8.5151,100
7d8ef4f1,15538,8.5151,100
2bc9664d,15504,8.5123,100
75f08120,20319,8.5123,100
3b567db2,19042,8.5151,100
6da1804b,10419,8.5151,72
41347b28,20638,8.5123,100
303c1baf,21107,8.5151,100
388f4bf7,20847,8.5151,100
2671e1f5,12608,8.5151,84
59cd3775,14044,8.5151,97
3b42fa5f,20219,8.5123,100
6b736ffb,20786,8.5123,100
29e14191,21315,8.5151,100
1927ad47,4187,8.5151,21
351b2c3e,14828,8.5151,100
45e791d1,24601,8.5151,160
6629ad35,17569,8.5123,100
550ffede,21193,8.5123,100
42c06922,19117,8.5151,100
2e56c798,1379,8.5151,11
57c6a29a,15762,8.5151,100
7c2ded52,24208,8.5151,160
3de5028c,2200,8.5151,15
1e225d39,20857,8.5151,100
259778af,18716,8.5151,100
4727ccf5,2203,8.5151,15
71bd5b0a,13961,8.5151,97
54f3ee3e,14036,8.5178,97
4197774e,16133,8.5178,112
5fdb3dd3,14397,8.5178,100
266202b9,19001,8.5178,100
1ac8c9a0,14376,8.5178,100
6d2b9a55,14829,8.5178,100
177cadb9,23488,8.5178,160
2f3e1293,15313,8.5123,100
114f2f20,15917,8.5178,100
270e807a,20220,8.5178,100
16465ffc,17269,8.5178,100
4eeff93e,22887,8.5151,160
642529e8,21471,8.5178,100
219ac74d,20674,8.5178,100
cfb3c63,18038,8.5178,100
5f2570d6,20788,8.5178,100
7bb87d71,6190,8.5178,1
369f7187,15683,8.5178,100
63d24b13,20269,8.5178,100
1705247f,21316,8.5178,100
2fee801b,12658,8.5178,84
6230cf28,17266,8.5151,100
134b9aae,17403,8.5151,100
2d537264,18564,8.5178,100
b0d0b4,10710,8.5178,74
64eb43cc,13736,8.5178,97
7666d18d,13989,8.5178,97
12cb19e6,12970,8.5151,89
5d9a7ffb,15345,8.5178,100
6b6ce67e,23291,8.5178,160
2bc6b827,14266,8.5178,97
61089090,21266,8.5178,100
6fe34eed,2207,8.5178,15
334794b,10082,8.5178,1
63b00a79,15848,8.5178,100
36703289,20717,8.5178,100
7da981a8,14396,8.5205,100
5880129d,17788,8.5205,100
2d61bb46,20718,8.5205,100
4e618f51,19195,8.5205,100
7ff4e3f4,15539,8.5205,100
2738026d,21292,8.5205,156
7ad37889,2120,8.5205,17
7232647,12289,8.5205,84
457a3af5,12734,8.5178,84
1d499aed,21549,8.5178,100
4869e2a6,18767,8.5205,100
7a05c843,15622,8.5205,100
640ad85a,20854,8.5178,153
544a75bd,2123,8.5205,17
3b633473,18455,8.5205,100
7033fbbc,18812,8.5205,100
217c99a5,14123,8.5205,97
75ef1a19,12942,8.5205,89
4795d4f6,18887,8.5205,100
289439a3,20945,8.5205,100
6d603ca5,25316,8.5205,160
6052dcc2,17929,8.5205,100
a7ab358,18405,8.5205,100
909865a,15103,8.5205,100
d9fff9,18815,8.5205,100
6c307e53,18081,8.5205,100
1a721bdb,2272,8.5205,18
3f02fc6,20787,8.5205,100
5f0c7599,20584,8.5178,100
10656fb6,11741,8.5178,74
7fc8490f,12721,8.5178,84
75ee29ee,20520,8.5205,100
49722a77,13637,8.5205,84
7251f430,17232,8.5233,100
7105c547,21306,8.5068,100
4fec5b44,15053,8.5205,100
4bc9ba0e,17710,8.5205,100
13b00092,20637,8.5233,100
6657776f,15022,8.5233,100
6e3d86a0,19105,8.5233,100
40aadbb3,12891,8.5233,89
198964e1,9700,8.5233,63
43a6c658,20249,8.5233,100
45b90de8,14035,8.5233,97
569e315d,18284,8.5233,100
439be568,5478,8.5233,37
6b154faf,16276,8.5233,112
5414b5a8,23487,8.5233,160
21753d74,14536,8.5233,100
36457076,20783,8.5233,100
2caea2ff,19498,8.5233,100
b1d6aee,21444,8.5233,100
3dba59fb,19689,8.5233,147
7ad537d0,2309,8.5233,18
72c32b63,16943,8.5233,100
7e4eeff3,10024,8.5233,1
2b23c69e,7731,8.5233,54
4b09930e,6082,8.5233,1
18314608,26278,8.5233,160
73c2ee5e,13938,8.5233,97
46e0c18e,16226,8.5178,112
4176bbbf,8129,8.5233,50
53e5b49f,14499,8.5233,100
373100a3,24600,8.5233,160
779d4b7a,11779,8.5233,83
422c6f17,2173,8.5233,15
24f10fe7,19949,8.5233,100
3c2bd75,20850,8.5233,100
24a313c0,2257,8.5205,18
7d7db0de,6046,8.5205,1
61591f8,17402,8.5233,100
427683ca,4158,8.5233,21
5fadc665,17507,8.5233,100
4992e1f0,17389,8.5233,100
5979435c,18679,8.5205,100
2f67e36a,14045,8.526,97
7056b692,14131,8.526,97
1e48860d,17969,8.526,100
408b7955,19829,8.5233,100
19c34e7d,16656,8.526,100
696670b3,8464,8.526,50
53fbb1bb,19745,8.5233,100
4317741d,23782,8.526,160
1935fa9c,21098,8.526,100
26f793e,16281,8.526,112
c9776a1,2268,8.526,18
74585cb2,17112,8.526,100
428fa9bf,12730,8.526,84
3e962e4b,15994,8.5233,100
3bd08e59,21197,8.5233,100
c45c5fc,23454,8.526,160
3a4eb50a,17567,8.526,100
68dc4db9,20169,8.526,100
5b331ad,26277,8.526,160
3a2ec504,2124,8.526,17
18669d98,15822,8.526,100
574f8d7b,19263,8.526,100
4b6de066,1889,8.5233,13
518e04f9,17298,8.526,100
7a70aea,18285,8.526,100
2b81cddb,17192,8.5233,100
8eb985,18524,8.526,100
24c40722,14174,8.5233,97
2f96f4b5,24930,8.5233,160
1f5baea,21097,8.526,100
1b8ba90a,6331,8.5205,1
3e4140b5,21294,8.526,156
4b768469,15571,8.526,100
4f8f7732,26203,8.526,160
98a5430,20576,8.5233,100
3d7af95c,14332,8.526,97
42507756,25518,8.5288,160
76d2bec9,16010,8.526,100
3ec4723b,18722,8.5288,100
63b295ca,12943,8.5288,89
2da24ff7,14056,8.5288,97
3e2ad7d2,21303,8.5288,100
6cb0fe6c,22235,8.5288,160
4778e306,14010,8.5288,97
6d3c678,13638,8.5288,84
6514149d,16949,8.5288,100
5af6223f,2317,8.5288,18
5a168ab4,20533,8.5288,100
6a02e0c4,16136,8.5288,112
426e6788,21459,8.5288,100
79b33a4,17297,8.5288,100
6c171eb2,19200,8.5288,100
389b3001,14358,8.5288,100
7a10bbed,21578,8.5288,100
2ba6aae,16159,8.5288,112
33591f56,12263,8.526,84
6d011c8a,22095,8.5288,160
39b76d16,20039,8.5288,100
68898f94,20264,8.526,100
212d0713,20843,8.5288,100
13518e7c,15968,8.5288,100
765125d0,21511,8.5288,100
748c39d1,18408,8.5288,100
370d13d0,19648,8.5288,100
505dfdfb,17429,8.526,100
4fe0abe2,15681,8.5288,100
30e0786b,16158,8.5288,112
5620dd7b,18451,8.526,100
25378d17,21304,8.5288,100
1aba0e6f,2122,8.5315,17
504f1961,18658,8.526,100
635f0023,20234,8.5315,100
780e27ab,6421,8.5315,1
7a19766a,13929,8.5315,97
7ed56490,10372,8.5315,72
309ad630,15224,8.5315,100
18b65553,17536,8.5315,100
3f3107e,17262,8.5315,100
32689c4c,16278,8.5315,112
5425e767,20849,8.5315,100
7e933c7d,14407,8.5315,100
6578b331,19260,8.5315,100
1384c92e,14261,8.5315,97
2af7fb40,21068,8.5315,100
6cc8ca90,17941,8.5315,100
68e10ae6,16258,8.526,112
5acd558d,18454,8.5315,100
2fb778a7,17461,8.5315,100
1a4f19c6,17967,8.5288,100
7a998653,6420,8.5233,1
40cf4e68,2260,8.5315,18
54a97496,17713,8.5315,100
77cc4fcb,17493,8.5315,100
36cad6ec,19507,8.5315,100
3ad1d714,20867,8.5315,100
435ad78,15442,8.5315,100
2ad41c0b,12949,8.526,89
25c3091c,14161,8.5315,97
455ed6fe,18286,8.5315,100
9678c86,14122,8.5315,97
43002a,17197,8.5315,100
7e999798,2225,8.5315,15
3b39ba50,21355,8.5315,100
4ac48628,26204,8.5315,160
77f2ed85,17647,8.5315,100
3b80df1f,19840,8.5315,100
a12635e,20612,8.5288,100
44a83ca3,2196,8.5315,15
763f46f9,25893,8.5315,160
18a46bd0,14007,8.5315,97
785a2384,16931,8.5288,100
633b3977,26090,8.5315,160
7d125508,14727,8.5315,100
7116ccdd,19452,8.5315,100
4a57c3c4,16747,8.526,100
63388f09,17036,8.5315,100
ced2c73,18046,8.5342,100
4bda7917,15368,8.5342,100
6a7bcfac,18920,8.5342,100
3f67da4b,21747,8.5342,160
18804a69,20598,8.5342,100
7d6b73be,18784,8.5342,100
65e1afc5,19369,8.5342,100
64d584b0,23293,8.5342,160
7e1c5941,2170,8.5342,15
58cc23bf,19554,8.5315,100
30bb30e4,16041,8.5342,112
2f5e8386,18053,8.5342,100
7883d247,7694,8.5342,50
64c95a47,15024,8.5342,100
5d214cba,21288,8.5315,100
34747bea,20130,8.5342,100
520396c9,17014,8.5342,100
4ebc8ef7,20620,8.5315,100
7cb6f5ac,19889,8.5342,100
e7a41e7,19109,8.5342,100
2b25221c,22889,8.5342,160
3c99b7b9,9576,8.5342,63
72e2cb3d,14204,8.5342,97
39324b58,25568,8.5342,160
3b85aba0,10350,8.5315,72
14c96d01,18999,8.5342,100
4ad0f716,18813,8.5342,100
2e0f6652,16797,8.5342,100
54c8040,10711,8.5342,74
1382f3e2,16497,8.5342,112
4410aba1,12649,8.5315,84
5e27dec3,18217,8.537,100
b4f0ea3,14137,8.537,97
6a60d10a,16045,8.5342,112
6e793247,1909,8.5342,13
6485befd,16907,8.537,100
e48388d,17261,8.537,100
7d8115f1,25517,8.537,160
118563ca,20468,8.537,100
364980b7,21553,8.537,100
798a5aa3,14391,8.5342,100
c51e6fe,17474,8.537,100
7d793777,2318,8.537,18
36f05f8d,15699,8.537,100
4cc63ddc,18218,8.537,100
67b239a5,17970,8.537,100
16da4aa2,20719,8.5315,100
64d755bb,14485,8.537,100
17947517,17659,8.537,100
50ef729b,11735,8.5315,74
2d3a9d87,14831,8.537,100
5b33f694,19751,8.537,100
5170ac4,15364,8.537,100
2ec7db57,21353,8.537,100
6bb4cc27,14832,8.537,100
1693772,12983,8.537,89
13ab6692,23777,8.537,160
36959302,14719,8.537,100
2e571f09,26091,8.537,160
eba77f7,15621,8.537,100
3eda64f7,14999,8.537,100
2ccda354,18720,8.5342,100
649adfa9,17226,8.537,100
2d514244,18407,8.5342,100
72a32b64,21170,8.537,100
432ad114,12441,8.5397,85
1f33141b,14650,8.5397,100
5e25d3aa,20200,8.537,100
6cf02850,2171,8.5397,15
7e3c6a1,21460,8.5397,100
77998a,20005,8.5397,100
70bfa2ad,22020,8.5397,160
1d60b642,20639,8.5397,100
4afad81,19411,8.5397,100
38a8df57,19657,8.537,100
358fa825,15720,8.5397,100
2d45da70,17410,8.537,100
3f2385be,20844,8.5397,100
54ffb9fc,20271,8.5288,100
2a538653,21465,8.5397,100
62d5ddbc,21489,8.537,100
61400dcc,14387,8.537,100
48d97841,18363,8.5397,100
7e8e0e17,17622,8.5397,100
32fa0447,18232,8.5397,100
533541b9,20589,8.5397,100
50ad30ee,21427,8.5397,100
5e5d725a,734,8.5397,1
3c679dea,12459,8.5342,84
45263b56,21067,8.5397,100
7c35495c,19231,8.5397,100
13d6d2f0,17027,8.5397,100
494f3b22,14500,8.5397,100
4947772c,12451,8.5397,84
3d4f19d9,5461,8.5397,37
6b66c885,14162,8.5397,97
5bc078e0,19746,8.537,100
29cc9aa3,10318,8.5397,71
6c08df92,2174,8.5397,15
2237d525,16227,8.5397,112
31770076,21111,8.5397,100
692869c0,14163,8.5342,97
24fcefc4,17233,8.537,100
ea25086,12717,8.5397,84
7df8594,14359,8.5397,100
2d139ac6,20350,8.5397,100
6e52d26f,19119,8.5397,100
72e88943,14535,8.5397,100
96051af,19690,8.5397,100
38143fef,18361,8.5397,100
40ad4328,18688,8.5397,100
763968ef,20015,8.5397,100
7ddfb2ae,19783,8.5425,100
642d01bd,13952,8.5425,97
4e33aa13,17491,8.5425,100
3979305e,10715,8.5425,74
31cb5e14,16631,8.5425,120
720d2c2f,3341,8.526,21
7370cd2a,21692,8.5425,160
733a4b28,14602,8.5397,100
7f968c1b,12950,8.5425,89
2c26c2c8,18410,8.5425,100
242c11a9,15221,8.5425,100
59ca43fb,16890,8.5425,100
780830e1,21149,8.5397,100
33b59daf,14367,8.5342,100
299f2993,22286,8.5425,160
22c162c0,15171,8.5342,100
1b77c141,24217,8.5425,160
4b06f65,15058,8.5425,100
5458e052,15297,8.5425,100
54b30dd1,21610,8.5425,100
7dcda2e5,18522,8.5425,100
4e2b9268,24748,8.5425,160
589519d4,16630,8.5397,120
5fd99ee4,17796,8.5425,100
71047636,19121,8.5425,100
1348dd4b,15098,8.5425,100
3829f4d,14720,8.5425,100
73296d50,25382,8.5425,160
6014f36f,14333,8.5425,97
3563d8a3,21548,8.5397,100
228c41b5,12968,8.5397,89
1af7eb59,2050,8.5425,15
5dbfece3,16891,8.5425,100
76b29137,19807,8.5425,100
3673f7bd,12668,8.5425,84
137b7f09,15296,8.5425,100
31814171,6078,8.5452,1
5358455f,4354,8.5452,21
7a3f9e96,12674,8.5452,84
32f435ef,12452,8.5452,84
9c56009,18642,8.5452,100
4fa42015,1360,8.5452,11
1826aed3,17627,8.5452,100
1eeb586f,20053,8.5452,100
42f113d5,21575,8.5452,100
da35d10,1354,8.5425,11
670b5341,17623,8.5425,100
2f44a185,9680,8.5452,63
2b9d288,14144,8.5425,97
3ba915ec,17570,8.5452,100
4655da90,19650,8.5452,100
51895497,18406,8.5452,100
2e514fe9,20131,8.5452,100
5b4b9faa,5941,8.5425,1
17aa3bd9,20272,8.5452,100
7f43e2e6,15990,8.5452,100
64752c75,17148,8.5452,100
6344599e,4200,8.5452,21
50675eb5,9658,8.5452,63
2576c2dc,2175,8.5425,15
45425046,16799,8.5452,121
899da1f,14885,8.5452,100
49d0fa3b,4196,8.5425,21
5aa3a1ff,2168,8.5425,15
db41a8d,17152,8.5452,100
4b3b7006,17628,8.5452,100
5744a78,14884,8.5452,100
421faf70,17946,8.5425,100
6fd2b5cc,20651,8.5452,152
7f795370,16129,8.5452,112
269857c2,20309,8.5452,100
5879e16d,10312,8.5452,70
67a2b13d,17058,8.5452,100
1da414d0,12889,8.5452,89
287326c7,15880,8.5452,100
1e366cb8,14164,8.5397,97
3f16d82d,12718,8.5479,84
56d98b41,21317,8.5479,100
4d4fadab,20118,8.5452,100
1cb51c63,23312,8.5479,160
70703246,21178,8.5479,100
41846791,17490,8.5479,100
452a1a34,2083,8.5452,15
48da183c,14844,8.5479,100
78c8c679,20164,8.5425,100
9db2924,13951,8.5425,97
6b816f61,19978,8.5479,100
730281d5,22071,8.5479,160
7a0d2a70,15365,8.5479,100
4dc76ac2,9585,8.5479,63
4d4c58e4,14125,8.5479,97
1d05e857,13865,8.5452,97
7d9f66f1,15114,8.5479,100
1a745cbe,18687,8.5479,100
6c13b448,17236,8.5479,100
73367968,14620,8.5479,100
5ee6becd,11780,8.5479,83
115dd005,9574,8.5479,63
5848f30e,20113,8.5479,100
6061c515,14262,8.5452,97
11a19ca5,20162,8.5479,100
7524ec07,21318,8.5479,100
7ada488a,23356,8.5452,160
6515045c,16046,8.5452,112
bb23c86,19241,8.5479,100
166bcde1,18021,8.5479,100
3edd59be,1910,8.5479,13
5c551eab,18456,8.5479,100
73a79ddd,16707,8.5479,100
696bd923,6332,8.5479,1
5413fd57,17537,8.5479,100
21a7152a,6403,8.5479,1
b58f23b,14512,8.5479,100
5ebe3295,16348,8.5479,112
75e3b809,22019,8.5479,160
3a659a1d,12669,8.5507,84
df0feb3,14537,8.5479,100
1467b462,21572,8.5507,100
7cac7517,14408,8.5479,100
6a0fbded,16042,8.5507,112
6080d379,2250,8.5507,18
3941e6e,14175,8.5507,97
49edafaf,20506,8.5507,100
56f66f48,15462,8.5507,100
410150ae,6123,8.5507,1
27fc58ec,19720,8.5507,100
3480b6b,12719,8.5507,84
6621b865,19652,8.5397,100
1db98120,20724,8.5479,100
2dee102f,1380,8.5507,11
68901646,20868,8.5507,100
3a09c406,18196,8.5507,100
2b405b6c,14424,8.5452,100
40c93cf1,14594,8.5507,100
a273464,17721,8.5507,100
1dfb23af,15092,8.5479,100
75313470,20433,8.5507,100
5c039a81,23294,8.5507,160
55a41b44,25383,8.5507,160
1106ac04,16800,8.5507,121
6d6888e0,20535,8.5479,100
5874908e,21150,8.5507,100
7c367108,13916,8.5507,97
55b0d9e6,21354,8.5507,100
69e1e2e,13931,8.5507,97
7a920e93,20112,8.5507,100
35e39ef8,730,8.5507,1
2ed6317a,13908,8.5507,97
66cf0e4b,15315,8.5507,100
105603d2,18600,8.5507,100
7ada61dd,10716,8.5507,74
53e73420,17172,8.5534,100
4d44c541,18814,8.5534,100
6d2c07a8,2325,8.5534,18
44d14759,18643,8.5534,100
2cd1cc6d,18449,8.5534,100
2e7d2dd7,9660,8.5534,63
45f88b94,9577,8.5534,63
6c1a81e,15298,8.5534,100
504acbab,12460,8.5534,84
41152e84,16908,8.5534,100
40b0b919,23781,8.5534,160
591d41e4,12742,8.5507,84
204a7205,14382,8.5534,100
2e940e2e,13930,8.5507,97
251ec2ba,21169,8.5534,100
4d17b993,25386,8.5534,160
82aa959,21032,8.5507,100
6c1230c,17789,8.5507,100
55992a7c,19157,8.5507,100
6dacf369,15518,8.5534,100
2532ca7d,20519,8.5507,100
788fdfe3,18276,8.5534,100
6b0f54f0,20268,8.5534,100
585d0ace,20830,8.5534,100
19d68c5,25525,8.5534,160
40e5e7d1,4115,8.5534,21
64b69b13,17473,8.5534,100
5e2ba6e1,18659,8.5534,100
639a933b,17015,8.5534,100
72a3f36c,18024,8.5534,100
42988c8c,15465,8.5534,100
53f79654,19316,8.5534,100
41073690,21652,8.5534,160
763366c0,14540,8.5534,100
1b66d3f9,2204,8.5452,15
1d1cd0f5,20437,8.5507,100
6557d670,14098,8.5507,97
504ec879,21490,8.5534,100
83fa97c,19151,8.5562,100
256b5a99,12881,8.5562,89
5e0bbdb9,18795,8.5534,100
5b4145e,17942,8.5562,100
70b539dd,14646,8.5562,100
19c59352,17625,8.5562,100
23c42e32,14653,8.5562,100
a581847,16722,8.5534,100
468e0924,20829,8.5562,100
47ddfed2,13871,8.5562,97
f750ac0,15349,8.5562,100
c1088e2,20434,8.5562,100
29237bda,25313,8.5534,160
7001d4f2,11792,8.5507,83
5705f338,22521,8.5562,160
5fda36a2,15023,8.5507,100
71377d00,23066,8.5562,160
6d157b28,23375,8.5562,160
13cd843c,15183,8.5562,100
6b29394e,12976,8.5562,89
65486daf,15867,8.5562,100
23c28615,20392,8.5562,100
5cd11a35,15104,8.5562,100
7e90bba8,20231,8.5562,100
6a052b43,13928,8.5562,97
581394c0,21470,8.5562,100
3aff6e59,21750,8.5562,160
793b4e8e,19412,8.5562,100
6f5643f9,21587,8.5562,100
3b82ec94,14257,8.5562,97
40b45db7,17466,8.5562,100
4c574f5,12971,8.5562,89
59d1a61f,2201,8.5562,15
751b17fd,16779,8.5562,100
17a0b50c,20831,8.5562,100
386d09d1,15142,8.5562,100
6cd8a19d,23374,8.5562,160
4151e704,22114,8.5507,160
1e2ebe29,19934,8.5507,100
534b22f7,15444,8.5507,100
3b89ace,20721,8.5562,100
3f240811,14652,8.5562,100
4e69cb60,16130,8.5562,112
2a45076d,14617,8.5589,100
6462ace6,18353,8.5589,100
6eb46607,21704,8.5562,160
291dfff5,18783,8.5589,100
2b61ebd4,21752,8.5562,160
5a1577c2,17685,8.5589,100
17dca6d9,14596,8.5589,100
51f81180,17161,8.5589,100
75e37f20,17683,8.5589,100
4b9ad39,16297,8.5589,112
76a12919,20371,8.5589,100
67c4525c,19510,8.5562,100
9302bfb,14601,8.5589,100
40299f81,9578,8.5589,63
3f3f8f7c,17430,8.5589,100
7aac6c75,11721,8.5589,74
724bef28,18540,8.5589,100
7e12a377,10245,8.5589,68
55973154,16950,8.5589,100
3d9597a6,15505,8.5589,100
24c39ba5,2088,8.5589,15
9dc12ba,15516,8.5589,100
62be11ed,20604,8.5589,100
730782bb,19329,8.5534,100
4ba121cd,21033,8.5589,100
2281b3c1,14019,8.5589,97
30a2ef05,1906,8.5562,13
307f7513,13954,8.5562,97
7875c5b9,14735,8.5589,100
2059b424,18786,8.5589,100
7fffb1f0,14392,8.5562,100
3d92488b,14142,8.5589,97
1222eb43,16830,8.5589,121
355fe4c5,15461,8.5562,100
372da3af,9702,8.5589,63
185463d1,12994,8.5562,89
1da9fb6b,15850,8.5562,100
571a4dd7,14059,8.5589,97
d70bc40,19563,8.5589,100
36010cd4,20163,8.5589,100
efe5400,16117,8.5589,112
6421cbdc,21753,8.5589,160
6150567a,20590,8.5589,100
69ca64ac,18334,8.5589,100
5713b2ed,18641,8.5589,100
3d86ecf8,21291,8.5589,100
2392b74d,21305,8.5589,100
5e069eb4,1902,8.5589,13
64536edc,21099,8.5589,100
2e1d3c61,21832,8.5562,160
2476e476,23626,8.5589,160
79e85112,22389,8.5589,160
4e6f2d72,14133,8.5589,97
31b59fed,21691,8.5589,160
760c538e,14393,8.5589,100
65ca5c6d,14450,8.5616,100
5279f91b,18960,8.5562,100
4fef4228,20119,8.5589,100
4fae4e4e,25441,8.5616,160
5b2ae416,18849,8.5616,100
6cb4e22a,12904,8.5562,89
71987f86,16349,8.5616,112
4cf983c5,24155,8.5589,160
3cd4bebd,19043,8.5589,100
407fd418,14273,8.5589,97
b11db8f,2109,8.5616,15
7aed5897,14716,8.5616,100
1756311a,19191,8.5616,100
3947f124,20845,8.5616,100
78a86dae,6074,8.5589,1
1977485e,1904,8.5616,13
3920ba62,2314,8.5616,18
7c1664a,15000,8.5616,100
760ad6c3,24650,8.5616,160
289189e,18452,8.5589,100
4fbe5eae,12449,8.5616,84
441073a,20270,8.5616,100
11fccf7c,13959,8.5616,97
76e06fd9,13914,8.5616,97
380e5e7a,7708,8.5616,50
34718c07,14330,8.5616,97
3db75af8,20862,8.5616,100
7e762fff,15094,8.5616,100
2e12d240,16770,8.5616,100
72028fdc,20904,8.5616,100
3835f268,2205,8.5616,15
9c40dd,2208,8.5616,15
4f5a9ee6,14145,8.5616,97
294094be,21621,8.5616,160
50c479ec,12990,8.5616,89
2eccc778,25626,8.5616,160
3ef1954c,4201,8.5616,21
1624ae75,16930,8.5616,100
5c89b0e7,20170,8.5616,100
3d7bfc90,20171,8.5644,100
473fb83e,19511,8.5644,100
6a773103,13639,8.5616,84
581e82f4,14541,8.5644,100
49011f98,15280,8.5644,100
7345b0ce,16769,8.5616,100
20e9688c,15721,8.5644,100
ccc4747,12739,8.5644,84
4df06499,17492,8.5644,100
680ef20,17000,8.5644,100
51411fa9,18411,8.5644,100
136d7e29,13915,8.5644,97
78abc9c0,16764,8.5616,100
15e93eb,19662,8.5644,100
16335fed,16134,8.5644,112
58a9351e,16138,8.5644,112
20cd8414,15682,8.5644,100
68eac04,25749,8.5616,160
a4e470f,15566,8.5644,100
1bde929d,2219,8.5589,15
49e27991,11742,8.5644,74
577f58d6,15316,8.5644,100
246230b1,25524,8.5644,160
5cec6d0d,14011,8.5644,97
33495677,22551,8.5589,160
1e5d1120,16282,8.5644,112
2b0f4de2,14425,8.5644,100
14b4d98b,13866,8.5644,97
15a524a7,14845,8.5644,100
773587b5,16525,8.5644,112
6db7df84,15921,8.5644,100
1b951703,15517,8.5644,100
26679999,22319,8.5644,160
78d88262,20225,8.5616,100
7c29e29f,21803,8.5644,160
4a2439ce,21080,8.5562,100
786ec980,19145,8.5644,100
2bf672f6,24321,8.5644,160
18e84584,20859,8.5616,100
7369f51e,14370,8.5644,100
7d45003a,14368,8.5644,100
653cbca6,25995,8.5644,160
5698c6b5,14012,8.5671,97
1e7810bd,16334,8.5616,112
75aa07c9,15320,8.5671,100
3f2201e0,20132,8.5671,100
35fc21f,11781,8.5644,83
56ce469e,10713,8.5671,74
5617196d,19455,8.5671,100
79153f4e,17271,8.5671,100
4274549,23544,8.5671,160
459a4809,16748,8.5671,100
20f909e5,19663,8.5671,100
4ecba0e6,14172,8.5644,97
1ef4193e,17720,8.5644,100
20c71aa4,14732,8.5644,100
48998978,2121,8.5671,17
5bc6cc1d,19649,8.5671,100
6343ddb4,21693,8.5671,160
654513b2,19784,8.5671,100
7d4f2784,13867,8.5671,97
7999a31c,21198,8.5671,100
14523e16,21319,8.5644,100
40087ce1,16043,8.5671,112
594777ad,18634,8.5671,100
5db00806,6343,8.5671,1
6905d1ef,3342,8.5671,21
3b4ea1cb,11736,8.5671,74
222e062d,19653,8.5671,100
1b45f4ad,18416,8.5671,100
6ca2e057,18793,8.5671,100
e3a1871,14729,8.5671,100
24136aa6,12291,8.5671,84
5397c188,19691,8.5671,100
14daf8bc,20429,8.5671,100
6f810228,19721,8.5699,100
31267639,1907,8.5671,13
5cd07a14,18418,8.5699,100
1f0c662a,18458,8.5699,100
787bb7a1,20006,8.5699,100
213ecd1c,16487,8.5699,112
7a6e8129,19843,8.5699,100
253154aa,14398,8.5699,100
2a99e7a2,18457,8.5671,100
59705b10,21199,8.5699,100
7c932920,15509,8.5699,100
72fa8852,21496,8.5699,100
6a65f10a,19482,8.5699,100
5dc116a3,17109,8.5699,100
6b27ed0,18635,8.5699,100
4a6838ec,18412,8.5699,100
638d8d0f,20832,8.5699,100
45933134,20790,8.5699,100
4ce9aa33,14611,8.5699,100
1032432b,13962,8.5671,98
3c19e764,15633,8.5699,100
70d5edb1,2220,8.5699,15
5e3eb03,14256,8.5671,97
36e59f34,15853,8.5699,100
a89fb45,15166,8.5699,100
359bff78,15507,8.5699,100
564f61b1,23059,8.5699,160
54665b48,18277,8.5699,100
2f0b97d6,14060,8.5699,97
4ec71934,14886,8.5699,100
589984f5,18785,8.5699,100
6520dc6e,18541,8.5699,100
b51907a,20860,8.5699,100
1295f46c,23455,8.5699,160
263e2a48,17645,8.5671,100
a082c47,8466,8.5671,50
40e499dc,15653,8.5699,100
369c364d,10418,8.5699,72
2b7b72d,18543,8.5699,100
3149b2a4,11743,8.5699,74
6672a2af,5567,8.5671,36
2bcedc4,21468,8.5699,100
55c59d80,12894,8.5671,89
3f67caef,16739,8.5671,100
29e5d90e,10714,8.5671,74
3fc67510,21076,8.5726,155
4696c6f5,24743,8.5726,160
413c4a80,13868,8.5726,97
101660a9,20373,8.5726,100
1c74e94e,12716,8.5726,84
6c25355b,20641,8.5699,100
4f6e1a15,18409,8.5726,100
6c5e2879,2326,8.5726,18
575b8225,12991,8.5726,89
1291ea78,20201,8.5726,100
2d10e48d,19217,8.5726,100
30901cb6,18413,8.5726,100
3b51ea2b,14721,8.5726,103
260e0513,21158,8.5726,100
c90a9d3,14513,8.5671,100
3cd5715b,14065,8.5699,97
861c458,18819,8.5726,100
3d9a4b2a,19107,8.5726,100
5e916eda,14565,8.5726,100
59cf1578,2117,8.5726,15
57c68aea,15165,8.5699,100
400e66e0,18888,8.5726,100
46cb29bd,20465,8.5726,100
13f96800,11722,8.5726,74
708b214f,16014,8.5726,100
438160d8,14610,8.5726,100
3f177274,7741,8.5726,54
5c983fd4,19508,8.5726,100
4f9e52f,20187,8.5726,100
2dd12da6,25917,8.5726,160
659e0f64,6438,8.5671,1
7865ea9c,17299,8.5726,100
33fea822,16402,8.5726,112
17e60fe6,20689,8.5726,100
216d751,18069,8.5726,100
5570fc85,18644,8.5726,100
1309e1b1,18526,8.5726,100
34374509,12892,8.5726,89
c95f74a,18041,8.5726,100
afa081,2198,8.5616,15
5269f0c5,16019,8.5726,100
e318750,14222,8.5699,97
208492,22520,8.5699,160
7d7697bf,16709,8.5671,100
6004af0c,18190,8.5753,100
620dbf5b,5953,8.5753,1
668db39c,12993,8.5726,89
21d0a1d,14263,8.5671,97
2f8f1b9d,10319,8.5753,71
6a36bdaf,19938,8.5753,100
462cb85d,2197,8.5753,15
a5cc4a5,17001,8.5753,100
654e20d5,20833,8.5699,100
6e547eb3,19485,8.5753,100
39d0c317,20646,8.5753,152
66d4da47,21308,8.5753,100
720806c0,19719,8.5753,100
3fe44fd4,17974,8.5753,100
c17d0c8,17684,8.5726,100
1cbb7a32,22390,8.5753,160
93fb44,1361,8.5753,11
41249ed1,14388,8.5699,100
40d50ff3,25971,8.5753,160
72d92f2f,2221,8.5753,15
6f5e444f,25387,8.5753,160
7008cb3b,19453,8.5753,100
18cae85e,14511,8.5699,100
23510c3f,2249,8.5753,18
3e305826,22626,8.5753,160
8d70dc8,14917,8.5753,100
47909c94,21151,8.5753,100
6c8b40ad,21543,8.5753,100
5046c472,14138,8.5753,97
604f2aff,17642,8.5753,100
23786e5e,15684,8.5753,100
1540ccb4,15866,8.5726,100
73c3ef3a,19340,8.5699,100
6ac22b6f,22325,8.5699,160
a28b2f7,20540,8.5753,100
199eea6a,15882,8.5753,100
75486c5c,19830,8.5753,100
eaaa8c9,25388,8.5753,160
41da1ce1,14146,8.5753,97
2ff9730a,23485,8.5699,160
1ffaed64,15665,8.5726,100
19e5d025,17790,8.5753,100
4252df30,23354,8.5753,160
537efe8f,16047,8.5753,112
37fbb6c9,9978,8.5726,1
a83ceb,17016,8.5753,100
54d7d891,17150,8.5781,100
70f9de02,18553,8.5753,100
1ade732a,19454,8.5753,100
5b504bfe,16118,8.5726,112
31a90355,18639,8.5781,100
f9ed2ac,16315,8.5781,112
66b0a756,12989,8.5753,89
3f660fc5,17113,8.5781,100
462c10d7,21607,8.5781,100
3f5eb10c,2261,8.5781,18
5a3c3b3b,16139,8.5781,112
5cb73ba6,21152,8.5781,100
53a01fd2,15463,8.5781,100
75ac07d9,14603,8.5781,100
823ac2b,21538,8.5781,100
3f300eb1,10320,8.5753,71
5a3f68fa,2269,8.5781,18
9b2b2e0,15656,8.5753,100
1c35fec0,9548,8.5753,63
23cf2e71,23376,8.5781,160
216ea4a,5873,8.5781,43
1e2f6d5a,16170,8.5781,112
2ddf43a1,15625,8.5781,100
77394ccd,14021,8.5781,97
4248acda,14623,8.5781,100
27e84c74,19473,8.5753,100
707dc163,20227,8.5781,100
2082ce1a,20235,8.5781,100
4d1fb485,22522,8.5781,160
4ab6ef80,20472,8.5781,100
2f58914e,5568,8.5781,36
31b02b1f,17933,8.5781,100
1bb0a30,14655,8.5781,100
7c0c3f68,14618,8.5781,100
17b51346,15869,8.5781,100
27ed3a7c,17850,8.5781,100
cba6f2f,16169,8.5781,112
7e5e5e3b,19000,8.5781,100
8e0c9c1,15891,8.5781,100
3665d01c,18787,8.5781,100
6334d9e7,7044,8.5781,50
5c24c9e4,9690,8.5753,63
125436c6,19713,8.5781,100
1e770d31,12261,8.5781,84
5bc914f9,16521,8.5781,112
75871f03,13741,8.5781,97
21589d8d,7042,8.5781,50
12896d66,19833,8.5753,100
3431e483,15327,8.5753,100
323bc200,12671,8.5726,84
274c5020,5479,8.5781,37
429d15b1,19551,8.5753,100
1ba6a2d9,20469,8.5753,100
200858d2,15870,8.5781,100
6580c1a3,19321,8.5781,100
4f1a603f,25972,8.5781,160
6104a36f,14621,8.5781,100
3730dd03,12448,8.5753,84
16a320e4,19707,8.5753,100
2d0a4961,19518,8.5808,100
24fbc206,15001,8.5808,100
3a8a955,25384,8.5808,160
6046fd5a,24749,8.5781,160
7c4172f5,18645,8.5808,100
381ab9c9,15868,8.5808,100
7ebe5d9e,16284,8.5808,112
2945d33e,18811,8.5808,100
5ee4da39,19877,8.5808,100
104b2cf7,14626,8.5808,100
33ddf4dd,12651,8.5808,84
3f031d95,24222,8.5808,160
38d8e568,17508,8.5808,100
42d1fdbd,9982,8.5808,1
4095c558,8146,8.5808,50
1cb2aa8b,19537,8.5808,100
3b7af33d,20326,8.5808,100
4476a29f,12951,8.5808,89
2a27004c,14717,8.5808,100
23481171,14274,8.5808,97
4f47fd3e,17348,8.5808,100
3e54cc13,15425,8.5808,100
492fb635,21597,8.5808,100
4f43d191,2262,8.5808,18
3f9d6b4a,15871,8.5808,100
5ef0a7f1,14838,8.5808,100
27311cfe,18768,8.5808,100
17152acb,21495,8.5781,100
3257584a,13955,8.5781,97
460bbee1,13913,8.5808,97
1eca3d4c,18435,8.5808,100
12985a51,23355,8.5808,160
279906f6,18136,8.5808,100
3de17210,14223,8.5753,97
31c4415,2206,8.5753,15
54dbc599,19522,8.5808,100
289b3150,15107,8.5808,100
78d5c5c,7733,8.5808,54
187b1e21,16767,8.5808,100
486185ad,21004,8.5808,100
7e260f43,14225,8.5808,97
1f7bd07e,17162,8.5808,100
23af1ffa,15888,8.5808,100
5f314fa6,20473,8.5781,100
3f0a8011,25575,8.5808,160
608007e6,18890,8.5808,100
1b39f500,17069,8.5808,100
552bad33,12946,8.5781,89
14126fc8,1355,8.5808,11
410b5e93,24213,8.5808,160
507623b9,9659,8.5808,63
15ce3247,18082,8.5808,100
1d0447f8,15308,8.5836,100
1aef17bf,22179,8.5836,160
10b2db7,14176,8.5836,97
65337bdb,14514,8.5836,100
38f92123,7652,8.5781,50
5ab7cb02,12264,8.5836,84
38876d04,23630,8.5808,160
60b98936,15704,8.5808,100
1eaadb59,14139,8.5836,97
1e54f06f,20380,8.5836,100
7a21ec55,19343,8.5836,100
1ccd01ce,19130,8.5836,100
794d4158,20040,8.5836,100
509c2797,11719,8.5836,74
5591977e,22552,8.5836,160
6ec4595b,19450,8.5836,100
1da9ee86,19944,8.5808,100
689ffa22,14612,8.5836,100
1ab84c1b,15347,8.5836,100
7b4b21e8,17943,8.5836,100
649ff26e,20536,8.5808,100
22386398,25781,8.5836,160
70376487,18459,8.5836,100
676ede49,20470,8.5836,100
4508e72d,22320,8.5836,160
196e9b11,17079,8.5836,100
24cd78b7,15117,8.5836,100
6f9533f5,19997,8.5808,100
4ecaca99,2084,8.5836,15
7e9834d8,14179,8.5836,97
7c2b95a9,15548,8.5836,100
336c525b,20202,8.5836,100
16e6a55e,9575,8.5836,63
75a0c558,15418,8.5836,100
4aa111c0,17851,8.5836,100
6a0753e0,14104,8.5836,99
3838ef1b,12890,8.5808,89
3ba83a71,20165,8.5808,100
399387e2,20120,8.5836,100
4b7906e,21414,8.5836,100
48d1a259,17626,8.5836,100
20f58deb,5569,8.5808,36
65f330c6,20244,8.5808,100
b0da9ef,14675,8.5836,100
73fad897,14834,8.5836,100
342c76fb,17673,8.5836,100
7f6c89d6,14748,8.5836,100
3e5e3fd,22073,8.5836,160
65c170bf,21754,8.5863,160
51faf0dd,20508,8.5863,100
40da22f0,25326,8.5863,160
5b633104,17237,8.5863,100
77b5db9e,18189,8.5863,100
199f095f,14383,8.5863,100
8c3753e,21461,8.5863,100
4aea8e33,19350,8.5863,100
13dad5db,23783,8.5863,160
726ee30e,22553,8.5863,160
611712f8,15093,8.5863,100
7f1283ff,16894,8.5863,100
3a23f5cb,12547,8.5863,84
3fd01712,17021,8.5808,100
3899126f,6351,8.5863,1
660952c2,18039,8.5836,100
def3887,12454,8.5781,84
35bb30b7,20939,8.5836,100
1383c0df,18364,8.5863,100
552c7de4,15508,8.5863,100
4cb87d4d,25996,8.5863,160
2847195c,25780,8.5836,160
1710f3c1,18417,8.5863,100
3b232ca3,23412,8.5808,160
4f7c1040,20858,8.5863,100
4e4e1eca,21589,8.5863,100
276a81cb,19982,8.5836,100
5fe17d0a,15821,8.5863,100
32eee179,19899,8.5836,100
4fff13cc,6231,8.5863,1
6d1b68a4,23133,8.5863,160
42ca9b57,21162,8.5863,100
1617a729,19146,8.5863,100
21c1b754,20232,8.5863,100
17a9b580,18493,8.5863,100
12f9401,19038,8.5836,100
2aaa55e2,21083,8.5863,100
67d2cf4,14736,8.5863,100
5ca29c0e,21574,8.5863,100
21509407,15184,8.5863,100
59adc08a,21602,8.5863,100
36585dc7,15099,8.5863,100
78a1d198,19575,8.5863,100
7ed2e5ee,19201,8.5863,100
5b07b69f,21356,8.5863,100
6c9984e5,1982,8.5863,13
185b5ad4,12461,8.5836,84
714f31a4,23585,8.5863,160
179ad25c,15299,8.5863,100
3784d2e6,721,8.5863,1
75cba338,2178,8.5863,15
7d816e34,15969,8.5863,100
3cc85bea,16708,8.5863,100
2dcaad77,15634,8.5808,100
5b01995,12945,8.5863,89
733637d9,13911,8.5863,97
d5f355e,14444,8.5808,100
1c3bdf0a,20965,8.5836,100
75869097,22952,8.5863,160
70ff4303,15443,8.5863,100
32352a3a,21079,8.589,100
46b40ce7,15346,8.589,100
66fbdfc7,4358,8.589,21
7773e8e,17538,8.589,100
d9a8238,12442,8.5863,85
16e51d4b,21320,8.589,100
7050f844,17445,8.5836,100
4e6d3b8e,15322,8.589,100
173feb39,4193,8.589,21
290ea3d0,15669,8.589,100
4bf0f138,24751,8.5863,160
5e6bec6d,14543,8.589,100
797d0d65,20438,8.5863,100
11f34750,20355,8.5863,100
4dbf669d,19126,8.589,100
4c36f3c3,14202,8.589,97
5db1c905,18796,8.589,100
22b0366b,15464,8.5863,100
5673dc24,12893,8.589,89
60cec3f9,22096,8.589,160
5a4a0860,16765,8.589,100
1b9d9cc8,23486,8.589,160
4837875f,20166,8.589,100
ede081,17723,8.589,100
16aa3a6e,22536,8.589,160
61268faf,12985,8.5863,89
15dff1ab,14331,8.589,97
ceebcce,14400,8.589,100
7a59e279,14369,8.589,100
3de7ce16,18219,8.589,100
68e965f2,15096,8.589,100
7aea88,19926,8.589,100
45fb83b9,17862,8.589,100
2d193ed,23496,8.589,160
37aef3e4,22189,8.589,160
343a1c79,17773,8.5863,100
1afc14cf,14526,8.589,100
17df29f9,16204,8.589,112
191f9e14,16460,8.5863,112
596e6f00,20652,8.589,152
3d537980,18728,8.589,100
7c190818,26207,8.5836,160
9092a4f,25327,8.5863,160
532d0f32,7696,8.5863,50
36a7c47d,6333,8.589,1
1c1babc6,16116,8.589,112
3a224ebc,2202,8.5808,15
1cd9255,18638,8.589,100
9c13a3d,12906,8.589,89
4845f558,19460,8.589,100
60ba0542,15433,8.5918,100
d887c3a,13939,8.5918,97
d18af64,18137,8.5918,100
6a9074aa,20537,8.5918,100
5a30fcaf,13912,8.5918,97
1497327f,14165,8.5918,97
5c3ccc06,17858,8.589,100
35e0d60f,20863,8.5918,100
68e89198,13743,8.5918,97
45c15230,17738,8.589,100
7f27fa72,24162,8.5918,160
4cc41b37,19076,8.5918,100
608c2766,17619,8.5918,100
2f93a995,13997,8.5918,97
6fa7327f,14285,8.5918,97
489ec9cd,18962,8.589,100
3d6911f,18420,8.5918,100
2602114,14236,8.5918,97
300defcc,15687,8.5918,100
791bec0,4154,8.5918,21
e3d0f53,20940,8.589,100
66ef1778,9705,8.5918,63
51863cd3,7043,8.5918,50
526dcf76,15281,8.5918,100
d413978,19658,8.589,100
138bbb7f,19816,8.5918,100
1d49e400,17080,8.5918,100
11c66e3a,16892,8.5918,100
730b6d79,19979,8.5918,100
4f210a11,20797,8.5918,100
4baf7074,21573,8.5918,100
5316a3d,23497,8.5918,160
5bce89d9,2099,8.5918,15
2d79bf47,15366,8.5918,100
6a4f597b,13742,8.5863,97
5a53b896,17761,8.589,100
543d4163,20789,8.5918,100
34de5f24,24438,8.5836,160
24ca4c45,15350,8.589,100
631ad742,7734,8.5918,54
2d024942,13643,8.5918,84
5d12b41b,14020,8.589,97
1b73e7e2,14782,8.5918,100
6dad28ad,15097,8.5918,100
58b8429d,19459,8.5918,100
f58213a,19110,8.5918,100
10c287fd,19869,8.589,100
140a3ef0,4194,8.5918,21
42e17bf1,16316,8.589,112
10e6849c,16745,8.589,100
4865ab13,2263,8.5918,18
a5090b7,7707,8.5918,50
ea9136f,14438,8.5918,100
4b9141f4,24210,8.5918,160
6ff7ee7e,19202,8.5918,100
2a638bf7,17856,8.5945,100
195d61be,13013,8.5945,89
750d76cf,17323,8.5945,100
612c0e1f,26250,8.5945,160
27d84b3e,15823,8.5945,100
668730d0,5480,8.5945,37
3653b660,18099,8.5918,100
17263a49,22115,8.5945,160
378e0a43,15282,8.5945,100
52ea3637,18636,8.5945,100
d349d0a,12453,8.5945,84
26ffca7a,13917,8.5945,97
616400f4,15780,8.5945,110
62bcd961,18023,8.5945,100
4bc9d4f1,19050,8.5945,100
448c7f6e,17762,8.5945,100
1a02db70,21395,8.5945,100
13bd6be8,18817,8.5945,100
529fbacb,5566,8.5945,36
56ec0628,20615,8.5945,100
75f8cd91,23129,8.5945,160
53872e58,16172,8.5945,112
2b1dfdeb,18375,8.5945,100
47b43a1,19230,8.5945,100
5be9eb23,24439,8.5945,160
3210c840,19834,8.5945,100
580fd5b4,4206,8.5918,21
1cb999fb,9589,8.5945,63
4281a786,19483,8.5945,100
53b00f6f,17722,8.5918,100
7667255e,15227,8.5945,100
5063fc53,17571,8.5945,100
45d1e5,14486,8.5918,100
4f37ebfc,1973,8.5945,13
33b22ec7,18527,8.5945,100
411b9df4,15378,8.5918,100
357a91,14747,8.5945,100
4f7b9fa0,21086,8.5945,100
611fb553,17411,8.5945,100
1187da87,14539,8.5918,100
3acddbd4,21623,8.5918,160
2958c5b2,14371,8.5945,100
5548d041,7697,8.5945,50
357158e7,15095,8.5945,100
1a8dff2c,2253,8.5945,18
4eca94d2,17154,8.5945,100
2150bdec,16944,8.5945,100
1ed97f41,16964,8.5945,100
6bd88729,18437,8.5918,100
71aef284,21026,8.5945,100
55358e80,15668,8.5945,100
919d359,21550,8.5945,100
43c010,18608,8.5945,100
668ff68a,15545,8.5945,100
2f8dfefe,1911,8.5945,13
2e7cf327,18727,8.5973,100
29310359,15844,8.5945,100
5009c971,16173,8.5973,112
e6ead0a,25625,8.5973,160
2fe44c55,22187,8.5973,160
31b85a99,18848,8.589,100
5905594e,4191,8.5973,21
2278b999,17937,8.5973,100
2f73cf67,8467,8.589,50
5c6c3482,18850,8.5973,100
2f50d968,20327,8.5973,100
4883096a,22188,8.5973,160
737417e3,24750,8.5973,160
793aefea,21462,8.5973,100
993838,13992,8.5973,97
44cf0c6b,22542,8.5973,160
6d7d0603,16131,8.5945,112
1886bb9b,20553,8.5973,100
3d659a9f,13940,8.5973,97
138e7766,25544,8.5973,160
748e480d,21093,8.5918,100
1fae63ca,15185,8.5973,100
2f1e8d28,15978,8.5973,100
5d2b01c0,14538,8.5945,100
401c9162,1974,8.5973,13
fb0c3f5,15287,8.5973,100
2ad6dbd6,18681,8.5973,100
3bf61d71,16638,8.5973,120
5ba3682e,21473,8.5973,100
fd9bf,15424,8.5973,100
1c1baa03,14750,8.5973,100
178d3164,15076,8.5973,100
76c0e61,17002,8.5973,100
572fc9a3,17936,8.5945,100
291320d8,19512,8.5973,100
6819cc4b,16335,8.5945,112
1661c63d,26190,8.5973,160
3f2a6783,14890,8.5973,100
27b54c97,21326,8.5945,100
6070ebd4,16746,8.5973,100
5893bc9d,15567,8.5973,100
f0f855e,14439,8.5973,100
4659e586,16337,8.5973,112
29527b60,16526,8.5945,112
319a1059,20097,8.5973,100
6e5c32bb,19555,8.5973,100
5d607f96,12874,8.5973,89
2eb63411,12905,8.5945,89
1405c3dc,14177,8.5973,97
75fc01dd,16475,8.5973,112
2bbe4c3b,14451,8.5973,100
b8bc475,15003,8.5973,100
3437e3e1,17251,8.5918,100
7ee00d0,26205,8.5945,160
5d4e351a,25983,8.5973,160
676ce40d,22091,8.5918,160
e16cd98,17029,8.5973,100
1bf1c76e,12992,8.5973,89
3ae3f804,20133,8.5973,100
75868011,7732,8.5973,54
42f79fbf,22328,8.5973,160
49d454eb,22627,8.5973,160
71962a44,16507,8.6,112
644959af,20362,8.6,100
a2b710f,7653,8.5945,50
1abd38fe,18430,8.6,100
17bd78dd,19984,8.5973,100
7125544e,6124,8.5973,1
31219424,20054,8.6,100
7d08aa72,15286,8.5973,100
6563e89d,15918,8.6,100
5d9c8203,21070,8.6,100
1f8b278e,14178,8.6,97
6a9fcc11,19749,8.5973,100
6c828649,16384,8.5973,112
375e38b3,10373,8.5973,72
a631ac8,15836,8.6,100
63119da5,19967,8.6,100
33bc2a6b,19035,8.6,100
4c12fb5d,15062,8.6,100
345a9c58,14762,8.6,100
7287a1c0,21289,8.6,100
60204002,15546,8.6,100
599dd8ab,23489,8.6,160
3bb39748,17629,8.6,100
5beb743a,19125,8.6,100
142d4726,23631,8.6,160
766f25f1,15763,8.6,100
51c1e5a3,21622,8.6,160
510b0105,16137,8.6,112
2fe17875,20509,8.6,100
711c51d6,14848,8.6,100
202e90d5,24467,8.6,160
7e9c958e,2126,8.5973,17
7716a071,21604,8.6,100
53105c36,15765,8.6,100
76cc6b9,15351,8.6,100
1d46033f,25918,8.6,160
5f912dce,26191,8.6,160
3e541d98,22190,8.5973,160
eb13be6,13907,8.6,97
6f097d87,17041,8.6,100
42fbd4a2,15321,8.6,100
14d26e6e,21626,8.6,160
13bb0919,14733,8.5973,100
377aabac,18201,8.6,100
2b383725,20521,8.6027,100
7d44beee,9707,8.6027,63
755bea9c,16559,8.5973,112
bfffd12,12972,8.5973,89
6c19f8f1,20127,8.6,100
6bd34f45,14143,8.6027,97
2c1e8d32,21492,8.6027,100
6726aa69,14378,8.6027,100
1d86e251,20321,8.6,100
78e709cc,20128,8.6027,100
5683f6e4,15510,8.6027,100
1b60a30f,16783,8.6027,100
481d4caa,15426,8.6027,100
5e34aea,18499,8.6027,100
6f88c46c,19936,8.6027,100
37a7a3b2,2127,8.6027,17
658032cd,20538,8.6027,100
7aab908d,16205,8.6027,112
599913f4,17714,8.6027,100
3deb4450,19058,8.6027,100
1b628498,1975,8.6027,13
4d4aee4,16412,8.6027,112
15c30b39,16002,8.6,100
40acbf94,19659,8.6027,100
72ed1415,12722,8.6027,84
7da41894,17630,8.6027,100
5c263a4a,22164,8.6,160
7983aaf4,21114,8.6027,100
51316834,19008,8.6027,100
4b6683bb,15760,8.6027,100
165b42fb,21397,8.6027,100
7bc2ce10,9708,8.6027,63
31235954,18802,8.6027,100
21e86994,21392,8.6027,100
5e6c5d49,17686,8.6027,100
2c5f435e,19192,8.6027,100
126c80e5,18823,8.6027,100
768e4bcd,16560,8.6,112
7f337ef6,20585,8.6027,100
1d750c4d,20720,8.6027,100
21cf9cbf,19735,8.6027,100
4e26a57b,2110,8.6027,15
57d25bcb,12953,8.6027,89
33725b09,14570,8.6027,100
6d02e4e,16394,8.6027,112
5ba7704f,20864,8.6027,100
1e6e64f3,14189,8.6027,97
3f65de24,15670,8.6,100
38c035d8,19499,8.6,100
36807fac,9691,8.6027,63
58050f87,20351,8.6027,100
421c94be,6426,8.6027,1
3521b188,17870,8.6027,100
556c884e,14264,8.6027,97
2424ddf6,24158,8.6027,160
1df3525f,21554,8.6,100
6dfa1f51,15222,8.6027,100
556f4e97,9687,8.6,63
736e2a0e,19756,8.6027,100
5726e2a1,17439,8.6027,100
7265d121,20221,8.6027,100
50c033b0,19517,8.6027,100
6d7dae6e,21653,8.6027,160
42495ea0,21598,8.6,100
26723936,18861,8.6027,100
229a9fa2,16171,8.6,112
739675f2,17447,8.6055,100
7398ab30,18937,8.6055,100
7bac47bd,10323,8.6055,70
d3db0e5,21295,8.6055,100
4dc46d55,14619,8.6055,100
7bb39ef6,18246,8.6027,100
62bbaf92,21268,8.6055,100
6ca1fa74,18852,8.6055,100
b028d38,19413,8.6055,100
34fa74f5,20250,8.6055,100
3a984f83,26122,8.6055,160
590960fe,20560,8.6055,100
467d5daa,14663,8.6027,100
6c1be4c1,19203,8.6055,100
21c7c44c,19061,8.6055,100
59db73a0,16416,8.6055,112
1824a55d,17582,8.6055,100
4b47f6f5,12882,8.6027,89
67fb623a,20690,8.6027,100
743a584d,19034,8.6055,100
78012f2d,17415,8.6055,100
7a4515fe,23397,8.6055,160
ec1b41d,14377,8.6055,100
3297ed4d,15979,8.6055,100
439ec475,19172,8.6055,100
1126d31d,20435,8.6055,100
1244fc78,12723,8.6055,84
2beacecb,23061,8.6055,160
1fb496f8,15623,8.6027,100
2a3c5417,20941,8.6055,100
d25c476,14788,8.6055,100
38375e96,2277,8.6055,18
1a01ac30,21005,8.6055,100
65ede271,18051,8.5973,100
30f1c3e,19322,8.6055,100
4bdb7ca4,23298,8.6055,160
68fe17dd,24440,8.6055,160
6a3f27ba,17446,8.6027,100
112a382f,14734,8.6055,100
10458f2,21159,8.6055,100
195ce7f0,2089,8.6055,15
47761fe6,20016,8.6055,100
a4d1196,11773,8.6055,83
4ae6bbb0,19576,8.6055,100
6906b9d6,22326,8.6055,160
179bb061,16798,8.6055,100
7538c2a5,19354,8.6055,100
a7cdc89,20265,8.6055,100
1dcfc2da,20798,8.6055,100
56e80c19,14399,8.6055,100
7c44b83e,16973,8.6055,100
fc22dc0,23390,8.6055,160
344d480b,19057,8.6055,100
1cbab61d,21084,8.6055,100
46419726,1908,8.6055,13
2fa462c5,2210,8.6,15
43507b2c,15655,8.6055,100
554e2f9b,19112,8.6055,100
1c0d7171,18893,8.6055,100
10338a7f,14411,8.6055,100
50fa0a4e,14718,8.6055,100
74ecd53d,18663,8.6055,100
31db428,18568,8.6055,100
306306f9,22529,8.6055,160
f71b646,18267,8.6055,100
fd9759c,13935,8.6082,97
73dc571a,18414,8.6082,100
711d1ca1,20236,8.6082,100
62cd6569,23128,8.6082,160
352cf28b,25919,8.6082,160
58ac3d6d,21577,8.6082,100
6037e530,14546,8.6055,100
4959d5e5,21625,8.6055,160
6945ede7,17462,8.6082,100
5038207b,15172,8.6082,100
232ca145,22165,8.6082,160
2d2385d,18421,8.6055,100
3bac2a3f,23787,8.6082,160
3c5d2652,12455,8.6082,84
2df7e25a,18769,8.6082,100
3e743769,16115,8.6082,112
64d31f4a,19007,8.6082,100
3169ca34,20436,8.6082,100
79a9429c,14566,8.6082,100
239e0b71,16651,8.6027,100
5659ea93,15851,8.6082,100
3cceaf14,19654,8.6082,100
401bce88,20143,8.6082,100
3fdc84d5,16676,8.6082,100
6c4ac5dc,20422,8.6082,100
6b6f681,20554,8.6082,100
25b5714e,18278,8.6082,100
3bc494fe,14647,8.6082,100
66e2f256,20471,8.6082,100
60e5457f,19458,8.6082,100
5abb189a,18545,8.6082,100
540a3d82,17739,8.6082,100
4b763099,19293,8.6082,100
e9ce233,20894,8.6027,100
1724a35,16299,8.6027,112
30fed49,8468,8.6082,50
6ec3687,19330,8.6082,100
7ce42c3b,14730,8.6082,100
6fd4e270,15572,8.6082,100
5187009b,23877,8.6055,160
134d2f66,12640,8.6082,84
74f26b86,23947,8.6082,160
292a14d7,19785,8.6082,100
6125b4e0,12663,8.6027,84
1be981bd,18355,8.6082,100
7ca0771d,21627,8.6082,160
55548f2,20161,8.6082,100
491b6e0c,17463,8.6082,100
1ea8eafb,17365,8.6082,100
614f6eac,17173,8.6082,100
4e72b8af,17852,8.6082,100
5c8bc463,21586,8.6082,100
52d023b,24154,8.611,160
4d478b3e,18894,8.611,100
1f8d363c,18938,8.611,100
446152a2,20861,8.611,100
17d51fa8,14227,8.611,97
720345e9,19532,8.611,100
2b9ac0a9,18198,8.611,100
1ccee500,14846,8.611,100
5d503f30,20251,8.611,100
136a827a,15654,8.611,100
cca1930,22254,8.6082,160
71280f88,14127,8.611,97
2d5d1722,15686,8.611,100
6ae329a1,14126,8.611,97
36bcbe54,16119,8.6082,112
319d8f78,18223,8.611,100
5b195c6f,19541,8.611,100
7d9a344,14192,8.611,97
3edfc13f,19002,8.611,100
4278409a,19128,8.611,100
31a5c755,20621,8.611,100
6238912b,19059,8.611,100
7593e2cb,18824,8.611,100
2831cdab,8140,8.6082,50
463a2ff1,20541,8.611,100
28cd24a7,18191,8.611,100
374dc184,17513,8.611,100
11daaf8f,5874,8.611,43
3720748a,19232,8.611,100
760986d5,20044,8.611,100
41ec82da,23410,8.6082,160
76302a58,16787,8.611,100
2f913871,19862,8.611,100
3c59140e,18924,8.611,100
6b734cdb,21493,8.6027,100
5fc3e11b,17677,8.611,100
17453ec0,19111,8.611,100
6546fb18,2258,8.611,18
43b20571,14226,8.6082,97
470e1e80,15118,8.611,100
32568c48,18233,8.611,100
5a8df60a,20353,8.6082,100
72dd6820,17338,8.611,100
2091d358,17934,8.611,100
73dbc3b6,6427,8.6082,1
75e92549,15892,8.611,100
292795cc,19734,8.611,100
6c6ccfbc,14106,8.611,97
42c9ca7a,16140,8.6082,112
6f2277e6,17114,8.611,100
535dd426,16011,8.6082,100
59c6f0de,26192,8.611,160
55507b86,19927,8.611,100
29b1ab8d,16141,8.611,112
1470b679,18816,8.611,100
7a5ef429,17334,8.611,100
2c043caf,12650,8.6082,84
84d0761,21474,8.611,100
63b61d14,19370,8.611,100
35826d27,22391,8.6137,160
191fbb6f,9703,8.6137,63
146debd9,19952,8.6137,100
19014cbf,19562,8.6137,100
7539a831,15105,8.6137,100
791726f1,15427,8.6137,100
1db73e7f,16298,8.6137,112
66ff3d33,15685,8.6137,100
7508f1e7,14921,8.6137,100
35687119,17115,8.6137,100
1108f50d,20591,8.6137,100
e0144ba,17328,8.611,100
3cb40b54,16296,8.6137,112
4a225562,18100,8.6137,100
6d0faba7,25317,8.6137,160
1cd461b6,15897,8.6137,100
18f4d202,18141,8.6137,100
6614c520,19457,8.6137,100
48694e3,15932,8.6137,100
5c574854,14516,8.6137,100
63315bb9,14105,8.6137,99
5debf11f,14000,8.6137,97
6d7a47cd,13934,8.611,97
b09b7de,21472,8.6137,100
620cc995,16956,8.6137,100
60edbfc2,15550,8.6137,100
5f16d83d,19486,8.611,100
19e73346,12462,8.6137,84
1d23018e,13953,8.6082,97
103dbe47,19078,8.6137,100
79835b4d,16749,8.6137,100
10dc14ff,19513,8.6137,100
595e2a38,18691,8.6137,100
5c746fec,20946,8.6137,100
21463da3,18047,8.6137,100
427c53f5,17873,8.6137,100
6a5bbe68,16480,8.6137,112
463e24,21442,8.611,100
152fb7c0,11720,8.6137,74
73cd16d4,15744,8.6137,100
5943be3,20012,8.6137,100
25d7235f,12947,8.6137,89
12c86173,19449,8.611,100
7a31455d,13993,8.6137,97
5ede22db,16404,8.611,112
420f2f84,14604,8.6164,100
78fa1e29,19980,8.6164,100
139d0d4f,19871,8.6137,100
6376a9cc,17857,8.6164,100
5ae3da5f,22321,8.6164,160
4c919783,19344,8.6164,100
6890d32a,17286,8.611,100
7759e29a,20396,8.6137,100
cd57e4b,17174,8.6164,100
3fdda013,21174,8.6164,100
5a3b9ed4,15285,8.6164,100
1ad6379f,14895,8.6164,100
22a35b6d,26123,8.6164,160
4cf364da,11796,8.6164,83
5a34e54,6155,8.6164,1
3e8ad0a,17149,8.6164,100
28a90827,15549,8.6164,100
1069466c,21628,8.6164,160
f276bdb,23792,8.6164,160
4c16180a,22743,8.6164,160
9219a37,17663,8.6164,100
2d8c77bd,22238,8.6164,160
49e117c8,17871,8.6164,100
259f0a1,19796,8.6164,100
2969c6e3,21590,8.611,100
73e9bf84,18692,8.6164,100
47a46b91,14107,8.6137,97
6ba7bfa,24174,8.6164,160
6183eb10,20365,8.6137,100
6de46dc2,15583,8.6164,100
5f287d3b,14654,8.6164,100
47e92185,15169,8.6164,100
3b346dac,20870,8.6164,100
6e04b49b,19243,8.6164,100
10211920,15422,8.6164,100
1eb7d94,14542,8.6164,100
cfc7fba,19897,8.6164,100
14bd2a84,17227,8.6137,100
5fd6e4e4,8141,8.6164,50
47260e27,20643,8.611,100
2803467a,10712,8.6137,74
17436a97,14190,8.6164,97
28c8b8d6,12457,8.6164,84
55dc5e41,22289,8.6164,160
3d4571da,19669,8.6164,100
4ae50763,17745,8.6164,100
278608e1,20045,8.6164,100
109f7406,20047,8.6164,100
6c21c6e,15732,8.6164,100
7917439b,25527,8.6164,184
16976928,21500,8.6137,100
647ecdca,17017,8.6164,100
73a810a4,15741,8.6164,100
187c7593,16659,8.6164,100
ecb3b9e,19212,8.6164,100
1cc9a710,15223,8.6164,100
2f57a91d,19074,8.6164,100
41b0917d,16771,8.6192,100
547c9189,14849,8.6164,100
3bc5753,16177,8.6192,112
529c8113,20616,8.6164,100
4011c51c,25924,8.6137,160
44352995,18830,8.6192,100
70d1e44e,21085,8.6164,100
2ab359ff,18362,8.6192,100
113623c8,16160,8.6192,112
2794bce4,20242,8.6164,100
6c33a5f9,2169,8.6192,15
166fded9,20664,8.6192,152
366787bf,16279,8.6192,112
34167e0b,18462,8.6164,100
40a0666a,23627,8.6192,160
28d1f1b1,20885,8.6192,100
2201d16b,20046,8.6192,100
25e00506,19529,8.6192,100
66b0b4e6,25894,8.6192,160
177ec3d9,15379,8.6192,100
414b9df8,23311,8.6192,160
6d6d8633,14731,8.6192,100
480076ad,22074,8.6164,160
2bf4fccf,16012,8.6192,100
607b1e88,20617,8.6192,100
36cd0014,21428,8.6192,100
6a559b2c,9706,8.6192,63
379054e0,20293,8.6164,100
7ceee9a1,20607,8.6164,100
70707077,12265,8.6192,84
2e6303cd,16476,8.6192,112
1b6165b5,19894,8.6192,100
10c92499,16142,8.6192,112
28e9dd6e,22287,8.6192,160
63491d3f,14201,8.6192,97
550207f0,10083,8.6192,1
48c81316,10107,8.6164,67
455e8c28,22166,8.6192,160
1cea85f6,15673,8.6192,100
5b8efbf8,21630,8.6192,160
3761c3b1,18825,8.6192,100
72197f2a,25442,8.6164,160
4397828d,21467,8.6192,100
555e1020,21255,8.6192,100
5a9137d3,20233,8.6192,100
304c5422,26009,8.6137,160
b1a6a3c,2043,8.6219,15
325f4ca5,23646,8.6219,160
b0695eb,17366,8.6219,100
5b0b7092,20055,8.6219,100
74fafdec,19534,8.6192,100
2ce932c5,14471,8.6219,100
649b6999,21466,8.6164,100
5b0d012c,15931,8.6219,100
78bb823c,25528,8.6219,184
1da1f8f4,4159,8.6219,21
22c99d78,16025,8.6219,100
11fefc6c,16784,8.6219,100
3570360d,22888,8.6219,160
27840e0f,18372,8.6219,100
49c865da,18646,8.6192,100
2f33fd13,17697,8.6219,100
1b4766a6,20792,8.6219,100
2f1b9d31,21539,8.6219,100
683ccc2d,17416,8.6219,100
ca92e50,19998,8.6192,100
406e0cf0,15116,8.6192,100
59de525a,17412,8.6219,100
1c34f7b7,1362,8.6219,11
1658a75e,17136,8.6219,100
26330be3,18419,8.6219,100
6e12bd5,16143,8.6219,112
3dd3fdf1,19935,8.6219,100
532db3f,19757,8.6192,100
6ee2cf42,20060,8.6219,100
24a2e1db,12883,8.6219,89
5030bd6e,18902,8.6219,100
4fca298,15632,8.6219,100
5f009b3e,13014,8.6219,89
7d9ed95a,17131,8.6219,100
6b170848,16527,8.6219,112
57e8174,20725,8.6219,100
50f08778,21297,8.6219,100
b722f33,2227,8.6219,15
2d630e,20255,8.6219,100
7129275e,9688,8.6219,63
41e8b353,18992,8.6192,100
25b6b544,21160,8.6219,100
3fa71d76,15192,8.6192,100
54792c9f,23793,8.6219,160
6cd2e299,15069,8.6219,100
7cde76d2,20474,8.6164,100
3de9ad47,17139,8.6219,100
7b158892,17392,8.6219,100
4614bb2a,19254,8.6219,100
66954ebb,16350,8.6219,112
1d28beda,6086,8.6219,1
124f234b,20542,8.6192,100
45c97888,16742,8.6219,100
965061c,16336,8.6219,112
5163b784,14613,8.6192,100
3add8398,24175,8.6219,160
34deb173,17370,8.6219,100
15aa0412,17030,8.6219,100
5b5005ac,16766,8.6219,100
4bd722eb,19835,8.6219,100
59b94eb4,21267,8.6219,100
faed758,13910,8.6219,97
4e3aaaf7,23958,8.6219,160
bf5adb6,20372,8.6219,100
487714b1,5484,8.6219,37
182a9e92,20523,8.6219,100
4329a5e4,19448,8.6192,100
61478ed8,19836,8.6219,100
7a31ed15,18358,8.6219,100
5c8f77f8,20898,8.6192,100
109dbcf5,21757,8.6219,160
4d71c170,19895,8.6247,100
7a2211d9,15636,8.6247,100
385dc48e,21253,8.6247,100
1fca54ca,15385,8.6247,100
624d39d2,21748,8.6247,160
21741eaa,19244,8.6247,100
775bc7be,21579,8.6247,100
3a7ab19b,23564,8.6247,160
31728caf,15734,8.6219,100
68a49c26,13019,8.6219,89
30f24565,10327,8.6219,70
19bd12f2,22329,8.6247,160
76248e37,16149,8.6247,112
539663a8,19799,8.6219,100
71edcdd2,19196,8.6247,100
4ed1fbe1,17975,8.6247,100
518d8ed0,20374,8.6247,100
40f7701a,21605,8.6247,100
e6219f9,21755,8.6219,160
366b9f,22525,8.6247,160
52311898,14887,8.6247,100
32daaa55,15733,8.6247,100
2d466281,15106,8.6247,100
1e1f8e25,19046,8.6247,100
44b0b0a6,20748,8.6247,100
235f2267,16498,8.6219,112
3d930ee7,18078,8.6247,100
5f9fc1d6,2044,8.6247,15
20f99f6,16660,8.6219,100
1eeb7f03,18354,8.6247,100
44fd2aa3,16979,8.6219,100
61bcf0ed,18546,8.6247,100
7b91bf6,14066,8.6219,97
408c0c7d,14907,8.6247,100
73c03eb7,14440,8.6219,100
5da7008,19890,8.6219,100
28dfea22,18199,8.6247,100
2ee25c4c,20886,8.6219,100
e2d4209,17171,8.6247,100
58a139f4,18770,8.6247,100
38328233,15352,8.6247,100
f784638,16207,8.6219,112
33c47ba7,18200,8.6219,100
bfc3943,19913,8.6247,100
2101da5f,20522,8.6247,100
571d5adc,19559,8.6247,100
622a752,17668,8.6247,100
4ba66828,12884,8.6247,89
5b2f2bb8,23700,8.6247,160
12b1e0ff,23586,8.6247,160
665951bb,17252,8.6247,100
4d52d3eb,19956,8.6247,100
60b1924b,16895,8.6219,100
75526215,25569,8.6247,160
3cfcb9ad,15386,8.6247,100
d4db3bf,19418,8.6247,100
2f1d2b45,16488,8.6192,112
3e57394,19530,8.6247,100
10a5c548,24225,8.6247,160
65c1fb37,14278,8.6247,97
5716c7b,3343,8.6247,21
4a6acf06,17863,8.6219,100
43f02893,19382,8.6247,100
6ba19aaa,14410,8.6247,100
1d3dcaa,15970,8.6247,100
cb5058f,19552,8.6247,100
f4f6a5f,13994,8.6219,97
4db96f95,17763,8.6247,100
3360c781,24159,8.6247,160
2a2ad842,18460,8.6247,100
35037721,20010,8.6247,100
416aee4c,20722,8.6219,100
4729f433,17170,8.6219,100
3b3ddc5c,18826,8.6247,100
15290e65,20698,8.6274,100
3a79a02,19218,8.6274,100
5ab500f2,17760,8.6274,100
b276e29,18963,8.6274,100
4a126c8c,14423,8.6274,100
5ead9c2d,15428,8.6274,100
3aafbbb,13007,8.6274,89
3c621646,17013,8.6274,100
c8461c5,15283,8.6274,100
799084ed,14839,8.6274,100
6ad99bdb,16893,8.6192,100
462570e0,12458,8.6247,84
6900aba8,14656,8.6274,100
27d34bf6,18609,8.6274,100
507413,25750,8.6274,160
3bc2203d,20602,8.6247,100
3f0b91c9,17081,8.6274,100
43329fd7,20966,8.6247,100
1d630ac,2085,8.6247,15
638f4a24,22523,8.6274,160
11e1fa6,18048,8.6274,100
739c2fa,15317,8.6274,100
4ab8a260,17037,8.6274,100
16ea1a59,19277,8.6247,100
a21db9e,16044,8.6274,112
1ff02920,15671,8.6274,100
7cf4f043,20146,8.6274,100
58c1865,18542,8.6274,100
6b091c71,18070,8.6274,100
2d77eb9b,1977,8.6274,13
298e2880,25526,8.6274,160
2b8b3ba,20013,8.6274,100
21f1cd08,21833,8.6274,160
33c8c19e,16719,8.6274,100
6bda354f,26279,8.6274,160
2c387eed,24226,8.6274,160
38e7fef,12675,8.6274,84
76bf9a31,14412,8.6274,100
4930524b,13936,8.6247,97
4c75a9e4,25328,8.6274,160
23d56991,12652,8.6274,84
53540b03,19016,8.6274,100
59b07d4a,2251,8.6274,18
38ebd511,21112,8.6247,100
5d11cfb4,23295,8.6274,160
7feec331,12897,8.6274,89
307aba7c,20874,8.6274,100
4440f1a0,16683,8.6274,100
4385b363,16469,8.6274,112
1985cc74,13909,8.6247,97
7f20d108,12920,8.6274,89
1aec3dca,12456,8.6247,84
66470328,14605,8.6274,100
749c9b5f,17321,8.6247,100
434d0fd4,21254,8.6247,100
3a1c2e24,21262,8.6247,100
41e546c0,14892,8.6274,100
6fa506a9,15466,8.6274,100
51b37bc0,14549,8.6274,100
7a2bfd8d,18423,8.6274,100
219d91e2,18422,8.6247,100
4aa51057,23891,8.6274,160
820fb8,16639,8.6301,120
25605db0,18202,8.6274,100
683fca7f,14459,8.6301,100
6a32c9b4,12979,8.6301,89
a7a4887,15194,8.6274,100
1a9579bf,14595,8.6301,100
3d3f2a80,17337,8.6301,100
1dad90cf,19656,8.6301,100
3799d345,16474,8.6301,112
2bc5736a,21161,8.6301,100
732328e5,14851,8.6301,100
d5299ec,23632,8.6301,160
40201d73,17063,8.6301,100
42caffbf,12676,8.6301,84
665a64c,20642,8.6301,100
6bbdbc9,18895,8.6301,100
6cb5affb,23226,8.6301,160
791782d5,16976,8.6274,100
526b1c7d,22530,8.6274,160
a56e06a,2211,8.6301,15
4bdd5cac,15153,8.6301,100
e197e28,17413,8.6301,100
49b1362,19127,8.6301,100
3973e62b,17689,8.6301,100
6b966a9e,13932,8.6301,97
18eae595,9604,8.6274,63
5d47209e,20207,8.6274,100
11b3857,24219,8.6301,160
68f65bc6,15369,8.6301,100
c51d596,25529,8.6247,184
54d08dcb,24211,8.6301,160
d51036c,19900,8.6301,100
5723516b,16952,8.6301,100
5c163dc0,25802,8.6301,160
555cd37c,15883,8.6301,100
532b2c9,18220,8.6301,100
4c35a2a1,25987,8.6301,160
7d8b60,19036,8.6301,100
4d183a0d,21429,8.6301,100
7e6cc7e1,15998,8.6301,100
6ed8861f,16753,8.6301,100
292362f,18044,8.6301,100
ed6bc22,15309,8.6301,100
161d21d6,14244,8.6329,97
75b0342b,13998,8.6329,97
3fd8f3b5,18138,8.6329,100
3cdfa574,20397,8.6329,100
2fefdf8e,4188,8.6329,21
146351fd,23134,8.6329,160
6b0fd136,16265,8.6329,112
2aba2d26,19831,8.6329,100
7b789450,15370,8.6329,100
759ade7b,21624,8.6329,160
4c692265,16723,8.6329,100
6009279f,14659,8.6329,100
1b21f5a5,19953,8.6329,100
24c43885,18269,8.6329,100
33111f66,20665,8.6329,152
78e5360,19014,8.6301,100
2e12b9d1,25570,8.6329,160
3a8afd6b,19012,8.6329,100
3f8ffaaf,18279,8.6274,100
4aefab6d,9704,8.6329,63
71085fd0,17153,8.6329,100
1c84853f,17306,8.6329,100
5c1e5e82,21113,8.6301,100
6b1d32af,22532,8.6329,160
585816c3,20273,8.6329,100
60cddd8a,8469,8.6329,50
372d74b,16974,8.6301,100
4e09655f,14008,8.6329,97
4c03be7b,17228,8.6329,100
54f55736,20723,8.6329,100
ad50e21,26092,8.6301,160
5a5af1af,20256,8.6329,100
5ffc5426,19911,8.6301,100
e5dc9c4,7706,8.6329,50
70ef63de,19655,8.6329,100
7d3523e5,2259,8.6329,18
40d50501,21606,8.6329,100
2026f736,17747,8.6329,100
29123d97,20731,8.6329,100
2b5c817f,20835,8.6329,100
7f22a5fa,15170,8.6329,100
17375a12,15514,8.6329,100
3f9085,20555,8.6329,100
4fa7be84,19060,8.6329,100
594d401,21205,8.6301,100
25c0dfff,5482,8.6329,37
80ae69f,19213,8.6247,100
744df4a3,17926,8.6329,100
f484859,18106,8.6301,100
38d69d68,12959,8.6301,89
6ec3730,21201,8.6329,100
25703f35,14452,8.6329,100
7a911b1a,20393,8.6329,100
4eb3645f,16720,8.6329,100
61620007,23131,8.6356,160
6d0feac,17494,8.6329,100
22fde0d4,18547,8.6356,100
50c6765a,18463,8.6356,100
2155367d,20905,8.6329,100
20f18965,13011,8.6356,89
abd4449,17584,8.6356,100
7f68647e,16180,8.6356,112
6d4726ef,17332,8.6356,100
31a14051,20947,8.6356,100
ed0e9bb,20747,8.6301,100
6bed0c2,17617,8.6356,100
2a28dbd1,14048,8.6356,97
3753b29e,16977,8.6356,100
7e8ce025,4117,8.6356,21
7798437e,9586,8.6356,63
2fa3792a,18601,8.6356,100
7d0a58f,18346,8.6356,100
6bca10f7,16951,8.6329,100
725e5863,12957,8.6356,89
215fa4b9,14789,8.6356,100
47e866e5,2232,8.6356,15
45164f4a,12292,8.6356,84
7e60a2b7,17198,8.6329,100
7e7d7058,18118,8.6329,100
7aa6fe3c,15568,8.6329,100
d3d923d,16785,8.6356,100
48103626,14442,8.6329,100
7633fc37,20246,8.6301,100
63d9bd19,19333,8.6329,100
2e43f840,21491,8.6356,100
4f0e3bcf,13999,8.6329,97
2635a45d,11793,8.6356,83
8aaf4f7,2278,8.6356,18
399a8c5a,16725,8.6356,100
3c394ae,12908,8.6356,91
40290e0,19809,8.6356,100
77408e5,14191,8.6329,97
c68431a,2218,8.6329,15
533a132c,16311,8.6356,112
3eafad4d,22524,8.6356,160
19bba95d,15624,8.6356,100
570559e3,21204,8.6356,100
54a5835c,24322,8.6356,160
17a38940,20360,8.6356,100
53162ba8,14484,8.6356,100
2ea1ba68,19945,8.6356,100
56667383,15824,8.6356,100
1cfcad92,23950,8.6356,160
79e32fe5,2282,8.6356,18
4d65166,23377,8.6356,160
52ba6113,19916,8.6356,100
2b53c6eb,14292,8.6384,97
5951cd33,15845,8.6384,100
4baf5863,18415,8.6384,100
7d446d11,20675,8.6329,100
7c773953,17300,8.6384,100
62719e63,23949,8.6384,160
1ec5d973,14462,8.6356,100
49a6cca8,15124,8.6384,100
78fbf9bf,20871,8.6356,100
5eddc493,14063,8.6384,97
26092f54,2231,8.6384,15
63713767,17586,8.6384,100
1c4d642d,16710,8.6356,100
3b5c501a,18689,8.6384,100
3afa2a3c,17675,8.6384,100
5440abaa,18853,8.6384,100
3ee0644a,12909,8.6384,91
49fb03b7,21116,8.6384,100
10fe5612,25576,8.6384,160
27f0aeb4,23878,8.6384,160
41b2a25c,23879,8.6384,160
7c4d4c14,23062,8.6384,160
405227a5,21835,8.6384,160
6d3a0e91,19233,8.6384,100
f168be2,23519,8.6356,160
5be2681e,2228,8.6384,15
4d59a29a,13963,8.6356,98
70aa7326,15852,8.6384,100
4b58af4a,17205,8.6384,100
3b28ca7,19278,8.6356,100
6d09538e,17585,8.6301,100
3ffa339,12914,8.6384,89
20efc323,16413,8.6384,112
2ec30a8b,21327,8.6384,100
9e04df2,21115,8.6384,100
39037c40,2284,8.6356,18
479be632,23778,8.6384,160
19b3d339,20545,8.6384,100
742dbd6d,18343,8.6384,100
29257b07,15004,8.6384,100
6dc996fb,19857,8.6384,100
2f9215d6,17690,8.6356,100
dd19d18,24156,8.6384,160
103a39a9,14864,8.6384,100
156340e6,19939,8.6384,100
12ce7368,23892,8.6329,160
2dcdf842,17935,8.6384,100
2c7589be,15193,8.6356,100
231e98a6,14632,8.6384,100
42aafa9e,23880,8.6384,160
3fcaa564,18043,8.6384,100
50e8dd88,10381,8.6329,72
670561,18831,8.6384,100
7103f82,16754,8.6384,100
df44aa,18991,8.6384,100
7de4d0b7,20312,8.6384,100
57d327bf,17774,8.6384,100
423859d1,9549,8.6384,63
7a4c00fa,23893,8.6384,160
744c21ce,19817,8.6384,100
ccf10d,20447,8.6384,100
4eecd074,20593,8.6384,100
4e1afea9,16726,8.6384,100
54cb6c40,19538,8.6356,100
3368ab4d,20605,8.6384,100
1b2fb224,22331,8.6384,160
259e85e,16945,8.6384,100
1b48590f,19047,8.6384,100
d7f3d39,17239,8.6384,100
7b3bcd18,17696,8.6384,100
1de3eec9,20592,8.6384,100
50b5ee33,25629,8.6384,160
24d787e9,14633,8.6356,100
121cd66,22288,8.6384,160
50d383d9,18139,8.6384,100
3b6fe2d,14578,8.6384,100
7c8d4c1e,17633,8.6384,100
647d74a9,20660,8.6384,152
2f279c9d,16684,8.6384,100
4c48f79b,18921,8.6384,100
6b38dfbd,18342,8.6356,100
5fcb1361,17945,8.6384,100
49b0493a,17711,8.6411,100
4667b499,14477,8.6411,100
4e5b3f87,16120,8.6411,114
6b8f5edf,18557,8.6411,100
6cd808d4,20430,8.6411,100
276a75ec,24616,8.6411,160
5de8f342,18993,8.6411,100
4b6f9d4,16489,8.6411,112
5c52dee4,17664,8.6411,100
4dba0a17,20313,8.6411,100
3483bbaa,23198,8.6411,160
610825dc,19279,8.6411,100
1539e904,18054,8.6411,100
9d64994,14865,8.6411,100
5f56b0b9,23458,8.6411,160
42a1f3f6,15520,8.6411,100
622708bb,1356,8.6411,11
388cbc32,13863,8.6411,97
523500e2,12641,8.6411,84
e302749,21263,8.6411,100
1fc66711,25984,8.6356,160
45fed682,17620,8.6411,100
111dff9d,5854,8.6384,42
201f2fdc,23060,8.6384,160
184e9f23,11732,8.6411,74
5b67884e,24333,8.6411,160
6206aed8,20188,8.6411,100
b705877,16470,8.6411,112
4ed4a366,17349,8.6411,100
7d2d36f8,14922,8.6411,100
117609f9,15126,8.6384,100
46d10561,14515,8.6411,100
78c4af08,23314,8.6411,160
5d64db9b,20800,8.6411,100
2d75514e,18806,8.6411,100
750e2169,20828,8.6411,100
288e9ed4,22255,8.6384,160
39fb38ee,17944,8.6384,100
18e3c7e9,20439,8.6411,100
35c3f102,9979,8.6411,1
56d73399,18891,8.6411,100
74d4d60a,26280,8.6384,160
51aff72c,18907,8.6411,100
317389bf,20144,8.6411,100
37a9ccf7,23398,8.6411,160
532ee2e1,24493,8.6356,160
75ff96e6,18664,8.6411,100
ac9b91,17098,8.6384,100
588d6a60,2179,8.6438,15
76b5f0ca,12653,8.6438,84
5ba6a1d2,16522,8.6411,112
22910025,19651,8.6438,100
171250a0,19314,8.6438,100
1d52119b,14728,8.6438,100
11fcb07d,14243,8.6411,97
48963128,23130,8.6438,160
4abe649b,19567,8.6384,100
26d0b1d9,16509,8.6438,112
cea0d0e,18604,8.6438,100
557a68f9,25389,8.6438,160
2b48e846,23788,8.6411,160
78e13bb6,23633,8.6438,160
1874af3,21585,8.6438,100
227a7d63,14840,8.6438,100
7e24865f,19550,8.6438,100
fe92ea6,24449,8.6438,160
34822d7a,16508,8.6329,112
45e2cfec,17070,8.6438,100
59f43e2c,14441,8.6438,100
7cb83195,15348,8.6438,100
f4acdac,2128,8.6438,17
2f760c41,6232,8.6438,1
45c97bf9,14866,8.6438,100
3db43832,14449,8.6438,100
3d8288,14519,8.6438,100
4c407384,11733,8.6438,74
1fb692ca,15843,8.6438,100
112e2476,11744,8.6438,74
ecff3f3,10431,8.6438,72
1962b49f,18899,8.6438,100
d47fbc9,23399,8.6438,160
6182112b,17110,8.6356,100
4a89ef13,16206,8.6438,112
2cc13a3e,13008,8.6438,89
2ae46fa0,18528,8.6438,100
184f5086,18079,8.6438,100
69b501ed,15423,8.6438,100
6cc18abf,20791,8.6438,100
65d161e8,23789,8.6438,160
7f8c6b4,16161,8.6438,112
468305cf,21581,8.6438,100
745eaf5c,11794,8.6384,83
1f25974a,12678,8.6411,84
26f7ebd2,18556,8.6438,100
4042623a,23959,8.6438,160
48c700c5,21422,8.6438,100
94ba20f,21440,8.6438,100
57b87394,17797,8.6438,100
4e08abca,12958,8.6438,89
3eb94be6,26236,8.6438,160
6ab6cde4,25530,8.6438,184
7e0637f5,26282,8.6466,160
755b8504,23067,8.6466,160
1490632,14634,8.6466,100
5d4c3212,19808,8.6466,100
123a0fd1,14205,8.6466,97
3b60db37,14861,8.6384,100
725132ff,15672,8.6466,100
4e314205,15586,8.6466,100
4928e73b,16966,8.6466,100
cb79895,18820,8.6466,100
31334357,24218,8.6438,160
4a0e4944,18897,8.6466,100
3df1fecd,15082,8.6466,100
546b3dcf,15318,8.6466,100
e6b1b6a,14413,8.6466,100
3ea84902,25049,8.6466,160
6250376e,13002,8.6466,89
152a9c7b,17022,8.6466,100
2dd6a3f3,24176,8.6466,160
1bbc78dd,17368,8.6438,100
7bb05d68,18946,8.6466,100
72cfb45,18290,8.6466,100
56b9c0ff,17229,8.6466,100
4624669f,12677,8.6466,84
2e41a3e4,21512,8.6466,100
2757c128,24163,8.6466,160
4741f054,16300,8.6466,112
19a5930,17351,8.6466,100
566928a2,20314,8.6438,100
223476bd,23794,8.6466,160
2baaeff9,19999,8.6466,100
50d7e76c,8470,8.6438,50
499032df,16741,8.6438,100
11ba8e9,19373,8.6466,100
1bb7e9,21807,8.6466,160
6f18cc01,17750,8.6466,100
27d60df7,14520,8.6466,100
7b56a504,23358,8.6438,160
26aff178,16686,8.6466,100
f7e4968,25206,8.6466,160
18d054c5,23643,8.6466,160
5660bc5e,21074,8.6438,100
559549a8,20658,8.6466,152
f1da3db,15657,8.6466,100
72559e59,16772,8.6466,100
65acc346,16523,8.6466,112
68399aaa,20354,8.6438,100
3be859bf,26193,8.6466,160
59092662,24223,8.6466,160
21bb7a4,19045,8.6438,100
770cc4c,15419,8.6384,100
2958cfc0,12661,8.6438,84
2338eac2,23456,8.6438,160
5a647abb,19943,8.6438,100
4ace6da3,25208,8.6438,160
5bcf262,19351,8.6438,100
4b5dda1a,20948,8.6466,100
1da3c9af,17939,8.6466,100
5f51ed3d,18308,8.6466,100
645a9ce4,14414,8.6466,100
2f575749,17003,8.6466,100
77db0196,20398,8.6466,100
561f51ba,2283,8.6466,18
6f858daf,16667,8.6466,100
4a2d074f,15180,8.6466,100
5fd5fc5c,23797,8.6466,160
73ebe49d,10702,8.6466,74
3040e7ba,18695,8.6438,100
75c4d3da,13945,8.6493,97
62b2a08c,2118,8.6493,17
30386f7f,20527,8.6493,100
499df9e0,21259,8.6493,100
4ed16f4b,13918,8.6493,97
791b3c1c,14276,8.6438,97
479c0334,20606,8.6493,100
30dd7d8b,26206,8.6493,160
7533f7ec,12680,8.6493,84
161ed4df,18926,8.6493,100
5568ce8a,19456,8.6466,100
724ae2b0,14660,8.6493,100
2920e857,19901,8.6466,100
43c6e608,17289,8.6438,100
50c97c64,21477,8.6493,100
75335baf,21258,8.6493,100
5bff670e,17853,8.6493,100
2ffd2cdf,5483,8.6493,37
344c5f18,21441,8.6493,100
5b4d841d,15698,8.6493,100
7baa5f6d,14888,8.6493,100
3df71f13,23068,8.6493,160
6b95232a,20018,8.6493,149
5ccf2f29,22021,8.6493,160
75b742ea,19966,8.6493,100
70bdc4c8,15764,8.6493,100
125ec8b9,21576,8.6493,100
32f33586,6047,8.6493,1
1760f296,22323,8.6493,160
580f5282,2345,8.6493,18
460a46cf,12977,8.6466,89
6e228993,18771,8.6493,100
6d7e048d,18268,8.6493,100
7d1aaff6,10324,8.6493,70
5fa37995,24012,8.6493,160
4b0b7090,15448,8.6493,100
564c5f10,20644,8.6493,152
7e813f30,22327,8.6493,160
3aaa8ea4,18221,8.6493,100
2ab5f691,19242,8.6493,100
ce043c4,18055,8.6493,100
1eb58808,18359,8.6466,100
16f8d06e,18892,8.6493,100
69ba4c51,17872,8.6493,100
4a987ea,10106,8.6493,67
70b306c,16724,8.6493,100
20f4f62,15506,8.6493,100
3da5d99f,19947,8.6493,100
304872e3,19129,8.6466,100
b2b787f,14281,8.6493,97
55fda126,16338,8.6493,112
2df180a4,12654,8.6493,84
5edd3093,16386,8.6438,112
e6543b7,21608,8.6466,100
362937cc,16786,8.6466,100
177c650d,2280,8.6466,18
201286d9,732,8.6493,1
4ce1197,18696,8.6493,100
631feda0,15640,8.6493,100
7b26d195,21092,8.6466,100
4c7ee0f8,26281,8.6493,160
f0687f1,12664,8.6521,84
3b16ec86,14622,8.6493,100
4f2000da,20793,8.6521,100
2c7dad2,21751,8.6521,160
39c5ec74,14206,8.6521,97
353b4516,25921,8.6493,160
7a52a5bb,12995,8.6521,89
467fe169,21200,8.6521,100
50cf139e,24172,8.6521,160
3fb3ef64,19375,8.6521,100
50a3fa54,23296,8.6521,160
69ee3d80,15288,8.6493,100
411590c0,23795,8.6493,160
2c8fce01,19542,8.6521,100
1452310,9692,8.6521,63
61fd9f49,14049,8.6521,97
452f8016,15375,8.6521,100
2e43b878,19385,8.6521,100
36d9920d,25207,8.6493,160
562d5c6c,11738,8.6521,74
40ff9a27,19861,8.6521,100
73b9131f,18461,8.6521,100
651eaea9,20517,8.6521,100
4d74ad42,18253,8.6521,100
61a9c8c,20694,8.6521,100
1fad01fd,20299,8.6521,100
7851be29,16743,8.6521,100
5ca4f1e6,19193,8.6521,100
2569e9e,23457,8.6521,160
44a35373,26377,8.6521,160
54d8c6a8,26198,8.6521,160
55bf735a,20528,8.6521,100
230d9727,14229,8.6521,97
7ceb9641,15030,8.6493,106
42e25bd8,20238,8.6521,100
56d8d599,19813,8.6521,100
83e3cfa,15740,8.6521,100
1ac156d3,20147,8.6466,100
55ba4e03,19206,8.6521,100
45de3d30,23127,8.6493,160
3cfe109d,16668,8.6521,100
2c99ae1f,18660,8.6521,100
2b5437d9,20008,8.6466,100
53879807,23297,8.6521,160
1f57b83e,14237,8.6521,97
53e139b1,21081,8.6521,100
32e99c84,19519,8.6521,100
38898fff,18863,8.6521,100
1abd4698,14460,8.6521,100
404bd8cf,15511,8.6521,100
3e3871fe,14275,8.6521,97
79ecbd2a,22554,8.6521,160
4a3ae7b1,25627,8.6521,160
3a43e1e8,23796,8.6521,160
2450dbcf,20254,8.6548,100
599ae93a,21036,8.6548,100
44008ad7,23132,8.6548,160
61e97f1e,2286,8.6548,18
43c55e4f,2135,8.6521,17
4d98ac34,16896,8.6548,100
d0ec162,14893,8.6548,100
27354e52,19010,8.6521,100
4eeb4bdd,19331,8.6548,100
5c389195,9550,8.6548,63
469ab738,19383,8.6548,100
3d647b58,17132,8.6548,100
302ee578,20693,8.6548,100
37bfa5dd,18087,8.6548,100
291fa6c9,21073,8.6548,100
6e5d83b7,18818,8.6548,100
35214492,25519,8.6548,160
7f7a9ea6,18947,8.6548,100
11f46305,18711,8.6548,100
2b87466e,13740,8.6548,97
29453892,4202,8.6548,21
167ffcfc,17583,8.6548,100
3ddbcf3b,19013,8.6548,100
1818b555,16175,8.6548,112
5835bae2,20222,8.6548,100
1f422c77,13990,8.6521,97
435b274c,18235,8.6548,100
56c3ec1b,18832,8.6548,100
2c7e5ad8,18544,8.6548,100
2c7f666d,16910,8.6548,100
458ee702,21257,8.6548,100
264f5a9f,20151,8.6548,100
78b96c14,19264,8.6521,100
fa7525b,14372,8.6548,100
2f222160,21705,8.6521,160
1da67571,9661,8.6548,63
41615ff8,9966,8.6521,1
720b520c,20009,8.6548,100
4c9c540c,13944,8.6521,97
623fbd13,13965,8.6548,98
296ab033,25935,8.6548,160
1d90c20,18854,8.6548,100
2fcb1423,23359,8.6548,160
2f6ae16c,26376,8.6548,160
3083f3ec,15688,8.6521,100
3dad9e29,19611,8.6521,146
4c9436e7,9551,8.6548,63
5659b59,22954,8.6548,160
72f8edda,15167,8.6548,100
5dcb6cfa,15085,8.6548,100
30854aaa,23907,8.6548,160
4393ece6,19752,8.6548,100
1993a0b0,14194,8.6548,97
2cb01865,14166,8.6548,97
2a1a0db5,6087,8.6521,1
3e2fe803,15074,8.6548,100
30d0c246,14293,8.6521,97
344272cc,23331,8.6548,160
189d3711,15300,8.6548,100
6210f612,14662,8.6548,100
5464cae4,21301,8.6575,100
739716b6,16259,8.6548,112
7c1966d9,12919,8.6575,89
14be8db7,19374,8.6548,100
51fcc7c0,17234,8.6548,100
2c3926a,14415,8.6575,100
7c17fd0a,14453,8.6575,100
6115d1b7,20543,8.6575,100
47d281a5,17740,8.6548,100
4ca58280,15228,8.6575,100
67864446,18562,8.6575,100
b304cd2,19355,8.6548,100
154791b8,19912,8.6575,100
5e2e0700,20315,8.6575,100
73ee7ba,13967,8.6575,98
40e08e6d,17691,8.6575,100
57aeb186,14553,8.6575,100
15115643,19902,8.6575,100
3c72cf08,14833,8.6575,100
12cac981,14428,8.6575,100
561dbe53,15195,8.6548,100
4921599d,21256,8.6521,100
6301c53e,19571,8.6575,100
27c39e1e,21804,8.6548,160
1c974393,16373,8.6548,112
327c1ad1,23644,8.6548,160
ff6e43a,14490,8.6575,100
9f441ee,20565,8.6575,100
b1187,18610,8.6575,100
2fd90098,18939,8.6575,100
3896293a,20228,8.6575,100
6aee166b,17324,8.6575,100
413ec1e9,2209,8.6548,15
443d8006,26284,8.6575,160
25972be2,19520,8.6575,100
2604c496,16955,8.6575,100
2f52e695,23552,8.6575,160
14654240,18549,8.6575,100
3595e05a,17238,8.6575,100
2935e88,22555,8.6548,165
2b30a38,14668,8.6575,100
47660931,19461,8.6575,100
2cc0a1d2,20189,8.6493,100
3aed22b5,21328,8.6575,100
20e08282,19080,8.6575,100
381fef08,21463,8.6575,100
2267c0f9,26196,8.6575,160
54b2746f,18309,8.6575,100
71cca68a,18158,8.6548,100
559cdea3,25399,8.6575,160
123c1cb7,20892,8.6575,100
ec06601,14427,8.6548,100
1aac69a5,18083,8.6548,100
2976d595,20865,8.6575,100
5bddada8,23906,8.6575,160
562038bc,21658,8.6575,160
2f38929c,17854,8.6575,100
bcc7bd1,19946,8.6603,100
307d2093,25186,8.6603,160
4b22b223,23126,8.6603,160
67b7bd9,16669,8.6603,100
51c95672,15641,8.6603,100
239b5532,17322,8.6575,100
3a0e92a5,19837,8.6575,100
63ae44cf,15173,8.6548,100
539324c8,20370,8.6603,100
3e565ed0,18871,8.6575,100
25b7e5ae,14517,8.6603,100
6be2d007,18940,8.6603,100
7c4a73f9,20475,8.6603,100
3222f86d,14013,8.6575,97
7a7b6988,2346,8.6603,18
7ff4af65,14258,8.6603,97
765718c9,18050,8.6603,100
6cd70938,23224,8.6603,160
8f06db1,21504,8.6575,100
5004b4d4,11797,8.6603,83
11c89e4d,23790,8.6575,160
13bef01c,14001,8.6603,97
305e92d5,21082,8.6603,100
77c11367,17976,8.6603,100
7e815547,1365,8.6603,11
2a4b0d66,8127,8.6603,50
7fa4c494,24441,8.6603,160
645c2bf2,17240,8.6603,100
3ba8298f,14550,8.6603,100
4ff768d0,19660,8.6603,100
3da57c75,25985,8.6603,160
6ea19c53,19714,8.6603,100
64fc9f31,20243,8.6548,100
1e623670,2212,8.6603,15
6a277c84,25058,8.6603,160
7c77e361,20563,8.6603,100
7c72fec9,16248,8.6603,112
732c9681,1363,8.6603,11
22be173c,19474,8.6603,100
58cdf75,25318,8.6603,160
6aba55bf,16385,8.6603,112
611184e1,17134,8.6603,100
7a43100d,18234,8.6575,100
a7ebabc,18833,8.6603,100
1d71adec,18091,8.6603,100
699b44ca,15411,8.6575,100
4f245e89,13737,8.6521,97
49cdf357,16983,8.6603,100
22ffed00,19114,8.6575,100
5d2b08b9,18040,8.6603,100
4da5c03d,15781,8.6603,100
20180f16,23587,8.6603,160
7dd271f8,20017,8.6603,100
7839d03b,22531,8.663,160
1bfe4329,12743,8.663,84
7b7e8fff,16493,8.6603,112
15cd6cd9,24157,8.6603,160
2343ce53,25391,8.663,160
711a356f,17293,8.663,100
4acd3619,21555,8.663,100
454359c8,21310,8.663,100
3b165e1d,19106,8.663,100
5458f44a,19384,8.663,100
2a9ef554,24290,8.663,160
3c8116be,17369,8.6603,100
19ce3931,24220,8.663,160
69a2e7a,19577,8.6603,100
2544ad4e,18744,8.663,100
74f2267a,22322,8.663,160
7a962d37,17350,8.663,100
737962ce,15374,8.663,100
24476b25,21527,8.663,100
24e99c3e,19896,8.663,100
6f5de201,17004,8.6575,100
570a8236,14401,8.6603,100
480bc5b1,21329,8.663,100
5ffc6665,2285,8.6603,18
20ebb8e2,25385,8.6603,160
20a61b14,20145,8.663,100
233e3604,14196,8.663,97
358e499f,21502,8.663,100
5e4f59f0,19818,8.663,100
48dfcb64,20510,8.6575,100
58b107d0,17539,8.663,100
a6d94d4,14841,8.6575,100
4de8e6b7,15084,8.663,100
7bda8085,2319,8.6603,18
30998b,15642,8.663,100
2b8597a9,20618,8.663,100
4d286d39,19930,8.6575,100
47ffe775,21264,8.663,100
680e99a7,18637,8.663,100
6f3173d0,20098,8.663,100
617e9aaa,14544,8.663,100
59021dbf,13991,8.663,97
45dd6499,2055,8.6603,15
21962001,8128,8.663,50
333d830d,2129,8.663,17
34a84553,19352,8.663,100
71eacff3,26283,8.6603,160
7d8e599c,19864,8.663,100
53590318,15302,8.6603,100
435fb75a,15002,8.663,100
352bf0bf,21069,8.663,100
3a660d3f,23647,8.6603,160
21bc88a8,14894,8.6603,100
1f671ea2,22200,8.6603,160
75a3abf9,15373,8.663,100
7fa64f87,25571,8.663,185
3a1a6113,11737,8.663,74
1d2feafc,17618,8.663,100
60bd63fb,20363,8.663,100
753b76c3,20375,8.663,100
382cc594,19647,8.663,100
5157297b,14009,8.663,97
334d51a7,15301,8.6575,100
1deeb463,17791,8.663,100
43b0d22f,14489,8.663,100
2b4437d3,13869,8.6603,97
72dd8b75,20190,8.6658,100
1af874e1,19951,8.6658,100
5a045c94,14448,8.663,100
5f1cec3b,17201,8.6658,100
40b25705,24221,8.663,160
556cb2a4,19049,8.6658,100
4bf40d5f,15108,8.663,100
12f237bc,7698,8.6658,50
2a376ced,21810,8.6658,160
1a7e029d,24614,8.663,160
718b7a78,16306,8.663,112
72c7fc22,21534,8.6658,100
6306b693,19484,8.663,100
9063a84,25390,8.6658,160
23f4d966,5462,8.6658,37
43ff890b,16431,8.6658,112
6e1f07d6,15924,8.6658,100
38fb96a8,21497,8.6658,100
115929,16897,8.6658,100
52b8fa4,20245,8.6658,100
139c1960,15782,8.6658,100
528c5865,20229,8.6658,100
7736936d,26285,8.663,160
7d6454b3,12895,8.6658,89
5dbf410,20057,8.6658,100
246bb214,20556,8.6658,100
574fe8e0,14522,8.6603,100
1421a49f,21588,8.6658,100
4b3fab64,17064,8.6658,100
323d5b05,15070,8.6658,100
1a9dbd4a,18945,8.6658,100
381f7da,20647,8.6658,152
35d30845,1359,8.6658,11
6dee8889,19533,8.663,100
1aee1f93,26336,8.6658,160
165d0433,13943,8.6658,97
37b5839c,11795,8.6658,83
3be1a79d,18110,8.6658,100
2252daa8,21037,8.663,100
482a5bf6,2328,8.6658,18
3628a25c,16641,8.6658,120
43264b,23545,8.6658,160
34f03b71,14853,8.6658,100
6131450c,25443,8.6658,160
2e9f23f2,25782,8.663,160
5d564e3f,23313,8.6658,160
443e4aa0,15519,8.6658,100
71a0dae5,15991,8.6658,100
2677f790,25895,8.6658,160
49bf72d7,16832,8.6658,121
5c888d5c,24018,8.6658,160
7f625a0a,21202,8.6658,100
8e2c0f1,15745,8.663,100
11307d0a,15168,8.6658,100
23ab9c31,20648,8.6658,152
4ef43044,16191,8.6658,112
500f9423,15122,8.6658,100
42456b05,19478,8.6658,100
3df02d68,19113,8.6658,100
52694c82,25534,8.6658,160
7eeb7460,12643,8.6658,84
171f35fb,15674,8.6658,100
2b38c11d,16932,8.6658,100
33ad85a4,14180,8.663,97
1640bfc5,14384,8.6658,100
781ef01b,14128,8.6658,97
65846b45,19371,8.6658,100
7ba93d92,18797,8.663,100
1543e62c,17391,8.6658,100
4a9cc185,17587,8.6658,100
59b1e184,20134,8.6658,100
56a04c81,16477,8.663,112
1be6995f,19053,8.6658,100
5cd8b2ff,20366,8.663,100
70e4c008,16121,8.6685,112
260fa251,19120,8.6685,100
6b492db3,15043,8.6685,100
3d7b4452,16524,8.6685,112
66bd6486,17589,8.6685,100
6e28b374,19932,8.6685,100
6d9bdb9a,21175,8.6658,100
4f9d472f,21035,8.6685,100
28a3c35a,16679,8.6685,100
25b70b9c,18529,8.6685,100
164353bb,13744,8.6685,97
3342ca63,16981,8.6575,100
5cd7642,12986,8.6685,89
183b668c,13025,8.6685,89
14e920bb,18438,8.6658,100
64f0f315,17059,8.6658,100
315df197,14518,8.6685,100
5fccee98,5574,8.6685,36
182198d1,12954,8.6685,89
1c80fceb,20754,8.6685,100
41b1fb38,19845,8.6685,100
1fbe6bd0,24013,8.6685,160
27beee91,20875,8.6685,100
3c422929,9552,8.6658,63
72e46da2,18356,8.6685,100
3528f9d,18862,8.6685,100
1e6868c5,18550,8.6685,100
4e72c7ff,19723,8.6685,100
63d4b479,19346,8.6685,100
6f8159b1,21413,8.6685,100
320c4cdc,14545,8.6685,100
6f7f2418,15839,8.6685,100
376a5b37,22526,8.6685,160
71db56df,19722,8.6658,100
21e18e94,23569,8.6685,160
1fad0a5d,16005,8.6658,100
37282154,17687,8.6685,100
52fe7765,13870,8.6658,97
79b8be4b,24292,8.6685,160
54800ac6,23908,8.6685,160
22d4b383,17667,8.6658,100
330bde3,16377,8.6685,112
3fc61128,15570,8.6685,100
49d6e2c8,16774,8.6685,100
6bc4ea2c,19560,8.6685,100
6c8b047c,19937,8.6685,100
6ad273ab,20676,8.6685,100
65127088,21540,8.6685,100
1d572a2d,20266,8.6685,100
64614d07,15920,8.6685,100
1201e733,15031,8.6685,106
60a421fc,25940,8.6658,160
44067987,23628,8.6685,160
7e264c0a,16563,8.6685,112
2a610d75,17764,8.6658,100
2164333d,22256,8.6685,160
37c44f75,19176,8.6685,100
76ae33b0,15935,8.6685,100
113b6a3,19844,8.663,100
233b1951,19214,8.6685,100
361145a4,21012,8.6685,100
3125d365,15083,8.663,100
2d1fcd4c,19122,8.6685,100
5615a82f,25973,8.663,160
6a15eb2c,16003,8.6685,100
7534b3f0,23948,8.6685,160
269265b7,21839,8.6685,160
5dbdf59a,21525,8.6685,100
18b4298a,19914,8.6685,100
48cfa25f,19245,8.663,100
7d45c92c,2256,8.6712,18
4f66f23b,24497,8.6712,160
76a77a24,19079,8.6712,100
434ff3f5,23363,8.6712,160
10105e19,7709,8.6712,50
689f810a,19281,8.6712,100
25a4a067,22097,8.6712,160
51ebfd14,20603,8.6712,100
19482f7d,18424,8.6712,100
b3a5adb,16662,8.6658,100
1f390d67,25322,8.6712,160
1f9e317f,18057,8.6712,100
47f5c636,15635,8.6712,100
1e40a091,16174,8.6712,112
5c6e09ef,23546,8.6712,160
49c5c40b,23577,8.6712,160
273e0185,19222,8.6685,100
203a1065,20247,8.6712,100
4e13b722,23791,8.6685,160
554cc259,15951,8.6712,100
324ea167,19891,8.6712,100
65abbc82,16663,8.6712,100
3652adb2,16564,8.6685,112
5bfef2b,8147,8.6685,50
1c4b3ad1,16312,8.6712,112
42bd3362,14277,8.6712,97
7a4ad81b,24215,8.6712,160
5956c5dd,14658,8.6685,100
10000e80,19451,8.6712,100
236aaf6b,12987,8.6712,89
8e7ae47,21533,8.6712,100
24c13540,15077,8.6685,100
4bd66428,14228,8.6685,97
3db18bce,23500,8.6712,160
8918fa9,12915,8.6712,89
778b46d7,17432,8.6712,100
719cb703,12642,8.6712,84
25d7c0ce,21034,8.6712,100
21818808,21808,8.6685,160
5dd80778,21503,8.6658,100
686e2e08,18808,8.6712,100
73a4527b,18142,8.6712,100
6eda68b0,14279,8.6685,97
32478c35,15893,8.6685,100
754839ae,16283,8.6712,112
2bc0ea1b,24194,8.6712,160
7a265292,17436,8.6712,100
47043a8e,13964,8.6712,98
49ac307f,14790,8.6658,100
65108b63,17335,8.6712,100
2d6ae791,17042,8.6712,100
2acab69f,16975,8.6712,100
4bdc78f8,14852,8.6712,100
635b9634,24296,8.6712,160
27152af,15551,8.6712,100
785d7b1f,20549,8.6712,100
50eec754,12907,8.6685,89
6f3b114b,5862,8.6712,43
67d7d229,23318,8.6712,160
7441d84f,25974,8.6712,160
52b365f4,18964,8.6712,100
65b597a0,14240,8.6658,97
3c2a57a5,23491,8.674,160
6758ec4d,14635,8.674,100
46d373cf,16302,8.6712,112
f862224,24167,8.674,160
46c7ace3,13012,8.674,89
283e5ce1,18922,8.674,100
75ae0f22,21007,8.674,100
4b8794b1,22082,8.674,160
30dc9996,20757,8.674,100
6a5f1238,17273,8.6712,100
6f8dd74e,19115,8.674,100
30656543,21153,8.6712,100
1858e412,19954,8.674,100
4c9ccea6,19234,8.674,100
5ec0dbdf,22744,8.674,160
5ff650ee,19420,8.674,100
3de957ef,20700,8.674,100
6a054644,18072,8.674,100
d14776,15260,8.674,100
2a924034,20376,8.674,100
7254789a,19048,8.6712,100
1f48371e,18270,8.674,100
4d237d0,18694,8.674,100
4d2551f6,17799,8.6712,100
15a83976,10432,8.674,72
2d835817,16145,8.6712,112
7c426595,16301,8.6658,112
226c5dc4,15677,8.674,100
52892f49,17646,8.674,100
76dba376,14208,8.674,97
582757b0,21430,8.674,100
6e9e6b09,17199,8.674,100
41af0e5a,21309,8.6712,100
2eaea537,16387,8.674,112
6eec5f5b,14064,8.674,97
458791e3,15690,8.6685,100
7c639ad7,17331,8.674,100
27bf0f71,18898,8.674,100
2b259a5a,18896,8.674,100
52540e54,20014,8.6712,100
328183eb,15119,8.674,100
6d9ad64d,17072,8.674,100
5bfbc49,20661,8.6712,152
6aea66ee,7710,8.6712,50
6402fcad,14491,8.674,100
18bef349,5481,8.6712,37
35bb8a58,14749,8.674,100
269ea56e,21580,8.674,100
5f83591e,16132,8.674,112
1d0d374e,23629,8.674,160
2469ef17,22180,8.674,160
152f5fa1,12293,8.674,84
3044a63d,18071,8.674,100
18441db7,15125,8.674,100
6c07feb6,24537,8.674,160
77db576,15372,8.6712,100
72af9820,14896,8.6767,100
5fa400c5,18942,8.674,100
a48e5a9,14531,8.6767,100
67b50723,19305,8.6767,100
3414a72d,20479,8.674,100
5e2862dc,20248,8.6767,100
21f5e3f4,23501,8.6767,160
6e3674f6,17712,8.6767,100
79a2d24c,12898,8.674,89
4a962262,24744,8.6767,160
7f0a9bd2,14571,8.6767,100
6229286d,2199,8.6767,15
63497099,24932,8.6767,160
6c4d8d9f,14739,8.6767,100
3101c524,18602,8.6712,100
1afe1cdd,14461,8.6767,100
31bf35af,17279,8.6767,100
311e6772,18446,8.6767,100
e09bc90,18554,8.6767,100
64fb4178,15395,8.6767,100
2c211205,21840,8.674,160
6e46d504,20695,8.6685,100
2d681960,15736,8.6767,100
13266d34,15191,8.6767,100
3733f46f,8471,8.674,50
6f05e978,19246,8.674,100
2224dc41,19353,8.6767,100
a1cc4e6,22237,8.6767,160
4a92b2f4,23820,8.6767,160
34f91c2f,25927,8.6767,160
12f64101,20356,8.6767,100
163441ca,20129,8.6767,100
25b994b4,12974,8.6767,89
567274b,25248,8.6767,160
31690c3c,4189,8.6767,21
73ac6686,23645,8.6767,160
15c5db4c,2226,8.6767,15
42770edb,19819,8.6767,100
2a0f9af9,21171,8.6767,100
570ce563,5606,8.6767,36
3ef9d702,14197,8.6767,97
298f2e9,23225,8.6767,160
7be9166a,18445,8.6767,100
4b7ec389,16004,8.674,100
3bcf5c23,20011,8.674,100
7e05ee09,14627,8.6767,100
5ff4de7e,14426,8.6712,100
4d6cede5,20866,8.6767,100
70331d4a,6394,8.674,1
10558850,24275,8.6767,160
315c692b,19131,8.6767,100
60f8acaf,15638,8.6767,100
4a516690,16372,8.6767,112
22e0ebdd,23556,8.6767,160
70a7db9b,16419,8.6767,112
67a24985,2229,8.6767,15
559f8cf4,19810,8.6767,100
14bb0531,20203,8.6767,100
31a0ba78,14763,8.6767,100
7f15d4d4,21300,8.6767,100
56440fee,19009,8.6767,100
1a1a0a9a,16957,8.6767,100
3ef5a8a3,2180,8.6767,15
7983c3e2,15999,8.6767,100
1545c189,21323,8.6767,100
2edd00db,14793,8.6767,100
7c750f71,17325,8.6767,100
7fbfd2a0,16581,8.6767,112
97299c6,15353,8.6767,100
43f61ca8,17855,8.6767,100
56b17d5,20446,8.6767,100
7ca22bca,14862,8.6767,100
4c0ef0a,17765,8.6767,100
1961eafd,18294,8.6795,100
6a81b625,16026,8.674,100
3709d11f,19414,8.674,100
310a39ce,25520,8.6795,160
3432d04b,15952,8.6767,100
fadc42c,15796,8.6795,100
2292f232,13968,8.6795,98
45c558db,17287,8.6795,100
3c3df855,16028,8.6795,100
1eafc711,15922,8.6795,100
2b19a594,19177,8.6795,100
447533ac,23459,8.6795,160
17598427,15925,8.6795,100
77ae5e92,21038,8.674,100
11fd60f6,14209,8.6795,97
7c78d936,15926,8.6767,100
65de15bc,14259,8.674,97
428ab46d,22094,8.6795,160
27db1222,20237,8.6795,100
22849285,20699,8.6795,100
5884acf3,15786,8.6795,100
628f7fbc,16831,8.6795,121
2ea33b37,20304,8.6795,100
19996537,21552,8.6712,100
1dba2bcd,15637,8.6795,100
1b2c9245,9590,8.6795,63
66b246e7,23391,8.6795,160
33e34a8e,22537,8.6795,160
7f59a712,21479,8.6795,100
18f964cb,16355,8.6795,112
62cd7c9b,23135,8.6795,160
33f11f77,20511,8.6795,100
3a9b3e09,17275,8.6795,100
4c300df6,15371,8.6767,100
3841efe9,19797,8.6795,100
a12bec4,25413,8.6795,160
14d76524,21582,8.6795,100
31231256,14466,8.6795,100
7d30f639,15420,8.6795,100
4a3960d1,23520,8.6767,160
554213cc,15584,8.6795,100
7cda1a90,19255,8.6795,100
6a1ba0c,11734,8.6795,74
651f2ca7,19487,8.6795,100
71f6de1,20799,8.6795,100
4206d2bd,14334,8.6795,97
2c38bf5d,15797,8.6767,100
6e244ef7,15854,8.6767,100
655ee8e5,14014,8.6767,97
1952f1ca,14568,8.6795,100
6db55b67,19553,8.6795,100
6ba99516,20148,8.6795,100
4cfa6196,18640,8.6795,100
21aaf3d0,21363,8.6767,100
33212ec0,15855,8.6795,100
3d7345cf,10321,8.6795,71
2b5ddd64,2255,8.6767,18
49c6e256,25988,8.6795,160
7ada4f65,14548,8.6767,100
c98179d,19475,8.6795,100
65767d6c,19556,8.6795,100
36757fe0,5463,8.6795,37
7a72772c,16958,8.6795,100
118f19dc,17938,8.6795,100
3906cdef,4195,8.6795,21
756e01ad,14238,8.6795,97
6879ea9f,19613,8.6795,146
7150bcf9,14245,8.674,97
1d15fb5,19521,8.6822,100
7002a821,14889,8.6822,100
e3793d5,18160,8.6822,100
bd198d7,25588,8.6795,160
2c5bb620,13738,8.6795,97
277c68e9,22092,8.6795,160
2c40ec3a,14239,8.6822,97
323a6cf9,24233,8.6822,160
1277dbb3,17817,8.6822,100
1f37b60a,16467,8.6822,112
636c956b,24293,8.6822,160
279382cf,25805,8.6822,160
da9b86b,18109,8.6822,100
212f502e,21087,8.6822,100
26ef5ead,25577,8.6822,160
4c7bd9b6,24276,8.6822,160
7b475f1d,19415,8.6822,100
1d512545,21028,8.6822,100
1f7594e3,23785,8.6822,160
5d7bac64,20440,8.6822,100
68e29c5,1364,8.6822,11
4401ce1c,15075,8.6822,100
5ac8058f,23686,8.6822,160
4e27789e,25803,8.6767,160
b49dbb7,17441,8.6795,100
4ebff5b2,20431,8.6822,100
39083da1,13946,8.6822,97
23f6a372,15995,8.6822,100
6743a111,16417,8.6822,112
52a5ce9f,12679,8.6822,84
1fde7d6d,19204,8.6822,100
9a5a0d7,14467,8.6822,100
59f52de5,13956,8.6685,97
23c444e3,21398,8.6822,100
4ba1bd8b,18500,8.6822,100
4f1d60e3,20613,8.6822,100
15270343,16632,8.6822,120
6b1ac2cf,18772,8.6822,100
1b70504c,13995,8.6822,97
1a92fc9d,20692,8.6795,100
4b92ec87,17715,8.6795,100
3eac8d54,23498,8.6822,160
31d2cf4,15255,8.6767,100
3d80c0b4,20322,8.6822,100
68ddc227,15468,8.6822,100
1af6eeeb,16303,8.6822,112
178d8f3c,23507,8.6822,160
4d9166b4,19985,8.6822,100
2701897e,10374,8.6822,72
a2dbac3,20895,8.6822,100
71a230d5,20524,8.6822,100
37404c93,22093,8.6822,160
35f966c2,20738,8.6822,100
1c21697c,19294,8.6822,100
7b3d2399,19915,8.6822,100
1bf990b3,20899,8.6795,100
2e68738b,22295,8.6822,160
2a5efa54,21558,8.6822,100
399595b3,17861,8.6822,100
308f375f,2273,8.6822,18
2b2648f3,16854,8.6822,121
7c0d392c,17417,8.6822,100
1194e90d,26214,8.6795,160
4b9de81,21269,8.6822,100
1dc16f35,18373,8.6822,100
810f1f8,17336,8.6795,100
98a1b3f,23392,8.6795,160
3e7aad76,18807,8.6849,100
74fd21ee,15626,8.6849,100
3479b237,14932,8.6822,100
62535083,19983,8.6849,100
6d43f200,22556,8.6849,160
639e3c3,20041,8.6849,100
2bac13db,16408,8.6849,112
1b5650bb,15109,8.6849,100
6379cc1a,16418,8.6822,112
1158f187,20381,8.6849,100
58362f94,5866,8.6849,43
714c7fa1,16432,8.6849,112
6ffdf085,14230,8.6822,97
5c78648e,18305,8.6849,100
64992cf7,23521,8.6849,160
a7a624f,19981,8.6849,100
63d9a61b,14835,8.6849,100
6eb93a13,21809,8.6822,160
37084591,21551,8.6849,100
19cfc415,20252,8.6849,100
3b720456,16678,8.6822,100
1cbcc889,17725,8.6849,100
28c9dba7,18042,8.6849,100
696d3242,17692,8.6849,100
e65bc16,19261,8.6822,100
259e4938,15054,8.6822,100
5f1c3582,14891,8.6822,100
5fe3e301,19870,8.6822,100
7cc561e7,20762,8.6849,100
42774525,25945,8.6849,160
2bc520ce,17431,8.6849,100
15cbb011,23821,8.6849,160
5570b242,25091,8.6849,160
26d3b52,20561,8.6849,100
aca881,15827,8.6849,100
482fdbbd,2086,8.6849,15
189d8258,24160,8.6849,160
73418db2,17414,8.6822,100
16ccdbfb,15512,8.6849,100
208808ac,2087,8.6822,15
5473c1a7,14487,8.6849,100
2ba0fa86,18611,8.6849,100
5b43ff0a,14648,8.6849,100
3bee51a6,17060,8.6822,100
19fd44b3,18377,8.6849,100
715ad185,18357,8.6849,100
5d8271e2,5954,8.6849,1
197d6ef7,18605,8.6822,100
f054716,18376,8.6849,100
50576f1f,10313,8.6849,70
77a64a69,12978,8.6849,89
39e5281e,16635,8.6849,120
4b1df303,2287,8.6822,18
20d952e8,25591,8.6849,160
6569a198,19197,8.6849,100
75dcd0f3,25535,8.6849,160
517db0a0,20794,8.6849,100
3bd9e675,15381,8.6849,100
1394f5f7,19941,8.6849,100
5cf43e,25050,8.6849,160
3c18bc25,20007,8.6849,100
48860f9d,17875,8.6849,100
7c896037,19349,8.6849,100
d2b43b0,18789,8.6795,100
6a34d318,17877,8.6822,100
1b93869c,14567,8.6849,100
6213e85f,15110,8.6849,100
3d208f8c,23634,8.6849,160
1a11f967,20449,8.6822,100
2d2ebaca,18073,8.6822,100
2a0e7e95,15666,8.6849,100
57a22a9b,16380,8.6849,112
426d3bc9,14933,8.6849,100
1acd21a4,20749,8.6849,100
43ee0ebe,23360,8.6877,160
55e12aa,21475,8.6877,100
2359e659,17590,8.6849,100
2ec6c2bb,5627,8.6877,36
4a4bf3,15627,8.6877,100
5d7516c6,24216,8.6877,160
6e5d6828,20400,8.6849,100
1be3ec0b,21528,8.6877,100
75e52f50,24267,8.6877,160
3a826d6,23364,8.6877,160
761ed343,24015,8.6849,160
7dd93920,18088,8.6877,100
7387f980,16677,8.6877,100
7700c04f,24534,8.6877,160
66e319d7,15894,8.6877,100
355cc6ef,15675,8.6877,100
35d89fcc,22324,8.6849,160
79df3b0e,18084,8.6877,100
8ac9ec2,21296,8.6877,100
5b945a86,19882,8.6877,100
2ac398c7,18697,8.6877,100
2ac4c1da,16163,8.6877,112
467200ce,17352,8.6877,100
3f4b22ec,10703,8.6877,74
9f88062,12973,8.6877,89
5be4a96,17716,8.6849,100
45f547ff,21848,8.6877,160
531c4e9f,21029,8.6877,100
4fc8ac40,24227,8.6877,160
35264a52,18570,8.6877,100
78903704,24494,8.6877,160
f8d387a,23504,8.6877,160
3ed4e7a2,18682,8.6877,100
39274ef0,21629,8.6877,160
62f6638e,15547,8.6822,100
1da54741,15254,8.6877,100
407666c7,17118,8.6877,100
265ed85b,18901,8.6877,100
3f2ed2c5,24653,8.6849,160
200edfbe,20135,8.6877,100
3cfd4b1e,21654,8.6877,160
49bfb661,15040,8.6877,100
4fce4218,19345,8.6795,100
5fb4540,19868,8.6877,100
7b07c45c,25319,8.6877,160
1f02c7ba,15521,8.6877,100
56f39665,20968,8.6822,100
921e,17775,8.6877,100
7a8e21f1,20877,8.6877,100
3d63de84,26085,8.6877,160
34d5f185,17631,8.6877,100
7edf19c4,20659,8.6877,152
7acbf463,15234,8.6877,100
597f9240,16953,8.6849,100
9dd9ec9,15059,8.6849,100
4cd50a90,18162,8.6877,100
423d1933,19866,8.6877,100
442a3989,25630,8.6877,160
6167b583,20000,8.6849,100
3155e0eb,15111,8.6877,100
442fc67d,18159,8.6877,100
6e71ab4a,15919,8.6849,100
7b82317c,23687,8.6877,160
27155822,26086,8.6904,160
1db36e93,14463,8.6904,100
7e7bad94,23490,8.6904,160
14187af6,18571,8.6904,100
1941e41f,24788,8.6904,160
1f80c652,14783,8.6904,100
3c34cf3b,18425,8.6904,100
2da6bd59,21811,8.6904,160
891552d,25920,8.6904,160
6b2ccd81,14203,8.6904,97
7ddbade7,21163,8.6877,100
64f04658,10704,8.6877,74
7e2700ea,21206,8.6904,100
73ea8a6a,15941,8.6904,100
53feb565,20802,8.6877,100
355afbc4,15700,8.6904,100
733c8dd5,16978,8.6904,100
505a6be7,14554,8.6877,100
5422e002,15235,8.6904,100
11acebe7,24498,8.6904,160
72d1327e,16838,8.6904,121
10b7633b,16313,8.6904,112
77206dd,18788,8.6904,100
4493d4c1,20001,8.6904,100
3f2a4cef,14629,8.6877,100
14af5e8a,15569,8.6904,100
37cf62c,18773,8.6877,100
59130f5e,19664,8.6904,100
53cfc655,22215,8.6904,160
34336da7,23388,8.6904,160
5a062ea5,5628,8.6904,36
3eaf6e5f,19357,8.6904,100
7f87ef2b,19959,8.6904,100
50f6fb29,18774,8.6904,100
3b6e9494,23723,8.6904,160
7e76d830,20476,8.6904,100
3e488e62,19931,8.6904,100
59001531,18111,8.6904,100
49b53c37,18494,8.6904,100
400e64fe,24615,8.6877,160
1685e0b1,21513,8.6904,100
5e7a0d09,25752,8.6904,160
243ba33a,17135,8.6904,100
7dcb9311,14002,8.6904,97
44727471,12980,8.6904,89
4aee2bb3,15552,8.6904,100
333563a7,15412,8.6904,100
4541020e,19037,8.6904,100
7e491aa6,21443,8.6904,100
66f96693,21749,8.6904,160
4dfb26f2,15927,8.6904,100
671c31,14247,8.6904,97
36cdaab1,21592,8.6904,100
576d4bbd,17878,8.6877,100
1b2d9f05,17038,8.6932,100
4b211a4d,16443,8.6904,112
3200b7e6,25751,8.6932,160
ff5e624,20662,8.6877,152
374bf57f,15805,8.6932,100
6c884905,16657,8.6932,100
1b2a2626,23523,8.6932,160
3b4e27a1,19219,8.6932,100
53c6ddba,18123,8.6932,100
7d2866a6,21609,8.6904,100
37797433,18746,8.6932,100
7dc03e52,19987,8.6932,100
180e175d,21591,8.6932,100
26ad4fac,20834,8.6932,100
4076bb01,17815,8.6932,100
5a097fa6,13947,8.6932,97
2647e81b,18647,8.6932,100
4e1ba771,15933,8.6932,100
2874131,18555,8.6932,100
1362ea88,19471,8.6932,100
a7ccfcf,14666,8.6932,100
194fd1de,15434,8.6932,100
2179850f,19011,8.6932,100
25cb1d02,20394,8.6932,100
49a5bcc3,1912,8.6932,13
2e834508,19416,8.6904,100
433fec2a,25806,8.6932,160
1ad9a912,21040,8.6932,100
3ee1da42,10434,8.6932,72
5a463af9,23590,8.6932,160
180d411d,19356,8.6932,100
169d03f4,20678,8.6932,100
550c45,14738,8.6932,100
6ed98fbc,23951,8.6932,160
52bb70f1,19022,8.6932,100
62b8932e,19814,8.6932,100
6da5970c,23063,8.6904,160
9c2ec72,14854,8.6904,100
2b442699,4435,8.6932,21
2271e7f8,17798,8.6822,100
476217b,18431,8.6932,100
1ac9fcfb,17086,8.6932,100
10b361d5,20441,8.6932,100
3d500a1c,25051,8.6932,160
8989934,21330,8.6932,100
5de392f8,2281,8.6932,18
56d5ed58,2350,8.6932,18
6be81d74,5871,8.6932,43
27756804,11746,8.6904,74
66404a40,17652,8.6932,100
1f86d4fd,21324,8.6904,100
342e69c4,25765,8.6932,160
3897020d,16561,8.6932,112
7ff5eec7,25531,8.6932,184
5ce15d15,21501,8.6932,100
75e94b48,17281,8.6932,100
324e6c78,17876,8.6932,100
32499756,15060,8.6932,100
25a53400,17087,8.6959,100
64166dff,18501,8.6959,100
5b9ad93e,19798,8.6959,100
62ea8fc,25942,8.6959,160
667d36d7,2329,8.6932,18
1a765399,17698,8.6959,100
64fb94a6,23522,8.6959,160
33556453,21370,8.6959,100
3e8b182e,13933,8.6959,97
16497efd,17591,8.6959,100
2e2f9636,20577,8.6959,100
36c0085c,26237,8.6849,160
506c2cc2,20448,8.6932,100
d0f1ea4,17253,8.6959,100
5f43a715,24789,8.6959,160
69f7d649,15856,8.6959,100
584cfd89,7711,8.6959,50
2dc3321a,18288,8.6932,100
6f7a43b8,17434,8.6959,100
38688580,17433,8.6932,100
7f787b1,19023,8.6959,100
339026b7,25807,8.6959,160
34f5be3b,15068,8.6877,100
d884e6f,17404,8.6959,100
ecad4fe,6083,8.6959,1
72720422,14878,8.6959,100
4983cfd2,5876,8.6932,43
7b14fdcb,16565,8.6959,112
39addb84,20490,8.6959,100
7ffa3a85,18150,8.6932,130
23a1bb73,18690,8.6849,100
4110e831,13996,8.6959,97
16ba429e,21670,8.6959,160
4a9c1f27,18943,8.6959,100
52cb8c86,18548,8.6959,100
64485f24,19247,8.6959,100
22df62fc,17084,8.6959,100
66b56a8b,18925,8.6959,100
4cfa245d,17116,8.6959,100
6a6de399,15233,8.6959,100
206495f7,12996,8.6932,89
33fca4aa,23883,8.6959,160
7ed0716c,24268,8.6959,160
63957a27,21838,8.6959,160
3678ffd4,19398,8.6959,100
4a229831,21837,8.6959,160
5387c071,15041,8.6932,100
66e12ce7,17947,8.6959,100
30ee0d65,20364,8.6932,100
4dc85105,15120,8.6959,100
469cce5a,5870,8.6959,43
5444ed9,20963,8.6959,100
6aaddc82,17175,8.6959,100
2ae87197,24014,8.6959,160
25275db6,15262,8.6959,100
232ed4d,2056,8.6959,15
4aa1456b,21556,8.6959,100
76ea2ffe,22171,8.6959,160
67f6845,21018,8.6959,100
6ff2c5d4,15587,8.6986,100
7027ff71,21667,8.6959,160
65ea3cbd,19051,8.6986,100
182a4d05,20795,8.6986,100
618fe7b1,16181,8.6986,112
2e9c5086,17039,8.6959,100
1aa78e3c,14869,8.6986,100
502faa08,18045,8.6986,100
646e1b0d,19017,8.6986,100
4e036dd3,23553,8.6986,160
2d71cf5,22890,8.6986,160
1aff3cd0,17302,8.6959,100
4837e137,26194,8.6986,160
2427b4fd,16374,8.6959,112
9f5359b,2045,8.6959,15
5ccdac83,23588,8.6986,160
66c7235b,16582,8.6986,112
7fdef322,18192,8.6959,100
5f2758af,18104,8.6986,100
6ebf4e7c,16490,8.6986,112
313d650b,17573,8.6986,100
7d39733f,19568,8.6986,100
5cf5024c,15121,8.6986,100
48ad6b00,18723,8.6986,100
12625a23,23960,8.6986,160
3d80ba2d,20953,8.6986,100
499328b3,23502,8.6986,160
6ac5bfea,14402,8.6986,100
6a7653d3,14475,8.6986,100
529fcd62,20890,8.6986,100
299a132,14608,8.6959,100
45646464,18790,8.6986,100
1dd44fd0,22891,8.6986,160
3a825814,21420,8.6986,100
18b614e6,19062,8.6986,100
613b5713,15225,8.6986,100
318c65d5,17724,8.6959,100
7e53d2e7,22116,8.6986,160
1872ce0d,21478,8.6986,100
2767b81c,21756,8.6932,160
7517d3e8,12924,8.6986,89
15b3e347,23393,8.6986,160
1bbf555a,19358,8.6986,100
102b969,17354,8.6986,100
4ac1b232,25444,8.6986,160
18c40914,2351,8.6986,18
10164d54,22734,8.6986,160
4062d9f6,17155,8.6986,100
21165125,20564,8.6986,100
354b7d9f,16378,8.6986,112
e7acc49,20888,8.6986,100
72dc0926,20557,8.7014,100
24a7d3e2,16472,8.7014,112
372b312a,17179,8.6986,100
59e215d5,16633,8.7014,120
4b65b2f6,14283,8.7014,97
5650876d,24235,8.7014,160
6937b56,19838,8.7014,100
514740bb,18124,8.6932,100
3f8b89d8,15025,8.7014,100
768e7f41,18076,8.6986,100
101a8164,14614,8.7014,100
2c1eb936,21655,8.6986,160
7b335944,22628,8.6959,160
1895dab3,23338,8.7014,160
1de4da97,13016,8.7014,89
593169ee,25922,8.7014,160
3829f2f5,2125,8.7014,17
edff701,23570,8.7014,160
35d4b42f,15086,8.6986,100
67f8c562,6289,8.7014,1
10313d32,17800,8.7014,100
375dfa30,21593,8.7014,100
6127b7ca,2111,8.7014,15
503dcbe3,19301,8.6986,100
7142120d,22075,8.6986,160
50b00a92,25785,8.7014,160
4971651b,14280,8.7014,97
15340218,24458,8.6986,160
7407a8c9,19863,8.7014,100
24b3c841,24294,8.7014,160
6d30be10,24651,8.6959,160
66a83871,19070,8.7014,100
5339c27e,19708,8.7014,100
1ab16930,25547,8.7014,160
207a4be7,19972,8.7014,100
7b68429,20566,8.7014,100
1a019c93,14555,8.7014,100
3c2e88a,20964,8.7014,100
be89e0a,21364,8.7014,100
4aa83e8c,2112,8.7014,15
660efe7,26124,8.6986,160
79bfd9e3,19892,8.7014,100
4a9b9d31,18803,8.7014,100
5efe1d7d,9587,8.7014,63
5ce875f5,10325,8.7014,70
133fb8ac,12975,8.7014,89
270ba9c4,20402,8.7014,100
14480be9,25187,8.7014,160
2ac6e44,24291,8.7014,160
12d174ab,16429,8.7014,112
1d74e439,14286,8.7014,97
7360c5e3,18433,8.6986,100
27238f25,15303,8.6986,100
461c0bcb,19372,8.7014,100
7cf37a1d,22533,8.7014,160
949f7bd,21298,8.6986,100
32a80b16,23064,8.6986,160
144c0cdb,2264,8.7014,18
7308bfdd,4118,8.7014,21
35ba5a1e,18465,8.6959,100
47b81704,16980,8.7014,100
33e6f1fc,25938,8.6986,160
526460a,25323,8.7014,160
62d6188,19695,8.6986,100
62ab961a,17588,8.7014,100
65acad7c,16970,8.6959,100
1bae20f0,20983,8.7014,100
6141d924,19421,8.7014,100
56e1a277,24456,8.7014,160
1bd689c4,20257,8.7014,100
56e0c510,16833,8.7014,121
68c59290,18665,8.7014,100
680215b9,14636,8.7014,100
7656964,14836,8.7014,100
57fdf4dd,20253,8.6986,100
13e8ada0,18310,8.7014,100
6b3fcdb9,24272,8.7041,160
47bdb7f3,21039,8.7041,100
7fdef8c5,20172,8.7041,150
62638e77,15429,8.7014,100
298ddf33,18028,8.7014,100
3cca9dbe,19940,8.7041,100
1662a7fb,21366,8.7041,100
1ef26d22,21847,8.7041,160
59414d88,18612,8.7041,100
318e0c73,25221,8.7041,160
32d038c6,14949,8.7041,100
3f46c8c3,24794,8.7014,160
6c38ffae,15328,8.7041,100
2d149bce,17085,8.7014,100
1e3180a2,14547,8.7041,100
17b85377,18838,8.7014,100
3c560ba1,23953,8.7041,160
35153d0e,19565,8.7041,100
27b39f9e,10087,8.7041,1
72c543f4,25414,8.7041,160
7ec2550e,17043,8.7014,100
62a3fa95,25975,8.7014,160
59d7d630,2352,8.6986,18
1d5e41d,21445,8.7041,157
6d53bb0c,22745,8.7041,160
10599361,16208,8.7041,112
77d8a10c,14248,8.7041,97
4741a0fc,12720,8.7041,87
590346e6,16061,8.7041,112
29780d11,20654,8.7041,152
756651c4,17031,8.7041,100
4ac65ac9,13017,8.7041,89
47845ea5,2320,8.7041,18
47304c5,18474,8.7041,100
6d8a91df,20949,8.7041,100
2aa515db,23383,8.7041,160
4f31175c,18503,8.7041,100
53f87753,18374,8.7041,100
6a45109a,23589,8.7041,160
684ccbc4,16536,8.7014,112
2f80aa66,25324,8.7041,160
33987332,19250,8.7041,100
3f52122a,13003,8.7041,89
7d51149a,20907,8.7041,100
494416e2,5869,8.7041,43
40bc57be,18804,8.7041,100
73cdf21f,19812,8.7041,100
59b4b59a,17979,8.7041,100
76d82fc4,25628,8.7041,160
6c65ac79,21265,8.7041,100
3581041,25999,8.7041,160
1f19473f,14210,8.7041,97
637d3923,20191,8.7041,100
546c9c87,20878,8.7014,100
17754453,22214,8.7041,160
4280d93d,20559,8.7041,100
5af33c07,20942,8.7041,100
48be546f,23554,8.7014,160
1b13e20,20530,8.7041,100
7886715b,23591,8.7041,160
456ce5c4,12639,8.7041,84
1e19565,25783,8.7041,160
3b46b41a,15588,8.7041,100
70811680,20022,8.7041,149
52e18f91,23389,8.7041,160
5f266215,18089,8.7041,100
593b0697,14443,8.7041,100
51ceeb8f,16967,8.7068,100
2903c220,17435,8.7068,100
77404d96,18903,8.7068,100
1b1abfa1,26125,8.7068,160
3daebdde,15557,8.7068,100
26ce5805,18872,8.7068,100
1b6a6aec,24652,8.7068,160
a0b6a89,24171,8.7041,160
6a2491fe,17437,8.7041,100
7f52aaa3,19306,8.7068,100
317be55f,20739,8.7068,100
7973eee3,722,8.7068,1
48d84501,20876,8.7068,100
28fd9c66,18348,8.7068,100
2b43f896,14791,8.7068,100
42903c68,13004,8.7041,89
2c2f6878,24533,8.7068,160
4acd9fe8,16192,8.7041,112
13d268ed,16375,8.7041,112
e97347b,20357,8.7068,100
4da72abd,15198,8.7068,100
1a9cf7d9,19787,8.7068,100
3c0809bd,24617,8.7041,160
69fae249,19770,8.7068,100
b0bd6ab,16478,8.7068,112
7f0de7b5,24020,8.7068,160
252e5b2,10420,8.7068,72
7e6b51a4,13966,8.7068,98
2b807e4c,22239,8.7068,160
3b2014c6,15667,8.7068,100
2e4a1965,16317,8.7068,112
a088b79,22117,8.7068,160
1f23c91,17592,8.7068,100
22d2f66a,15064,8.7068,100
3c68f7ef,16658,8.7068,100
621b49a9,15923,8.6959,100
196f50d2,19693,8.7041,100
6eb00c70,19470,8.7068,100
6790e3ab,2051,8.7068,15
222ab8d7,22172,8.7068,160
290dff63,18712,8.7041,100
1cd92d8e,9606,8.7041,63
7f530707,24445,8.7068,160
1f3e3efd,19464,8.7041,145
590e3c9e,6079,8.7068,1
7af61ae2,17794,8.7068,100
c6edf6c,16465,8.7041,112
6be29ad9,18101,8.7068,100
545888e,723,8.7068,1
2d87ae74,19077,8.7041,100
57e88117,14360,8.7068,100
28a3fd61,19015,8.7041,100
7d6f5617,16308,8.7096,112
18b1103,19535,8.7096,100
116ffb48,24931,8.7096,160
21c304b,18464,8.7096,100
35e38d9c,2052,8.7096,15
6c39912a,18648,8.7096,100
262925e,12997,8.7096,89
611f7431,17649,8.7096,100
6635ba95,23894,8.7096,160
652984eb,20323,8.7096,151
48399ae3,12885,8.7096,89
7e4f6d36,21544,8.7096,100
2771c228,18102,8.7096,100
376b8c33,19302,8.7096,100
7932b047,14282,8.7068,97
646b3032,18927,8.7096,100
608150de,17996,8.7096,100
350ce1e6,23779,8.7096,160
471f6f4b,18151,8.7096,100
7ceddc1d,16446,8.7068,112
42bc9c43,23701,8.7041,160
7f6bce86,17290,8.7068,100
220d2940,18904,8.7068,100
57209ca1,17866,8.7096,100
15067615,18798,8.7096,100
163e071d,20056,8.7096,100
29df36c9,7746,8.7096,54
fa7e935,20432,8.7096,100
2e1909b9,14291,8.7096,97
80974b1,14361,8.7096,100
58b06207,20729,8.7096,100
686ed665,15798,8.7096,100
e5c5e10,18827,8.7068,100
6d8945b0,16969,8.7068,100
4db31f96,25937,8.7068,160
1648fc7d,14630,8.7096,100
80bcd2f,17860,8.7096,100
64cbbee0,25784,8.7096,160
16e44e49,16634,8.7041,120
72502876,17071,8.7096,100
31d15240,21371,8.7096,100
68ac733f,20367,8.7096,100
60abeb13,26129,8.7096,160
369f209c,17665,8.7096,100
449e7a04,14582,8.7096,100
f9ab411,15446,8.7096,100
26db4351,16586,8.7096,112
3462b4f0,7654,8.7096,50
b2e321c,17099,8.7096,100
44fa7825,19786,8.7096,100
1e9a6697,20328,8.7096,100
3f7e8480,14195,8.7096,97
70e14bb6,18566,8.7096,100
453affa1,20395,8.7096,100
52169c73,17748,8.7096,100
187f0b09,17140,8.7096,100
1ff5e678,16027,8.7068,100
54e43b82,17635,8.7096,100
46b10148,17867,8.7096,100
20a2e8e9,14335,8.7096,97
74540e2c,16933,8.7096,124
10d40ca3,17065,8.7096,100
65990d10,26346,8.7068,160
2b6cebaa,16674,8.7096,100
1cbebb8e,19317,8.7068,100
2c3f0dae,16437,8.7096,112
1e364b4,14598,8.7096,100
4d1efe99,16023,8.7068,100
24155e7f,16164,8.7096,112
7013752e,23400,8.7096,171
48a640b6,25850,8.7068,160
6a4f795c,16501,8.7068,112
501fb8ba,23503,8.7068,160
53144fa1,18729,8.7068,100
35265685,17693,8.7096,100
24324ce4,19694,8.7068,100
945eab0,19904,8.7123,100
68c0fd0a,15382,8.7096,100
6f551ce9,21203,8.7096,100
5936288b,19158,8.7123,100
39e65ddc,11745,8.7096,74
7f005977,23784,8.7096,160
1047d330,22167,8.7123,160
57323785,21006,8.7096,100
3fa82f98,26238,8.7123,160
421e02fb,25986,8.7096,160
7148eb29,13015,8.7123,89
6cee87db,16575,8.7123,112
2a261bdc,14606,8.7123,100
548c25ef,16484,8.7123,112
4dc8f8aa,15953,8.7096,100
6637fc5f,10433,8.7123,72
7eff6f1d,14661,8.7096,100
161a1921,11799,8.7123,83
2904acbb,16502,8.7068,112
3b94aa79,16898,8.7123,100
641d73e5,19067,8.7123,100
518b91d4,12744,8.7096,84
8075abe,24189,8.7123,160
208832a,23273,8.7123,160
f80a78e,2213,8.7123,15
3de0de6a,15449,8.7123,100
1a9b7e99,20619,8.7068,100
5c4cbf33,14362,8.7123,100
3000f39c,22330,8.7123,160
56facfe3,24474,8.7096,160
6d5248d8,22737,8.7123,160
5448d318,19205,8.7123,100
6255dc35,24827,8.7123,160
2cfc9c5d,16030,8.7123,100
780140b,16587,8.7123,112
15f01bd6,14775,8.7096,100
22d5d578,2315,8.7123,18
15754b5c,17438,8.7123,100
6a9ed5a2,18606,8.7123,100
22c8a2d8,17138,8.7123,100
21d913b8,19709,8.7123,100
377333fc,14140,8.7096,97
8e3b1e5,23379,8.7123,160
73f5f8bd,18296,8.7123,100
5db7c9ec,15199,8.7123,100
484e2726,14479,8.7123,100
3971b78d,17088,8.7123,100
3ec0f017,15929,8.7123,100
622cc762,14740,8.7123,100
1b79a62,21365,8.7123,100
38f9fa65,15579,8.7123,100
7f6cd246,21812,8.7096,160
100f525,15380,8.7123,100
2e43466c,17669,8.7123,100
51325b0,16530,8.7123,112
38cadbfa,16636,8.7151,120
4f172454,19417,8.7123,100
4938494e,17859,8.7123,100
551adb7c,14667,8.7123,100
3b61cf2e,14472,8.7151,100
4d227992,15857,8.7096,100
46db3b41,14108,8.7123,97
4599d9dd,19612,8.7123,146
fbf73f7,19063,8.7151,100
70b476ff,14141,8.7151,97
2e047f92,14868,8.7151,100
311a4820,20954,8.7151,100
3ac628ef,19389,8.7151,100
6916b2c6,25320,8.7151,160
64e3a899,20683,8.7151,100
75bb76d,16405,8.7151,112
c517639,19068,8.7123,100
500d75f7,17209,8.7151,100
13dfb66,19880,8.7151,100
29d3a80f,14607,8.7151,100
73698287,17632,8.7151,100
740ec26d,17980,8.7151,100
4f17a3d6,10438,8.7151,72
7bb0f9eb,15100,8.7151,100
447221a0,16673,8.7151,100
2b3b459f,14867,8.7123,100
466d9ee9,5875,8.7151,43
34168ce1,19820,8.7151,100
48155429,8143,8.7151,50
2bea8d50,17746,8.7151,100
1dbf03aa,16020,8.7151,100
370f5c22,17776,8.7151,100
37febfa6,15154,8.7151,100
55a8116c,14373,8.7151,100
306ffa20,21179,8.7151,100
7d4c4e43,16328,8.7123,112
3f8dcdc3,16178,8.7123,112
2a3b882f,16267,8.7151,112
654ac9b2,21706,8.7151,160
7a6bbd0e,19569,8.7151,100
2b599455,5977,8.7123,1
5dd51be1,20681,8.7151,100
6e615eb0,17367,8.7123,100
49451dbf,26344,8.7123,160
ebaad17,25212,8.7151,160
2e59c3fe,18821,8.7123,100
297e4738,26126,8.7151,160
5b26dfc7,18002,8.7123,100
3fd69ecd,19282,8.7178,100
5e9fd46d,18866,8.7178,100
3e39ba73,25537,8.7151,160
4e36f92d,19815,8.7178,100
538c8294,15678,8.7178,100
58275ede,17515,8.7178,100
75bcfdc7,20529,8.7151,100
74adebce,17766,8.7178,100
783bc50b,18558,8.7178,100
6bc385c2,15806,8.7178,100
b22125d,14447,8.7178,100
3c8da98f,25226,8.7178,160
5ebed16e,20455,8.7178,100
788b442f,6285,8.7178,1
6fca384b,20872,8.7178,100
77f939f2,15078,8.7178,100
63201199,14050,8.7123,97
32b01da3,18941,8.7178,100
1aad9f3a,16855,8.7123,121
38a51a7c,24019,8.7178,160
1330d202,19893,8.7151,100
5bea6828,17280,8.7151,100
1f272db6,26144,8.7178,160
f41a2d4,23909,8.7178,160
5c41157b,15585,8.7178,100
762203c,16954,8.7178,100
47785990,15983,8.7178,100
61148654,17295,8.7178,100
299c95d0,19881,8.7178,100
6341dfa0,15435,8.7178,100
55b593af,16499,8.7178,112
75b47034,14268,8.7178,97
51d42e35,21707,8.7151,160
708503cb,22959,8.7151,160
35660da9,17151,8.7178,100
58b7787a,10382,8.7178,72
561757c2,8477,8.7178,50
539903ec,16381,8.7178,112
308ed54d,16491,8.7178,112
1a44f512,19347,8.7178,143
768118df,17717,8.7123,100
6d9cf380,18809,8.7151,100
2bfe77c3,10396,8.7178,72
6a16bce3,16406,8.7178,112
60fd0d93,26010,8.7151,160
162febcb,18741,8.7178,100
68165e31,14494,8.7178,100
1100b683,19557,8.7178,100
621cb040,18119,8.7178,100
3a0483af,24746,8.7178,160
241a32d8,15737,8.7178,100
539c5697,12925,8.7178,89
9216d03,19159,8.7178,100
eb842d7,18713,8.7205,100
103fa154,19065,8.7205,100
21a6752a,18237,8.7205,100
23ed4d68,15032,8.7205,106
6f8f1d38,24468,8.7205,160
2d7349c,19207,8.7178,100
10ca0ec9,24016,8.7205,160
590597b5,23599,8.7205,160
4ef43770,13873,8.7205,97
75bc99e6,19974,8.7205,100
35c06dde,26399,8.7205,160
408dfcec,21836,8.7205,160
2f2d0c3a,17278,8.7205,100
3ecfc390,19615,8.7205,146
8d7f70a,15037,8.7205,100
27921060,23598,8.7205,160
60199474,20891,8.7205,100
208a08a4,16021,8.7205,100
17d2c418,16379,8.7205,112
20f4c792,18170,8.7205,100
ce24dcc,12896,8.7205,89
7c5dbbdc,19917,8.7178,100
7e9bfc5f,17666,8.7178,100
7d2e524b,2101,8.7205,15
140902b,19133,8.7151,138
7b60c22b,20663,8.7205,152
65727ca6,19040,8.7205,100
74e0a88f,20915,8.7205,100
7b531052,15522,8.7205,100
6dff489,18661,8.7205,100
70be3fb8,24301,8.7178,160
16b45f0,8148,8.7205,50
6259140f,16585,8.7205,112
1b5bcf71,20959,8.7178,100
1a99605d,18335,8.7068,100
4186e23b,19788,8.7205,100
6b557f68,14389,8.7178,100
2e301534,26239,8.7205,160
7f7a0327,19903,8.7205,100
99bb1c9,19071,8.7205,100
6cdedbcd,20599,8.7178,100
49f531ad,14897,8.7205,100
67c21412,21094,8.7178,100
488e50f6,20333,8.7205,100
1ccfa5d7,22104,8.7205,160
7c5797ba,18107,8.7205,100
bc27ea6,22103,8.7205,160
317186c8,24459,8.7205,160
50717c2c,14664,8.7205,100
105bcbdf,24297,8.7178,160
8f4b03c,19523,8.7205,100
430b2b2e,25899,8.7178,160
350e202c,21172,8.7205,100
6ec5aabd,14495,8.7178,100
200e9189,15331,8.7205,100
7db57edd,16382,8.7205,112
1c12b07e,20059,8.7205,100
d56a0e4,15974,8.7205,100
6bf8029,16680,8.7205,100
491dfe22,25401,8.7205,160
2821f8bc,17688,8.7205,100
ace35fe,2090,8.7205,15
5e987ff7,20691,8.7205,100
66f1a540,20703,8.7205,100
403bab52,17288,8.7233,100
3ba1076e,16200,8.7233,112
265bb02a,14837,8.7233,100
4d6bca04,19802,8.7233,100
6c9d61d,24269,8.7233,160
509789c0,14850,8.7233,100
63be6ecb,15330,8.7233,100
16ab0c71,10383,8.7233,72
b379a8b,16776,8.7233,100
268e0be3,19758,8.7178,100
6702dba4,20649,8.7233,152
77da29b9,25415,8.7233,160
15e403cc,25976,8.7233,160
6e0cd1a2,17699,8.7233,100
22303039,24532,8.7233,160
539e0020,17779,8.7233,100
75af6c0b,18666,8.7233,100
67166ac2,8472,8.7205,57
40e0fb11,18495,8.7233,100
6372aacc,24605,8.7233,160
40ce2982,20558,8.7233,100
4e0fcaa4,21260,8.7233,100
7fa2773f,14873,8.7233,100
257d2b4,19811,8.7233,100
5e1917ac,21122,8.7233,100
4e91c370,14676,8.7233,100
16475bc0,15785,8.7178,100
41f03753,20896,8.7233,100
73c6f584,18426,8.7233,100
1fb17f4c,18551,8.7233,100
5f7ba589,15445,8.7205,100
7af29880,16430,8.7233,112
3e5c288f,18453,8.7233,100
2a036b17,14855,8.7233,100
2856c433,19539,8.7233,100
1116b5a8,23460,8.7233,160
468e7f21,12930,8.7205,89
19c93f2f,19970,8.7205,100
2823b4d2,14284,8.7233,97
64d30dcf,17274,8.7233,100
364a8ab9,24770,8.7205,160
3089c26,19209,8.7233,100
16de0372,16637,8.7233,120
5368fb2f,15788,8.7205,100
665840b4,2065,8.7205,15
4a51184,18572,8.7233,100
438b449a,15707,8.7205,100
57ae7e47,15079,8.7233,100
7357d9e6,15336,8.7233,100
5fd2cf39,16693,8.7233,100
4664efcd,17276,8.7233,100
7de9070d,25445,8.7233,160
8b61078,19625,8.7233,146
629ced00,19728,8.7205,100
49ee7ed9,17793,8.7233,100
2fc9905c,16185,8.7205,112
e5080d7,24017,8.7233,160
662b299b,17874,8.7233,100
7d0a814,18193,8.726,100
2a1b103,21526,8.726,100
61099a7b,17676,8.726,100
5ed10030,17156,8.726,100
5cc383f6,15304,8.726,100
536508c4,19054,8.726,100
19aedd85,22956,8.726,160
7e928a91,18049,8.726,100
2814c5f3,15451,8.726,100
24c43b52,21131,8.7233,100
68883f34,8149,8.726,50
135029c9,24164,8.726,160
79fcef30,16150,8.726,112
77c986a1,19766,8.726,100
136cdf34,22955,8.726,160
5e1166f3,2064,8.726,15
4c9d0299,26287,8.726,160
5286e155,14599,8.726,100
6941892a,19123,8.7233,100
3c324c0f,19018,8.726,100
181f18da,25227,8.726,160
7d76dec5,16494,8.726,112
189b1098,17163,8.7233,100
36e775b0,2233,8.726,15
56de627e,19208,8.726,100
5b34ce17,21182,8.726,100
1d150e96,14609,8.726,100
27da54b4,18840,8.7233,100
5dcad27c,5879,8.726,44
463e776d,14799,8.726,100
508d6680,20579,8.726,100
7565337d,15789,8.726,100
4031e2f9,14665,8.7205,100
10ce1a96,19665,8.726,100
4b6381b1,18074,8.7233,100
6762bd84,25343,8.7233,160
4e115164,23404,8.726,160
70e1573b,15639,8.726,100
2c437c81,25446,8.7233,160
34930e17,21431,8.726,100
4eb1cf31,17144,8.726,100
79210512,19961,8.726,100
4995bb49,17882,8.7233,100
655ae7da,15873,8.726,100
25d26407,17868,8.7233,100
542afc3a,15676,8.726,100
aad9616,20750,8.726,100
30815a05,12886,8.7233,89
2570ff8,15101,8.726,100
3413b1e9,23387,8.726,160
375b507d,20043,8.726,100
d3065e1,25804,8.726,160
37229370,18839,8.726,100
1e17e084,19928,8.7233,100
73a28383,16583,8.7233,112
7db3ff7b,22540,8.726,160
45d83c47,17396,8.726,100
57d0ecd6,14847,8.726,100
5ea95aae,24753,8.726,160
7f1b923f,14778,8.7233,100
18c2b8c4,21180,8.726,100
7a68d480,23524,8.726,160
6e809d49,23136,8.726,160
4da970cc,15071,8.726,100
304d062c,20682,8.726,100
6f6ab506,17990,8.726,100
40a0f525,15197,8.726,100
7cd0f565,23473,8.726,160
16d04563,24359,8.7233,160
6b8382e2,16503,8.726,112
10797865,25771,8.7288,160
57b7be92,18799,8.7288,100
2c3712dc,14678,8.726,100
3858a164,19905,8.7288,100
63b94c5a,17598,8.7233,100
9102d91,20451,8.7288,100
1da56f9d,2136,8.7233,17
600baecc,20578,8.7288,100
4979e50b,24173,8.7288,160
410d2510,24195,8.7288,160
7762632b,17062,8.7288,100
4a22dec5,25936,8.7288,160
4c753b37,21841,8.726,160
64f8b20c,19671,8.726,100
e7ee83,2222,8.7288,15
5bebab67,17202,8.7288,100
5c6fdcac,19988,8.7288,100
32416267,21611,8.7288,100
3926e895,20804,8.7288,100
186f556f,18569,8.7288,100
27433317,17272,8.7288,100
70f9d20a,19476,8.7288,100
56b11ef,20403,8.726,100
b073397,13941,8.7288,97
69a1dbb5,19955,8.726,100
57c4861d,5485,8.7288,37
a7d1163,18617,8.7288,100
38d41030,15790,8.726,100
5fcf08ec,19803,8.7288,100
254fbbe1,16654,8.726,100
2cc88966,23471,8.7288,160
4e5c7395,25532,8.7288,184
5611bffe,16984,8.7288,100
713e55b8,17742,8.7288,100
19d57140,15858,8.7288,100
34b87934,23499,8.7288,160
6f8dde12,14385,8.7288,100
6c1dc5ce,15735,8.7288,100
4cf79d02,19692,8.7288,100
5e70f67c,18800,8.7288,100
29f6455f,21656,8.7288,160
280a733d,14898,8.7288,100
2a3be047,20019,8.7288,149
73a1206a,17650,8.7288,100
68e65ffc,15934,8.726,100
138e5a46,5629,8.7288,36
1cd5ea5b,20920,8.726,100
66c2a9a8,24302,8.7288,160
1c9a676a,24299,8.7288,160
46d9c2ba,21095,8.7288,100
2764fc4d,16661,8.7288,100
1275f109,7040,8.7288,50
54188ee0,16834,8.7288,121
1b76123e,16266,8.7288,112
1332dff8,23319,8.7233,160
1334cf47,13745,8.7288,97
3cb3c4f,23802,8.7288,160
280739ea,24823,8.7288,160
2d4fee0d,20733,8.7288,100
18344214,14925,8.7288,100
4f029424,18867,8.7288,100
42473c19,21311,8.7288,100
1a549c2f,14737,8.726,100
539e85d2,2137,8.7233,17
173262a,15026,8.7288,100
3b6de0f2,21008,8.7288,100
4031b472,17241,8.7288,100
67a609b3,5861,8.7288,43
38670807,25791,8.7288,160
7f7c211b,16006,8.7288,100
2b423476,18337,8.7288,100
669d8748,15450,8.7288,100
2f045e7e,14722,8.7288,100
31a1f1b9,2353,8.726,18
2f4b6a6f,15710,8.726,100
1490d449,16573,8.7288,112
7e54cba6,18203,8.7288,100
3659f02a,23255,8.7288,160
15900a74,20704,8.7288,100
1fbd6849,14583,8.726,100
212f6e3e,17206,8.726,100
55436066,21849,8.7288,160
40150310,17572,8.7288,100
349ec47b,26130,8.7288,160
59d75166,17137,8.7288,100
6e9a1248,14631,8.726,100
20941fad,14290,8.7315,97
d4d23a3,15701,8.7315,100
635b9506,18238,8.7288,100
48f1852c,18338,8.7315,100
1db85d13,17180,8.726,100
6486efa9,14129,8.726,97
a0e3d55,15452,8.7288,100
6eba682,23320,8.726,160
3438760e,19623,8.7315,146
34517e53,21709,8.7315,160
70cd5510,14557,8.7288,100
bd23ac9,16210,8.7288,112
7c2db5bb,16307,8.7315,112
43b1ff8b,24526,8.7315,160
594e4738,18236,8.7315,100
43d02aaa,15928,8.7288,100
684c2720,16000,8.7315,100
5241cf06,18961,8.7315,100
2d93fa64,20805,8.7315,100
5425911b,19696,8.7315,100
1ec02f62,16492,8.7288,112
351ccc05,18805,8.7315,100
775b3576,21659,8.7315,160
2b3eed64,21075,8.7288,100
2f37d592,12887,8.7315,90
341a7c5e,21541,8.7315,100
67b5e23c,19670,8.7315,100
496b8b39,16482,8.7315,112
15620abd,19075,8.7315,100
727d6cc3,18908,8.7315,100
3a91c4b2,15155,8.7315,100
2f36b29a,16562,8.7315,112
2a847223,19039,8.7315,100
330618c4,24546,8.7315,160
706ee42,15859,8.7288,100
33e96a68,23808,8.7315,160
1dbe2e5a,18810,8.7315,100
14a252a4,24021,8.726,160
17e1a8cc,24747,8.7315,160
888ae8d,17212,8.7315,100
5cc91ab6,20752,8.7288,100
27a5308c,19472,8.7315,100
4b8516dc,13872,8.7315,97
4db45a7a,25939,8.7315,160
1cb58e3e,25410,8.726,160
57893cc8,26398,8.7315,160
592657e5,18075,8.7315,100
3a7699eb,21469,8.7315,100
55fe7355,25545,8.7288,160
4b0f7a5e,13942,8.7315,97
20fd95a5,19771,8.7288,100
2ecae990,21424,8.7315,100
88843c7,2288,8.7315,18
38650502,13006,8.7315,89
74f9ff16,12724,8.7315,84
d861e70,16780,8.7315,100
47dae27c,16675,8.7315,100
5707b290,17879,8.726,100
7c065e4d,23801,8.7288,160
2bbc0eb6,19501,8.7315,100
6cbde629,20906,8.7315,100
51750050,2054,8.7342,15
412cd100,15324,8.7342,100
2b557887,19390,8.7315,100
285a4f6a,21563,8.7342,100
35c20f7,2234,8.7342,15
5154bdb1,23837,8.7342,160
76d7c24a,20914,8.7315,100
76461d57,19971,8.7342,100
c9d2dea,25896,8.7342,160
78d0b0fd,24499,8.7315,160
30dde83f,18855,8.726,100
7637f7d6,18567,8.7315,100
13a06687,19323,8.7342,100
6e0a7b56,17674,8.7342,100
364394a8,25188,8.7342,160
2ed1c930,20806,8.7342,100
31c9fab8,20058,8.7342,100
78093210,19960,8.7342,100
680df7c8,18466,8.7342,100
55e0f154,20796,8.7342,100
2b82cd6a,18573,8.7342,100
1a2af3b8,15055,8.7342,100
1d1ee482,16653,8.7342,100
4f6a7f83,18622,8.7342,100
4fa6dc24,25109,8.7342,160
72f2b127,14597,8.7342,100
3f883bf2,21333,8.7342,100
5558e275,16356,8.7342,112
7c02e8a1,17989,8.7342,100
2ce65306,13020,8.7342,89
22a03a72,19359,8.7342,100
7997936d,16353,8.7342,112
4b7ab434,15240,8.7315,100
594ddf42,13018,8.7342,89
35d34102,24304,8.7315,160
270a5687,21071,8.7315,100
464d2c25,20442,8.7342,100
58e15573,14679,8.7342,100
2cde2e10,19969,8.7315,100
39ea4f03,10108,8.7342,67
27af971e,18530,8.7315,100
85b19b8,13969,8.7315,98
7d90c85a,2102,8.7342,15
16e902bc,21662,8.7342,160
4da56018,20801,8.7342,100
1de336cd,20594,8.7342,100
66caff33,17634,8.7342,100
38e8fdb4,19929,8.7315,100
5eabff11,18120,8.7342,100
5afaef57,25063,8.7342,160
6b78a05c,2130,8.7342,17
33b9a7ff,20382,8.7315,100
1402f5da,15727,8.7342,100
15d0d33c,16188,8.7342,112
7123f696,16441,8.7315,112
185d1686,26015,8.7342,160
36893f91,24469,8.7315,160
3526b0bf,18834,8.7288,100
4576d062,16442,8.7342,112
267ccc14,17141,8.7342,100
56e5077b,18649,8.7342,100
294c214b,15196,8.7342,100
6990541a,14289,8.7342,97
1730488c,16202,8.7342,112
4d48f97f,19626,8.7315,146
40f40e2c,17210,8.737,100
34a86901,16529,8.737,112
8fa2900,2321,8.737,18
63a18c81,22648,8.737,160
2229dab7,20404,8.737,100
3d74cacf,22629,8.7315,160
76c0cc51,23565,8.737,160
162539cb,16288,8.737,112
4fceb026,15702,8.737,100
794151e8,24190,8.737,160
20e4e8da,14527,8.737,100
50b60ad3,18344,8.737,100
6fe29a6f,14579,8.737,100
55175835,15578,8.737,100
52b2d875,19299,8.737,100
3232b062,24771,8.737,160
497875a9,20728,8.737,100
39c3e629,24754,8.737,160
26c14a43,2060,8.737,15
62f45f9e,25925,8.7288,160
3a657995,15453,8.737,100
45625202,24606,8.737,160
4fbda23a,17769,8.737,100
63827adc,20042,8.737,100
4a9f469b,14454,8.737,100
23cad19d,20901,8.7342,100
74ef65a4,25416,8.737,160
6941fbe,21421,8.737,100
14bc2bc6,18828,8.737,100
5661a571,2053,8.737,15
12d3bb40,20893,8.737,100
50dd2d54,22582,8.737,160
264571fb,23321,8.7342,160
53761a97,16123,8.737,112
5c3b8718,11782,8.7342,83
7aaebc3,21331,8.737,100
aed9864,23736,8.737,160
692c990c,19750,8.737,100
24ecd75,18090,8.7315,100
69afd076,16201,8.737,112
398bca73,15829,8.7315,100
5fc35b9e,16309,8.737,112
522a4d93,20023,8.7342,149
45910bc0,17307,8.737,100
222e9953,18502,8.737,100
67743923,15576,8.737,100
6732b68b,25411,8.7342,160
5e7cab48,16471,8.737,112
2ab06ea6,5863,8.737,43
5aaaf389,24553,8.7342,160
7c829ea2,15128,8.737,100
3a790d30,20696,8.7342,100
488d621a,15705,8.737,100
6161f0f3,17636,8.737,100
3fdc6b55,17953,8.737,100
97e05f3,20900,8.737,100
7b9c9961,17792,8.7315,100
5822a9ba,19614,8.737,146
6e7c167,19919,8.737,100
36aa3c25,18080,8.737,100
4f02e69e,6288,8.737,1
504a298e,24273,8.737,160
1de83544,26219,8.737,160
4cf6c8cc,19334,8.737,100
1cc36826,22173,8.7342,160
7a4479c8,19248,8.737,100
222a5608,25094,8.737,160
232d0d9a,16777,8.737,100
121410b6,25941,8.737,160
6be115ce,15061,8.737,100
7d4b17a2,18439,8.737,100
7fb35eae,7742,8.737,54
2660f2a9,23232,8.737,160
568a6a7b,17443,8.737,100
1e604b7,21358,8.7397,100
1d80eced,15942,8.7342,100
78a397dd,26378,8.737,160
59f7c7da,19573,8.737,100
69dd65df,18204,8.7397,100
5caba72d,25222,8.7397,160
46d6dfd1,19477,8.7397,100
222fb5a9,11798,8.7397,83
45017f21,19968,8.7397,100
44122a63,16249,8.7397,112
31079d86,25332,8.7397,160
34ca4d67,23065,8.7397,160
6b9734aa,16688,8.7397,100
2521a68e,18152,8.7397,100
7035c17b,14624,8.7397,100
16f20b6f,21545,8.7397,100
44924f7f,17294,8.737,100
df8fa4d,25808,8.7397,160
6c2f94b5,16176,8.737,112
324fbe52,22334,8.7397,160
34e06207,25946,8.7397,160
625f3a53,19765,8.7397,100
72c58091,2138,8.7397,17
3d371db5,19020,8.7397,100
5bd20c3a,21321,8.7397,100
af0b04e,18297,8.7397,100
11e69ee1,19324,8.737,100
4f794544,25536,8.7397,160
4a2633ab,8142,8.7397,50
45db8861,25223,8.7397,160
606f17ad,23200,8.7397,160
65392d81,15936,8.7397,100
1ef9f1e6,17540,8.737,100
4d88f838,17741,8.7397,100
778ead8,24790,8.7397,160
6594f5de,19210,8.737,100
1fb247e5,15413,8.7397,100
334b34b7,5570,8.7397,36
62ec95f9,15256,8.7397,100
22029d56,20401,8.7397,100
2f026b9c,17184,8.7397,100
d408c65,25923,8.7397,160
45060c47,20803,8.7397,100
43430a43,23580,8.7397,160
751dd750,20680,8.7397,100
497f0ce4,16146,8.7397,112
3cee55b8,16322,8.7397,112
67244174,18968,8.737,100
4105fc1a,26345,8.737,160
7c18bd97,20409,8.7397,100
588a58c,15722,8.737,100
4db196dc,17185,8.7397,100
33c4947,22392,8.7342,160
465697b5,24535,8.7397,160
7f9b7eed,16899,8.7425,100
3e5d10b4,16422,8.7425,112
5f4a1049,21881,8.7397,160
2dd3cf2a,18944,8.7425,100
99bb06b,16900,8.7425,100
5f95d95c,17207,8.7425,100
505252bf,5607,8.7425,36
634b7d00,19624,8.7425,146
378781ea,15437,8.7342,100
46a9f17f,16584,8.7425,112
42c84bf,14468,8.7425,100
3cb74a47,18970,8.7425,100
11aa4fab,23571,8.7425,160
37b404ea,21423,8.7425,100
3e1f296a,18745,8.7425,100
5ef64b6a,25788,8.7425,160
5815d781,17023,8.7425,100
4f111b3d,18163,8.737,100
8022fcc,17291,8.7425,100
644388bd,16781,8.7425,100
121cf26b,25552,8.7425,160
5593dbe6,19399,8.7397,100
4c76f2d7,5955,8.7397,1
34089d84,21325,8.7425,100
41f2bec4,15080,8.7425,100
af511f7,17927,8.7397,100
71eeba34,15354,8.7425,100
17afd30,19360,8.7397,100
55aa7745,22257,8.7425,160
7772aeae,19531,8.7425,100
73c9956e,23332,8.7425,160
15bfcf94,16383,8.7425,112
250c755a,15237,8.7425,100
11315f4,24214,8.7425,160
231a3ee1,15200,8.7425,100
417fe3f2,2265,8.737,18
7e226c56,17551,8.7425,100
38c2606d,17997,8.7425,100
4addbca2,19019,8.7425,100
7403b678,14501,8.7425,100
192e2472,22393,8.7425,160
32c4ee32,24446,8.7397,160
15db7c64,17301,8.7425,100
45714fe2,12916,8.7425,89
7c02b8d1,21542,8.7425,100
14670e97,21432,8.7425,100
1c7c757,26240,8.7425,160
4f31a357,14496,8.7425,100
269c4e50,13021,8.7397,89
aa3ffa2,18837,8.7397,100
35616cde,23952,8.7397,160
7fde7f0a,16262,8.7425,112
77084a3e,19249,8.7425,100
33a27441,18613,8.7425,100
2669d378,24228,8.7425,160
18d04cf7,12952,8.7425,89
2306be28,18368,8.7425,100
2d3cbc69,15129,8.7425,100
d9cc5f3,15257,8.7425,100
6506352b,2354,8.7425,18
7fab6a88,17061,8.7397,100
21b10e3,15038,8.7425,100
37bc5ee0,14478,8.7425,100
5c64b6b9,18112,8.7397,100
81f7f73,23206,8.7425,160
2c44bbd2,17092,8.7452,100
79daabe4,12961,8.7452,89
721b18,19524,8.7397,100
73e50882,20513,8.7452,100
1b1ce9a3,18747,8.7452,100
7a76a707,20600,8.7452,100
56dfb626,17514,8.7452,100
65130638,17751,8.7452,100
4665dd3e,15573,8.7452,100
1d1f7c68,14784,8.7452,100
521eae53,16260,8.7452,112
795b4cb0,15807,8.7425,100
13052497,18382,8.7397,100
113fe288,19280,8.7452,100
772530fb,19867,8.7452,100
50ee647a,16420,8.7452,112
73738c1b,15087,8.7452,100
33305486,20622,8.7452,100
1d360b5f,21166,8.7452,100
43ca42ea,16250,8.7452,112
7758154d,16421,8.7452,112
60a4335d,16358,8.7452,112
f586806,5967,8.7452,1
2299f641,16052,8.7452,112
33552dea,19725,8.7452,100
72aade06,22681,8.737,160
3e7e900d,15961,8.7452,100
5338527d,16435,8.7452,112
654d58c7,20955,8.7425,100
49180f8d,15447,8.7452,100
6d66a246,21464,8.7452,100
27d2b91f,14923,8.7452,100
68d36515,17869,8.7425,100
5190097d,20740,8.7452,100
3668bc22,14628,8.7452,100
3f05a905,2327,8.7425,18
13f6cbe,15337,8.7425,100
67a95831,14902,8.7425,100
55810f9a,2331,8.7452,18
26fb20a4,23746,8.7452,160
3424f8ff,18801,8.7452,100
531ea7d4,20967,8.7452,100
1961469a,23715,8.7452,160
44c167f3,19536,8.7452,100
3b4091cf,14934,8.7452,100
28b07558,19841,8.7452,100
3bf6b342,19579,8.7452,100
778cf4d0,23567,8.7452,160
7447b530,18077,8.7452,100
4bb69c9e,16251,8.7452,112
60073a05,20405,8.7452,100
4f2a8d28,12928,8.7425,89
6ee5e9e4,19729,8.7452,100
27423f3d,18668,8.7425,100
5dd62ada,19865,8.7452,100
480ad39f,15558,8.7452,100
1e1db2d,19386,8.7425,100
400ab83c,21671,8.7425,160
7687dcd7,16500,8.7425,112
56e1291d,19564,8.7452,100
59d6b85f,21668,8.7397,160
4c083001,19307,8.7452,100
4212c33,21817,8.7425,160
5b57546b,17801,8.7452,100
372f0b1e,16841,8.7397,121
3a2abdc2,16151,8.7397,112
772f7572,24303,8.7479,160
7266b4aa,25907,8.7479,160
37e75e00,21535,8.7479,100
4a37d78b,15723,8.7452,100
56f2a09b,25754,8.7479,160
19ca36a0,16321,8.7452,112
6a080143,2058,8.7452,15
76e14cf6,15544,8.7479,100
7bfb0b74,14780,8.7452,100
384e8ae8,18127,8.7479,100
1c8a567c,15042,8.7479,100
70f9c477,20324,8.7479,100
3fac61e7,12998,8.7479,89
4f693216,19715,8.7479,100
c03a062,20443,8.7397,100
7023e3d0,22102,8.7479,160
2f00ba3d,18504,8.7479,100
63556cff,17818,8.7479,100
5db1c69e,19303,8.7479,142
4c207dfa,1984,8.7479,13
78a9d78f,1983,8.7479,13
66dbe711,18307,8.7425,100
2e215da1,23910,8.7479,160
7d77ebcd,16531,8.7425,112
32779634,25989,8.7479,160
4e8942b9,21883,8.7479,160
bad1c04,21322,8.7397,100
2f458485,18467,8.7479,100
768f0643,17994,8.7479,100
6d2e2b23,24745,8.7479,160
6366d684,21164,8.7425,100
48bbd0,13005,8.7479,89
32a66f0,15837,8.7479,100
1f413285,18349,8.7452,100
a70bc75,16652,8.7452,100
4a46051f,16154,8.7479,112
f15a1bc,26197,8.7479,160
5f37a308,25228,8.7479,160
5fd84b48,20771,8.7479,100
499b8f2c,19220,8.7425,100
5271f45,20385,8.7479,100
338f05fd,24298,8.7452,160
11b54a71,18347,8.7479,100
672d69b,23555,8.7452,160
caad104,20650,8.7479,152
724af19,10110,8.7479,67
195ddd52,16305,8.7479,112
1e7ff6d5,16357,8.7479,112
52369369,18383,8.7452,100
673d3c23,21009,8.7479,100
4d335325,15376,8.7452,100
268718c3,14691,8.7479,100
69ebad9c,20684,8.7479,100
57664c80,19401,8.7452,100
33936354,17333,8.7479,100
44d38f39,15971,8.7479,100
2218f111,18025,8.7479,100
162b3f83,18607,8.7479,100
3e8a67d1,21072,8.7479,100
7b9e14c,13000,8.7425,89
66f89d7e,17780,8.7479,100
4009dc93,13958,8.7479,97
38d78c9,19387,8.7452,100
4c95981c,2347,8.7479,18
21cccab0,21834,8.7479,160
37da09a,20410,8.7479,100
6bdedb0c,14246,8.7479,97
b6beb13,26286,8.7479,160
4c353984,23955,8.7507,160
22a229e8,22297,8.7507,160
3fb9900b,20100,8.7507,100
6bded79c,14928,8.7507,100
e423a7a,17925,8.7507,100
42c3e04d,14944,8.7507,100
3d9cbf33,14023,8.7507,97
4e564943,20061,8.7479,100
7011c3ee,19898,8.7479,100
53a90522,14288,8.7507,97
4f894e83,20518,8.7507,100
4c2774c7,16646,8.7507,120
149a3f57,16775,8.7452,100
3cadc2bd,20667,8.7507,152
68fa60d6,17091,8.7479,100
1433f1a5,19295,8.7507,100
43f0663,23470,8.7507,160
7361e8fe,19069,8.7507,100
4973b19,20732,8.7507,100
41b2cc5b,22170,8.7507,160
7a75f86b,25897,8.7507,160
6afd9c3,26087,8.7507,160
3bdd65fc,25991,8.7479,160
211f69c3,16682,8.7507,100
5a1f990e,13919,8.7507,97
27e338e6,17284,8.7507,100
6c5aa6c8,25229,8.7479,160
39b9bd88,24475,8.7507,160
41a01abd,12960,8.7507,89
118265f0,15574,8.7479,100
2857fdee,23595,8.7507,160
5cf65091,22258,8.7452,160
1dc2cc40,23199,8.7507,160
1cb304af,18575,8.7507,100
1fed97ed,20478,8.7507,100
3c5bd886,21173,8.7507,100
8c2a173,22023,8.7479,160
66de1a22,4207,8.7507,21
3ad341dd,17423,8.7507,100
6df56a75,2290,8.7507,18
1ed4cad9,17651,8.7452,100
3803949,15383,8.7507,100
15992c11,16407,8.7507,112
bb0a5c,23592,8.7507,160
7eb099b8,18603,8.7507,100
53f95a15,15787,8.7507,100
690bf6f1,19258,8.7507,100
1966468f,24305,8.7507,160
6fbb06ab,18366,8.7507,100
35aea665,16304,8.7507,112
2c1e7b37,17024,8.7507,100
59ad705d,22194,8.7507,160
6f27b9e7,2291,8.7507,18
2ffaa7e8,17670,8.7479,100
7062a6e3,19823,8.7479,100
10c57e03,17987,8.7507,100
6afa5e14,14669,8.7479,100
fcaa816,22022,8.7507,160
35f6708a,23786,8.7479,160
ef82551,20452,8.7507,100
36cad064,22342,8.7534,160
6c9a44b3,19667,8.7534,100
6a6e0b8a,22195,8.7534,160
2573793b,25631,8.7507,160
455ad401,18385,8.7534,100
7bdbafc5,20211,8.7534,100
61f3d96f,18113,8.7534,100
5f77decb,13024,8.7507,89
4c9ee3f8,12911,8.7534,89
6a1dd829,20921,8.7507,100
155a5ca4,23911,8.7534,160
74ba4942,20768,8.7507,100
4f00f50e,15239,8.7534,100
4bd8a057,2062,8.7534,15
c207af4,15738,8.7534,100
2af6c26b,14231,8.7534,97
776d7fd5,21546,8.7534,100
6296fabe,21842,8.7534,160
44840fc3,19325,8.7507,100
6c4234a3,19161,8.7534,100
633a1405,20512,8.7534,100
7fc37793,18336,8.7534,100
2a5521df,19004,8.7507,100
57cfef1a,22259,8.7534,160
646643da,24295,8.7534,160
fddf2a,19419,8.7534,100
3254d33,15709,8.7534,100
65715654,25209,8.7479,160
2bbac572,15244,8.7534,100
7d942b4c,5877,8.7534,43
82a2623,20916,8.7534,100
13feaf5b,13009,8.7534,89
3a9b34c2,17768,8.7534,100
47f7f7b6,26288,8.7534,160
1be56a4f,14556,8.7534,100
7d879a1f,18698,8.7534,100
666b9273,17418,8.7534,100
79522cf5,18271,8.7534,100
183cc23,24554,8.7534,160
58e9bcb8,20970,8.7507,100
22d105c3,19804,8.7507,100
514bf774,22120,8.7534,160
56ec3be3,19465,8.7534,145
177a0443,14193,8.7534,97
168a859,20399,8.7534,100
207875e2,14067,8.7534,97
45137931,5969,8.7534,1
7fd183ea,25931,8.7534,160
48d59cd0,18928,8.7507,100
fcad195,17310,8.7507,100
51cefbac,24271,8.7534,160
22f3fcac,17311,8.7534,100
3d6ecb1,16566,8.7534,112
4624d73e,20705,8.7534,100
1f3bf016,14639,8.7534,100
398e6bc6,25546,8.7534,160
12bb7988,15724,8.7507,100
425e6c7,19236,8.7534,100
64584c5a,18105,8.7534,100
a932813,15436,8.7534,100
1d931102,14792,8.7534,100
24a3bb87,17296,8.7507,100
6e39348e,20491,8.7534,100
4581f450,17988,8.7534,100
631d4a26,18730,8.7479,100
5a5bba41,7736,8.7534,54
7d6168c0,25213,8.7534,160
37882048,10376,8.7562,72
466273f2,19215,8.7562,100
3e4d10e5,24185,8.7562,160
39433cdf,17119,8.7562,100
43425783,15895,8.7562,100
4f92745f,17164,8.7562,100
396e8785,16341,8.7562,112
6f726275,17864,8.7562,100
4ff70e80,26215,8.7534,160
139bbbad,18254,8.7562,100
5e0444f4,22539,8.7562,160
2299f48b,17203,8.7562,100
55ed7d56,17186,8.7562,100
1b65f295,23809,8.7507,160
67ba36e9,19957,8.7562,100
a6abb39,10384,8.7562,72
34d370ef,14904,8.7562,100
16cdba,18822,8.7562,100
362dae2f,22168,8.7562,160
69c178a0,20666,8.7562,152
d3fc749,21559,8.7562,100
46ba397f,25612,8.7562,160
70f7470f,16644,8.7534,120
59f5d2ec,16835,8.7562,121
7a69220b,21560,8.7562,100
2b70d3e8,16504,8.7562,112
4996aa5e,18306,8.7562,100
74b55990,17993,8.7562,100
76717d88,20210,8.7507,100
5ef003d2,22733,8.7562,160
1475e83c,15039,8.7534,100
393786c9,17308,8.7562,100
7e3ee89c,26295,8.7562,160
458f1feb,19874,8.7562,100
1b3f6a1b,14899,8.7562,100
20305548,23881,8.7534,160
14039836,20956,8.7562,100
3090dc47,20310,8.7562,100
4970ed24,16588,8.7562,112
25b49e49,13957,8.7534,97
a7689ae,15332,8.7562,100
53b626b1,7735,8.7452,54
18f9bd53,16647,8.7534,120
24eec8de,25914,8.7534,160
6ab261bc,16642,8.7534,120
787673e5,15940,8.7562,100
5a4ef3b6,20887,8.7562,100
6ba45cc9,19772,8.7534,100
183ff82,21776,8.7562,160
5b097860,25393,8.7562,160
e4f5577,5575,8.7562,36
456df600,14580,8.7562,100
68136e58,17442,8.7562,100
39b27c89,20239,8.7479,100
7849c142,21027,8.7534,100
c59c7d1,16022,8.7562,100
26aefdac,14167,8.7562,97
55bc268f,22585,8.7562,160
5a2790a9,15947,8.7562,100
36bd7055,18910,8.7562,100
63c9aeab,25851,8.7562,160
21ec9a4c,20329,8.7562,100
2016c5ec,20002,8.7562,100
707e5040,2061,8.7562,15
44c2889e,19661,8.7562,100
6ad0ca5b,24229,8.7479,160
2f2b13b7,19052,8.7589,100
bc76bf1,25993,8.7562,160
2d55ba42,23610,8.7589,160
1b988283,23368,8.7589,160
7d83510e,15130,8.7589,100
116ddef7,15725,8.7589,100
66acd1c6,21529,8.7589,100
662be0fb,15242,8.7589,100
71174d5d,21299,8.7562,100
3ad925ec,21357,8.7589,100
1c7d611,15808,8.7589,100
7ea22ab8,13920,8.7589,97
7e00f64b,15708,8.7589,100
4795ed48,19710,8.7589,100
78dddcf5,19251,8.7562,100
17c5debc,23138,8.7589,160
6e0ec0a1,17440,8.7589,100
6999f85,21117,8.7589,100
29bcdd43,25578,8.7589,160
31af1b1d,21506,8.7562,100
2e7ff72e,23654,8.7589,160
7b00cf1a,20477,8.7589,100
458582c4,23572,8.7589,160
a1c19f2,20099,8.7589,100
52427920,4226,8.7589,21
43228c5f,2332,8.7589,18
3ea7f33e,16665,8.7589,100
575dc58c,7747,8.7589,54
3de4951c,14207,8.7562,97
6a73a68b,20546,8.7589,100
6b4c86f8,20454,8.7589,100
52844fb8,14198,8.7589,97
4bd17c81,20869,8.7589,100
3ce1cc8e,18857,8.7589,100
64a516be,20316,8.7589,100
180c189c,14488,8.7589,100
3315f6ac,23474,8.7589,160
439c96f9,22892,8.7589,160
369cf7f,18701,8.7589,100
31def620,19884,8.7589,100
22539479,15044,8.7534,100
2d62c621,21594,8.7589,100
a6eb62a,25790,8.7534,160
4731922f,14689,8.7589,100
198031f,17211,8.7589,100
d46e128,21270,8.7589,100
7cd6b87d,20453,8.7589,100
2d87a709,18239,8.7589,100
3af08ec3,14688,8.7589,100
4550a051,16479,8.7589,112
e3bf23e,19300,8.7589,100
4ffa881d,22201,8.7589,160
714291b7,19737,8.7589,100
3de05dbe,25683,8.7589,160
3150e5e6,14493,8.7562,100
602b4bf0,18505,8.7589,100
4e25daa3,17047,8.7589,100
7b0a8d88,17283,8.7534,100
1ea06477,20305,8.7589,100
2869cd90,25394,8.7589,160
e79cbae,16183,8.7589,112
24cd9fe8,25070,8.7589,160
12a767a6,16690,8.7589,100
3deeceb7,16182,8.7534,112
207096a1,24186,8.7562,160
7d2bb350,19906,8.7589,100
4693da72,19252,8.7589,100
6f200f51,14572,8.7589,100
24f0ff74,21399,8.7589,100
19f7f645,20136,8.7589,100
50751383,22953,8.7562,160
91b0d5,20547,8.7589,100
5889baff,16801,8.7616,121
546ca0fd,19920,8.7589,100
373c6c38,15846,8.7616,100
14142ef4,22395,8.7616,160
198e33bb,18969,8.7616,136
cc52c37,23264,8.7616,160
58ccdc3b,17204,8.7616,100
6d9a3a58,24768,8.7616,160
5e1cfbb,24444,8.7616,160
2060ffa4,21415,8.7616,100
1e73d297,25943,8.7616,160
228763fb,12999,8.7589,89
2910fc07,23069,8.7616,160
eaaab5e,12910,8.7589,89
ecd3776,16339,8.7562,112
17cc15ef,19500,8.7616,100
391233d5,23357,8.7616,160
5803e607,24755,8.7616,160
62398ff2,2330,8.7616,18
5287244,14751,8.7616,100
72bc7c63,16189,8.7616,112
364d5732,15355,8.7589,100
5a18757a,19918,8.7616,100
74f037d4,17093,8.7616,100
320cd15c,18340,8.7616,100
2342ec1a,14492,8.7616,100
3ae8fead,22394,8.7616,160
4f5320b3,20614,8.7616,100
1b818e34,24607,8.7589,160
2f978362,25549,8.7616,160
52f71dab,14269,8.7616,97
4f7e9fe,14528,8.7616,100
1390277a,15515,8.7589,100
f3af9,23593,8.7507,160
6a7f6516,15289,8.7616,100
51fcc9be,16397,8.7616,112
9c9e41f,19730,8.7616,100
43c59f0c,12926,8.7616,89
3a64ad7f,21119,8.7616,100
2ba238f0,16376,8.7616,112
1ca4b503,19578,8.7616,100
73766464,17285,8.7589,100
6ce63020,17495,8.7616,100
56b9f0f4,25792,8.7616,160
6f0c4b8d,11723,8.7616,74
2f99574c,22649,8.7616,160
722315af,18900,8.7616,100
6b04754f,20702,8.7616,100
66590b81,23367,8.7616,160
35a9e414,16856,8.7589,121
31f1331,26339,8.7616,160
2678c417,15123,8.7616,100
69fbf090,19160,8.7589,100
211d5eed,16319,8.7589,112
fb65c4c,26241,8.7616,160
74cb5010,25990,8.7644,160
18e2bc4e,24481,8.7644,160
42025169,19666,8.7616,100
92395f2,18256,8.7644,100
344afca6,23733,8.7644,160
1a2f61ef,22541,8.7644,160
4a76f2da,17552,8.7589,100
4fab806f,20358,8.7644,100
5fef6263,18574,8.7644,100
3c231af4,22682,8.7644,160
5d623486,19958,8.7644,100
20ffedd2,8473,8.7644,50
4a77fd4,25932,8.7644,160
20f7310e,20137,8.7616,100
6cfde792,20677,8.7562,100
333306a2,23087,8.7644,160
c5586cf,14573,8.7644,100
626a688f,15229,8.7644,100
1533b90a,25125,8.7644,160
16710d49,20957,8.7616,100
3ddc0f33,16537,8.7616,112
1d1f95b9,16664,8.7644,100
771fa246,12912,8.7644,89
156c94f9,22118,8.7616,160
b69c858,14551,8.7644,100
5611fb91,15884,8.7616,100
36b1651d,17282,8.7644,100
37c20eb7,19221,8.7644,100
46788fea,24460,8.7644,160
316b475,18280,8.7616,100
5a821af5,19237,8.7644,100
7d9200a4,7743,8.7644,54
7f97d723,22343,8.7644,160
3f607761,15467,8.7644,100
491471b8,16444,8.7644,112
38b9fdd,17213,8.7644,100
6ef13828,18378,8.7644,100
2eab8a50,22123,8.7644,160
2f1ed41a,16540,8.7644,112
456de9f0,15954,8.7644,100
1ac7e3f7,25333,8.7644,160
7d10b8ff,16268,8.7644,112
24f70d43,24529,8.7616,160
eff4244,23810,8.7644,160
2b82c037,24538,8.7644,160
53ad42f8,19793,8.7644,100
4facc0db,18125,8.7616,100
3bb55608,16461,8.7644,112
68baa31,16162,8.7644,112
5437d8a,25533,8.7616,184
4b2f4e06,18169,8.7644,100
4568a5ba,25827,8.7644,160
2ecb7e26,16462,8.7644,112
3f08829a,20873,8.7562,100
160b27b8,25521,8.7644,160
2baffb,16483,8.7671,112
36e893de,16861,8.7671,121
79f3667,19466,8.7671,145
5c9ede87,23665,8.7616,160
27799bdc,20306,8.7671,100
68005e6c,16186,8.7644,112
16526105,21517,8.7671,100
3c92ffae,16433,8.7671,112
575e249b,6286,8.7671,1
3d47e322,16396,8.7671,112
3818e7c6,23557,8.7671,160
13dc10e4,6088,8.7671,1
350094f8,14363,8.7644,100
37dc2f89,2274,8.7671,18
4885d863,18255,8.7616,100
3b2dbaa7,14681,8.7589,100
a3b5e6e,13948,8.7644,97
5c4d98c7,23573,8.7671,160
3a6d05ed,24603,8.7671,160
35726527,21660,8.7671,160
11b5374b,15131,8.7671,100
66c38,16505,8.7671,112
6c436885,16325,8.7671,112
207c14d4,25592,8.7671,160
3c5b834d,26294,8.7671,160
33b685c,15398,8.7644,100
c60bfa1,21694,8.7671,160
131fa11,24480,8.7671,160
5ef091ad,15261,8.7671,100
698463d4,26097,8.7671,160
2980cdb6,16152,8.7644,112
49a17220,23896,8.7671,160
40354102,18951,8.7671,100
1a12dd50,16310,8.7616,112
35505ed9,19265,8.7671,100
77a21a21,18864,8.7671,100
1df56886,19179,8.7671,100
1101de35,2275,8.7671,18
2610fc5a,19066,8.7671,100
418499ab,17865,8.7671,100
77036845,15885,8.7671,100
749cc426,14024,8.7671,97
686cf0e6,18913,8.7671,100
493f239d,14671,8.7671,100
2c93b2d0,14270,8.7671,97
4fda8566,16445,8.7671,112
7fc974cb,16574,8.7644,112
4e7d5cd0,15202,8.7671,100
7bc457d6,14480,8.7671,100
602e1c7d,19561,8.7671,100
54f5539f,16789,8.7671,100
70ca0e0d,24522,8.7671,160
29e99d25,25898,8.7671,160
3934a191,21100,8.7671,100
40f048c2,14874,8.7671,100
47236483,23576,8.7671,160
67b9b00c,15392,8.7671,100
2dc096b,20450,8.7671,100
1e781888,19267,8.7671,100
422370b8,17340,8.7671,100
68b08120,14930,8.7671,100
ac54a0c,17819,8.7644,100
707c0079,19490,8.7671,100
5427bf84,7045,8.7644,50
d58b308,17541,8.7644,100
610d8a02,15996,8.7671,100
41382905,16681,8.7671,100
280a6539,20384,8.7589,100
600243c3,20726,8.7616,100
6dd2885b,19933,8.7671,100
6d22e4e5,17928,8.7699,100
16fa67d5,16528,8.7699,112
372a120e,15081,8.7644,100
64943292,24052,8.7671,160
1d7dee0b,2316,8.7699,18
6702348d,21126,8.7699,100
22832377,19198,8.7699,100
67c69517,18835,8.7699,100
15b93252,22191,8.7699,160
63e9da34,23333,8.7699,160
58cad5a5,12745,8.7671,84
5b87e3e8,19760,8.7699,100
b778d86,26338,8.7699,160
57000518,23798,8.7699,160
7a154db6,2059,8.7699,15
74fcd8ac,21530,8.7671,100
3e35ccd4,23882,8.7699,160
43506008,19572,8.7699,100
142f85bf,20679,8.7671,100
44870271,17095,8.7699,100
56ac9bf5,20701,8.7699,100
163cf108,12929,8.7616,89
7e568c0d,16481,8.7699,112
1b7f4b2f,19003,8.7699,100
23e9d3c,25852,8.7644,160
30ffcdbd,14022,8.7699,97
41bace1b,17094,8.7671,100
b4604c5,20969,8.7671,100
7de7afec,18531,8.7699,100
33bb17c8,21480,8.7699,100
5cfb1e12,16645,8.7699,120
2466ddb2,19025,8.7699,100
1f3d85d7,26011,8.7699,160
5fe5c113,19878,8.7699,100
348b8870,21446,8.7644,157
41176a29,24476,8.7699,160
2692581e,19753,8.7699,100
5d644b07,16535,8.7699,112
55f27226,25538,8.7699,160
52fcb777,14943,8.7671,100
24eeccd2,14677,8.7671,100
55603af7,20063,8.7699,100
4cce1837,2176,8.7699,15
4d5c12a5,16001,8.7699,100
3c87c280,23526,8.7699,160
7828eb18,22169,8.7671,160
3e8dd579,25336,8.7699,160
6cd70626,15985,8.7699,100
50e4b42b,17637,8.7699,100
6f2bf504,20836,8.7699,100
3f5dc385,16755,8.7699,100
4b2368f4,15943,8.7699,100
7e4af482,16515,8.7699,112
6bef147e,25655,8.7699,160
1e5fb0c4,5576,8.7699,36
2eecf5de,23549,8.7699,160
7f7c4a6d,16513,8.7699,112
6c23ed18,18865,8.7699,100
f99a9c8,21367,8.7699,100
4612efe0,24457,8.7699,160
5ba0fa6d,2057,8.7726,15
42617071,23201,8.7671,160
3550707f,19021,8.7699,100
107b83e2,17648,8.7726,100
2898972c,18684,8.7726,100
6a8dac1e,21135,8.7726,100
3bb13340,17816,8.7726,100
679ec5c9,21434,8.7726,100
b530fe1,19388,8.7699,100
c39bfc9,18683,8.7726,100
3e20b63d,16473,8.7726,112
2f819cbd,14068,8.7726,97
3c3ea2ab,18108,8.7726,100
7db89512,25789,8.7726,160
469255c6,16414,8.7726,112
65555ddd,18384,8.7726,100
2cb78026,21708,8.7726,160
151e80a7,16409,8.7699,112
4176dba7,24758,8.7726,160
e02dde1,24542,8.7726,160
1ea4cab7,21612,8.7671,100
7f5e7a7c,18725,8.7726,100
8023dd3,24188,8.7726,160
107714e7,17309,8.7699,100
283e952c,17749,8.7699,100
243f97cd,21360,8.7699,100
3d4ada3c,19574,8.7726,100
241904e3,24618,8.7726,160
1532315e,25548,8.7726,160
49f95121,20727,8.7726,100
11a0262c,23956,8.7726,160
7ad0951e,17177,8.7699,100
7eece3db,19332,8.7699,100
7716417,20544,8.7726,100
7d1fd57e,20730,8.7726,100
6d1e0db7,18923,8.7726,100
af3c6fc,22192,8.7726,160
9c446f9,16788,8.7726,100
14aa81c3,11800,8.7726,83
478a054c,19583,8.7726,100
535aff67,19791,8.7699,100
7882987b,18559,8.7726,100
3866ba31,19824,8.7726,148
2f516814,19304,8.7726,100
2bf40b5e,23734,8.7699,160
5890672c,19570,8.7699,100
47590f1b,18432,8.7726,100
4a6392f3,23381,8.7726,160
6ed64263,19271,8.7726,100
65f30a1c,17096,8.7671,100
6addf06e,16016,8.7726,100
3c7f03cc,15414,8.7726,100
60e69b7a,17397,8.7699,100
1db8de90,2103,8.7726,15
186313c9,17520,8.7699,100
5cc6126a,16263,8.7726,112
8af7fc3,14584,8.7726,100
24317c30,16538,8.7726,112
53b87c18,20960,8.7726,100
3a30c3b2,4203,8.7726,21
5345c0fd,20302,8.7726,100
3ffccdbd,16727,8.7671,100
4c5efce6,15132,8.7699,100
5c1601c9,18714,8.7726,100
7b5565cc,15201,8.7726,100
21a9709e,19467,8.7726,145
976e360,17802,8.7699,100
78e1c033,24844,8.7699,160
4363aa05,19875,8.7726,100
2f17e3e9,22290,8.7726,160
23b07d87,14637,8.7726,100
2f3baf0f,25928,8.7753,160
34a5ed4d,21207,8.7753,100
45505b15,21451,8.7726,100
72b6a16,17111,8.7753,100
371b3fd5,19266,8.7753,100
3346fbd4,24661,8.7726,160
6dab4c3b,21777,8.7726,160
7db3f2cc,18856,8.7753,100
3a7c969c,19336,8.7753,100
3ee0425c,19491,8.7753,100
99d0b2f,17044,8.7726,100
6bdabd42,17695,8.7753,100
354c0ed3,22174,8.7726,160
9025884,19335,8.7726,100
6870efb1,17804,8.7753,100
6827fef8,25605,8.7753,160
56a96e13,16729,8.7753,100
3c6d883,15577,8.7753,100
189b7607,15590,8.7753,100
4f1c9bd2,6089,8.7753,1
1565f907,20267,8.7753,100
5258bdd4,25944,8.7726,160
67ef65dc,24234,8.7726,160
24070c68,16985,8.7753,100
f6ed131,18281,8.7753,100
18cf7b15,21302,8.7753,100
4123c55,18224,8.7726,100
18ea14f3,19850,8.7753,100
3d2e9e7,16388,8.7753,112
6174b986,15875,8.7753,100
200616e,18063,8.7753,100
176515ef,23258,8.7753,160
5fe0d67c,17040,8.7753,100
1b1cfc8f,16655,8.7753,100
1a96f593,15714,8.7753,100
34c21eae,24798,8.7753,160
32f46ee6,2066,8.7753,15
25635143,25092,8.7753,160
7ce930a5,24756,8.7753,160
6d5333,21435,8.7699,100
2dfa14c0,14435,8.7753,100
122cb175,24824,8.7753,160
27f5c78d,20741,8.7753,100
4debec8b,19851,8.7753,100
304aade2,22586,8.7753,160
479a0587,24660,8.7726,160
4e5a7b56,23525,8.7726,160
5cc759a2,19582,8.7726,100
3907da65,15399,8.7753,100
2ea656ff,10025,8.7726,1
333b18b6,22098,8.7753,160
55d75d3a,23578,8.7726,160
52046117,14433,8.7726,100
4e09c406,18614,8.7753,100
1ec65584,5878,8.7753,43
251c8bd9,25337,8.7753,160
459fd3ce,20923,8.7753,100
4a4d3ccd,15592,8.7753,100
124fe65f,19492,8.7781,100
3bb0e04a,12746,8.7781,84
3b192ace,16590,8.7781,112
2dc1686f,24048,8.7781,160
7a9a2c37,21419,8.7781,100
5912ccfd,14436,8.7781,100
659cd525,2091,8.7781,15
42824f5e,24300,8.7781,160
1721dc02,20493,8.7781,100
3cf1b145,16692,8.7753,100
73cbe702,19731,8.7781,100
456828f7,2067,8.7781,15
6e528945,21339,8.7781,100
70fd21a3,19326,8.7753,100
4c80aac0,20406,8.7753,100
69252272,19428,8.7781,100
58efcd8a,25210,8.7781,160
7430d262,18030,8.7781,100
6d59057e,15658,8.7781,100
2d2f8c15,19064,8.7781,100
b0a97a7,18161,8.7781,100
79dbe766,21118,8.7781,100
5c0c7fd6,16466,8.7781,112
47f7c46c,7738,8.7781,54
d121f66,20586,8.7781,100
527a06cc,25644,8.7726,160
20d516c9,21674,8.7726,160
30de321e,19698,8.7781,100
74bc2b32,24495,8.7781,160
5d980030,17181,8.7781,100
4b7108bc,19132,8.7781,138
3e44d4ca,19558,8.7753,100
5605d79b,19942,8.7753,100
544bf7f1,14502,8.7781,100
7030728d,21657,8.7781,160
41bba3f1,23609,8.7781,160
2cc7792,14926,8.7781,100
7a0dc15f,24192,8.7781,160
71f24590,17117,8.7781,100
6dcac474,14781,8.7753,100
cdb4eb8,18056,8.7781,100
72ec45b7,24654,8.7781,160
265cc914,16264,8.7781,112
18c86145,2100,8.7781,15
7bf56909,2348,8.7781,18
40a7eb67,18699,8.7781,100
165fd345,22332,8.7781,160
4d464a82,24828,8.7781,160
1d2bdf02,19763,8.7781,100
6228e313,18911,8.7781,100
a85d1e8,19846,8.7781,100
75e89860,25604,8.7753,160
36f88a10,16959,8.7781,100
13edd7a7,15964,8.7781,100
37c35ea3,19525,8.7781,100
6d9fba3,4197,8.7781,21
74034962,24193,8.7781,160
153fa80f,24547,8.7753,160
9aee8aa,23153,8.7753,160
2435997a,14374,8.7781,100
6d786abc,6334,8.7781,1
a537358,26296,8.7781,160
3de6628,18851,8.7781,100
7d4b3541,19269,8.7781,100
300f4b0,19174,8.7781,100
75bd8ddb,22538,8.7781,164
5bbe245a,17424,8.7753,100
2ba1e623,17075,8.7781,100
42d0de0a,16326,8.7781,112
f642f2b,19873,8.7726,100
162eb849,25539,8.7781,160
3c18d222,18618,8.7781,100
182cab7c,14481,8.7781,100
369fc225,17998,8.7781,100
5510c84f,16689,8.7753,100
5061961c,16340,8.7781,112
52e9b0c6,8151,8.7808,50
1a2fce54,21669,8.7781,160
1285b44a,2322,8.7808,18
7f050007,18742,8.7808,100
492e3fee,16351,8.7808,112
1ff7122e,24829,8.7808,160
7ab6fc37,23895,8.7808,160
65461c27,20734,8.7808,100
1ff33b5,15966,8.7808,100
3996ad2b,20950,8.7781,100
740ca96a,18473,8.7808,100
217e24e8,21167,8.7808,100
59e4c9e9,19619,8.7781,146
5517c80b,20486,8.7808,100
44417c3a,10439,8.7808,72
1448493e,26131,8.7808,160
6b9c61df,15431,8.7808,100
20ab37,14464,8.7808,100
4fcfb7a5,24795,8.7808,160
199816db,18620,8.7808,100
11820eae,23327,8.7808,160
147e66ba,16836,8.7808,121
26be990f,21338,8.7808,100
7fc97dcd,21567,8.7781,100
7e3ffbe4,23461,8.7808,160
1913092f,21271,8.7808,100
4bb79de3,18577,8.7808,100
7fa4b64d,24797,8.7808,160
7ec59286,15972,8.7808,100
7f1eb600,24543,8.7808,160
8317485,14026,8.7808,97
52fdad10,24187,8.7808,160
fe546b,15980,8.7781,100
a5a4cc2,16352,8.7808,112
9cc8450,21127,8.7808,100
379e42e2,17341,8.7808,100
36e63d54,14918,8.7808,100
44497aef,17025,8.7781,100
1cad12f8,24539,8.7781,160
712eeb39,24933,8.7753,160
76a564d5,14232,8.7781,97
7934f6ec,12962,8.7808,89
dfa11e0,26289,8.7808,160
b0b5445,19488,8.7808,100
56d51a3d,16269,8.7781,112
888059d,11783,8.7781,83
55a0707d,15728,8.7808,100
6e91bc35,18468,8.7808,100
458bff0,20152,8.7808,100
7aa259b4,21334,8.7808,100
32ce1f90,19081,8.7781,100
643bb22c,25573,8.7808,160
183317a5,21782,8.7808,160
25dd2664,17886,8.7808,100
4ddab492,22292,8.7726,160
f2a1026,23207,8.7781,160
70e3174,18132,8.7808,100
3639793d,18475,8.7781,100
5721cf34,25854,8.7753,160
7a1b9798,22355,8.7808,160
62fdd26d,23472,8.7808,160
3d895534,22957,8.7781,160
6af7e349,25753,8.7808,160
6605dbf6,15387,8.7808,100
6ae703e1,15896,8.7808,100
1d30cb7c,20922,8.7836,100
7ccc3e98,17145,8.7836,100
345e809c,18247,8.7836,100
667475fd,5978,8.7836,1
7d842964,17887,8.7836,100
60a1e0b2,17353,8.7808,100
203bd65a,16342,8.7836,112
65a5843d,26341,8.7836,160
4c9bbeda,23574,8.7836,160
39365ee4,14924,8.7836,100
56fd9d00,18131,8.7836,100
3f6184f6,21498,8.7836,100
280a0883,20628,8.7836,100
39b09aac,19224,8.7836,100
6147f5d3,16122,8.7836,112
6a8d4661,15432,8.7836,100
50a2c3ad,23492,8.7836,160
52c512e4,17303,8.7836,100
2814972a,17421,8.7836,100
76a30696,24856,8.7836,160
761de86d,16911,8.7836,100
30e4e2a8,14249,8.7836,97
3c459e59,18841,8.7836,100
523ca8f1,4220,8.7836,21
4b7b7c5b,20204,8.7781,100
441b9730,20755,8.7836,100
74437095,17954,8.7836,100
5c1d263e,24270,8.7836,160
254bcaf7,18842,8.7808,100
55a96a9c,16842,8.7808,121
4c3adcb2,19489,8.7836,100
7bf68ee4,15258,8.7836,100
6bffac65,23566,8.7781,160
5ee65bf2,22735,8.7836,160
71fec3b4,15689,8.7836,100
44a3c3d0,24274,8.7836,160
b6df40e,18242,8.7836,100
1d67fd82,20178,8.7836,150
71320c17,19199,8.7836,100
2b55fca2,24765,8.7836,160
240b2a91,23256,8.7836,160
4f7ca042,21416,8.7836,100
6dd5cfc2,18724,8.7836,100
c6624db,25392,8.7836,160
8d26919,14905,8.7808,100
2206b6f1,17694,8.7836,100
29620684,18339,8.7781,100
616ec6ac,19502,8.7808,100
5c9366a6,22315,8.7836,160
7b8b8971,15946,8.7863,100
77a332c0,14908,8.7863,100
4712568c,18532,8.7863,100
50b4d1a1,16730,8.7863,100
477826bd,16546,8.7863,117
5b41ddb2,6080,8.7863,1
19cea2,13874,8.7808,97
556a5e1b,16314,8.7863,112
377dacd3,18257,8.7836,100
23a5a4ce,15456,8.7863,100
54bb87fd,16318,8.7863,112
25ee23c9,23402,8.7808,160
6b4c9508,19761,8.7863,100
6c5194fc,23209,8.7836,160
62dcce6c,25853,8.7863,160
36785995,25553,8.7836,160
39136e87,17888,8.7863,100
5905fb2d,16147,8.7836,112
5d2ef1cf,15243,8.7863,100
296eaf0e,21359,8.7836,100
b2b9bf2,15984,8.7863,100
7d81d529,18052,8.7863,100
77042699,16839,8.7863,121
6b6fbac7,18122,8.7863,100
418863e5,24277,8.7836,160
578bf3df,19493,8.7863,100
bc120ff,14919,8.7863,100
5c62ce7e,21672,8.7863,160
2f396046,25412,8.7863,160
27a46b75,19270,8.7863,100
25e071a6,19268,8.7863,100
6f3b4a5a,16687,8.7836,100
b642cab,5968,8.7863,1
f9f1171,21208,8.7863,100
29543c65,18667,8.7863,100
1c88da8f,18994,8.7836,100
a64f4f1,22119,8.7863,160
36a3acc1,2355,8.7863,18
414027fd,24536,8.7863,160
49ff9ca4,23277,8.7863,160
13f97bb6,18318,8.7863,100
381708ac,23380,8.7863,160
78a8af9c,18299,8.7863,100
15fbe05c,16049,8.7863,112
15a9d827,23505,8.7863,160
4a50abb8,18143,8.7863,100
2143ceec,18859,8.7836,100
28404141,15703,8.7863,100
46a679bb,21102,8.7836,100
5d867956,17357,8.7863,100
17b58bba,20205,8.7863,100
4c86118b,20587,8.7863,100
66e60b13,19973,8.7836,100
38eb2926,6405,8.7836,1
8c49250,15416,8.7836,100
331730a9,23303,8.7863,160
4fe16509,14931,8.7863,100
19894175,14211,8.7863,97
35731606,15259,8.7863,100
5ca6c55f,23241,8.7863,160
3febfa79,17978,8.7863,100
7b6619a0,21785,8.7836,160
28377d50,15944,8.7863,100
5598d76,13921,8.7836,97
65018796,25348,8.7863,160
2ee1398f,16510,8.7863,112
3d2f1cfe,23208,8.789,160
74d41410,21335,8.789,100
1d80002b,20879,8.789,100
3a8a7f55,10018,8.789,1
7f074c16,19821,8.7863,100
2b27b372,20630,8.789,100
102c04a6,16272,8.789,112
363b7f65,19005,8.789,100
5fa2de20,22587,8.789,160
1a005e3e,17982,8.789,100
61d632ce,12955,8.7863,89
c2ac22f,17948,8.789,100
4269b1d6,24478,8.7863,160
61074498,14856,8.7863,100
289dc546,14525,8.789,100
30748fc5,20487,8.789,100
6a95185e,26208,8.789,160
31edb210,26095,8.789,160
771cf69e,18369,8.789,100
6302551f,19468,8.789,145
2197e6c9,20330,8.789,100
40118b00,12927,8.789,89
7db6bdd9,6168,8.7863,1
6d8e0cf7,19674,8.789,100
1c5506f4,23378,8.789,160
5a5c4880,14687,8.789,100
2ea0a19,18965,8.789,100
4afa27e8,15334,8.7863,100
570e73f4,18258,8.789,100
63d8bd47,21177,8.789,100
3130d9e7,25224,8.789,160
2a6e6d4e,14779,8.789,100
3171f9d,24045,8.789,160
edb2a24,20758,8.7863,100
28cf9c3d,16211,8.789,112
16b7f95f,7737,8.789,54
1f078722,16125,8.789,112
465a9d91,14524,8.7808,100
11071574,24065,8.789,160
512a447c,16671,8.789,100
457d5d1d,22336,8.7863,160
6660ec07,6156,8.789,1
7444534f,14521,8.789,100
5d414406,14794,8.789,100
72fb7f06,16080,8.7836,112
131ab58a,23973,8.789,160
4592428d,19885,8.789,100
12245f4d,17553,8.789,100
3b0e0140,24799,8.789,160
7d7e454e,21773,8.789,160
2a2fe646,15027,8.789,100
1a411a79,18434,8.7836,100
518e1c70,18300,8.7863,100
67c187d8,23322,8.789,160
5e55673a,15335,8.789,100
b9da760,23582,8.789,160
191df6b8,14692,8.789,100
4d48c8e0,25994,8.789,160
2b88d08e,19633,8.7863,146
5d565b71,14529,8.789,100
6dc71b7b,18062,8.789,100
6d949e00,22099,8.789,160
6610549a,23547,8.789,160
2ee47058,19540,8.789,100
bf1e476,24071,8.789,160
6413bbaa,17208,8.789,100
426bb067,24044,8.789,160
2dbe4db6,14927,8.7918,100
496e681f,16539,8.7918,112
4d38f710,16320,8.7863,112
340fdbf6,19423,8.7918,100
6b83e33c,18858,8.7918,100
511740c3,20334,8.789,100
5b1dbd86,22651,8.7918,160
671849be,20193,8.789,100
11071d78,19986,8.7918,100
65698667,24549,8.7918,160
e93d351,19287,8.7918,100
5f9e5a1,19216,8.7918,100
2085312a,2177,8.7781,15
3854ae88,12672,8.7918,84
11919827,22246,8.7918,160
38627ecc,10385,8.7918,72
28fb3bca,17991,8.7918,100
3546f0b3,15825,8.7918,100
2c3260a6,20550,8.7918,100
288b169c,21547,8.7918,100
3b4995f,23494,8.7918,160
7260c788,8150,8.7918,50
7021621f,15388,8.7863,100
4655e166,17889,8.7918,100
69a336b5,17599,8.7918,100
6eb571,22594,8.7918,166
2737ba42,22182,8.789,160
531f75ab,20551,8.7863,100
28d5c44d,23957,8.7918,160
4ac2110d,14287,8.789,97
753618ca,26195,8.7918,160
5de5391b,26094,8.7918,160
471a6d4f,24062,8.7918,160
6f80ea2a,18379,8.7918,100
69f1ac3b,16155,8.789,112
7a4d17c8,21400,8.7918,100
d8d15b2,20307,8.7918,100
1d286dff,25693,8.7918,160
94c1b00,20668,8.7918,152
617561b9,18121,8.7918,100
50189d8,21176,8.7918,100
5b984b12,18322,8.7918,100
32e5cf7a,17326,8.7863,100
78570836,23259,8.7918,160
719101ad,18114,8.7918,100
1e118977,2230,8.7918,15
68c80456,14271,8.7863,97
74ca882a,14945,8.789,100
341c383d,24191,8.7918,160
4df9cb7a,26340,8.789,160
403ce0b1,16495,8.7918,112
653b9c27,18836,8.789,100
4510c372,23581,8.7918,160
1018d63d,20645,8.7918,152
13396d5f,15555,8.7918,100
2a5a01bb,21564,8.7918,100
69125cd1,19768,8.789,100
676617d7,16971,8.7918,100
1dcb8559,23506,8.7945,160
66c4a6e5,14445,8.7945,100
374fa68b,26209,8.7918,160
6040d71a,23737,8.7945,160
76d0627,21710,8.7945,160
21e06706,23548,8.7918,160
6439b6d3,23691,8.7945,160
62d00e51,16156,8.7918,112
5a9b2dcc,18000,8.7945,100
7c264e23,24701,8.7945,160
28e1877e,12931,8.7945,89
12a0abfc,23649,8.7945,160
40af1de7,18685,8.7945,100
12b075f0,18844,8.7945,100
4eff7d7f,17100,8.7945,100
4b375d27,21372,8.789,100
6c85ebf1,25815,8.7945,160
ec5c2b6,21209,8.7945,100
1809098f,18029,8.789,100
7bd1055a,8478,8.7945,50
2a3b7e67,25755,8.7945,160
448d60e8,22738,8.7945,160
1f1afada,19886,8.7945,100
5c8350ab,23650,8.7945,160
200b893,24769,8.7945,160
126adfc5,17983,8.7945,100
7cf3e9ff,25580,8.7945,160
d4a6840,16438,8.7918,112
45ce8f19,26342,8.7945,160
30e8903,19173,8.7945,100
6051348c,15236,8.7945,100
3e0758ae,26297,8.7918,160
f80ae30,15415,8.7945,100
f3bcece,14552,8.789,100
112dc68c,20751,8.7945,100
15eb2e2f,20989,8.7945,100
4bf5d5e4,15743,8.7945,100
1f10f38c,19422,8.7945,100
6c90ebd4,18365,8.7918,100
13f6596c,23826,8.7945,160
5f20976b,6440,8.7945,1
47348390,23838,8.7945,160
2c111ee9,14242,8.7945,97
d8d1f3e,19429,8.7918,100
564d5a2b,21494,8.7918,100
438c4517,15876,8.7945,100
35066b71,15575,8.7945,100
1144cd6e,18560,8.7945,100
6699adfb,16078,8.7945,112
74d55497,16289,8.7945,112
48f5d424,19027,8.7918,100
4e2e63a8,23324,8.7918,160
7936e8be,22298,8.7945,160
70134d47,23884,8.7918,160
27196ae3,20325,8.7945,100
41abded0,21507,8.7945,158
7c25c66e,21758,8.7945,160
4b7e03e1,16271,8.7918,112
3218b24c,24165,8.7973,160
5e3a989e,18248,8.7973,100
417880d7,16057,8.7973,112
7609bc54,18164,8.7945,100
13bc3820,16199,8.7973,115
644162c9,15063,8.7945,100
6eb5f8b7,15706,8.7945,100
6bceb38e,17358,8.7973,100
60307f63,14523,8.7973,101
1941fbef,23807,8.7945,160
76799524,25772,8.7973,160
37c8bb1c,15799,8.7973,100
29842ca8,15263,8.7973,100
3f8c34f4,22906,8.7945,160
5664694,17977,8.7973,100
77041d7f,20655,8.7973,152
7fed8e5b,23812,8.7973,160
3921c404,15186,8.7973,108
21182ec6,23912,8.7945,160
16fd9e97,25396,8.7973,160
120bc651,24063,8.7973,160
41c586d2,20626,8.7973,100
52c947e7,15157,8.7973,100
32472d66,14429,8.7973,100
4834049f,26337,8.7973,160
25aae85d,18496,8.7973,100
3dc46570,26148,8.7973,160
36e343b3,23236,8.7945,160
5e1bb90c,24022,8.7973,160
2c815a92,17496,8.7973,100
7e933124,2289,8.7973,18
3407890a,21165,8.7973,100
32f05597,15742,8.789,100
57537638,19376,8.7973,100
55d8d971,22291,8.7973,160
1ea266a1,19842,8.7973,100
1df26fa0,24196,8.7973,160
3b81e346,19297,8.7973,100
bed454c,20331,8.7973,100
677adfe,21124,8.7973,100
8f65dff,10111,8.7973,67
211f405a,22589,8.7973,160
5c7059ec,24796,8.7973,160
3cd90474,15838,8.7973,100
5dffe186,14530,8.7973,100
66dcbf9a,16153,8.7945,112
5cff1f1b,18775,8.7945,100
51a1aa96,22349,8.7973,160
190467fd,17701,8.7973,100
28f15a54,15384,8.7973,100
a207d1d,16848,8.7973,121
90333ac,25572,8.7973,160
2d20f250,16051,8.7973,112
fa12e5a,24689,8.7973,160
6606226,19430,8.7973,100
16eebf15,17955,8.7973,100
7321cab9,24604,8.7973,160
7d1c1c6f,23323,8.7973,160
3a2357c0,21125,8.7973,100
3fd773f0,16691,8.7973,100
5c226508,15323,8.7973,100
7385df08,21417,8.7973,100
4bbe0642,14233,8.7973,97
53344a5b,21850,8.8,160
73898aaa,17355,8.789,100
77c53fd8,21340,8.8,100
38801e0d,23268,8.8,160
4917edd4,20736,8.8,100
ed5ceac,17327,8.8,100
70e4d68b,25816,8.8,160
76f4f286,18166,8.7945,100
2891287f,17777,8.8,100
10d93b16,25417,8.8,160
66d61d94,19762,8.8,100
37e7a30a,15717,8.8,100
1614b759,16728,8.8,100
71f8a803,20332,8.8,100
4f4c2f06,24198,8.8,178
1920b1c6,19180,8.8,100
1355ae1b,25345,8.7945,160
20c87d57,16423,8.7973,112
e525257,20756,8.8,100
12606cda,18287,8.8,100
2cfb3dfb,25093,8.8,160
4fbacff6,22741,8.8,160
33eaa41b,20562,8.8,100
5366fcbc,16805,8.8,121
42715cb6,25550,8.7945,160
3710b5e6,19361,8.8,100
2ecc198d,23594,8.8,160
4aab93f4,23401,8.8,160
277e2fb,18289,8.7973,100
30fad8d6,16547,8.8,117
7e34af35,7655,8.8,50
6816b734,21937,8.8,160
77a4d70e,17778,8.8,100
55cbf0f7,22128,8.8,160
3311aef0,19825,8.8,100
35f52652,20917,8.8,100
6807f2a0,26220,8.8,160
35f55783,24306,8.8,160
3fb34582,16007,8.8,100
37c58c6,21561,8.8,100
1eb1aaa,15589,8.8,100
5bd51f0b,17498,8.8,100
56ae6ac5,20889,8.8,100
49f866dc,17542,8.8,100
6c42a534,16031,8.8,100
35a5dc5c,16756,8.8,100
1078706f,25329,8.7973,160
1a3c2a3a,19826,8.8,100
632e474c,18478,8.8,100
78f23049,15333,8.7945,100
2b5adc30,24825,8.8,160
50cc5e9b,22545,8.7945,160
41c967e9,16055,8.7973,112
28d067e1,22356,8.7973,160
55168597,23370,8.7918,160
671c3128,16514,8.8,112
6de0e40d,19740,8.8027,100
46a4693f,14920,8.8027,100
277f7641,18981,8.8,100
216c96f7,19700,8.8027,100
4bc6ce5b,24550,8.7973,160
2eceab8d,18929,8.8,100
72df1d6b,16843,8.8027,121
37c1f6e9,19759,8.8027,100
447f1c81,22747,8.8027,160
4a88525c,18440,8.8027,100
11411a43,13949,8.7973,97
5a8a0610,20766,8.8,100
36a8379c,20335,8.8027,100
1b7f7945,17356,8.8027,100
2331a27d,17182,8.8027,100
62ca396,23967,8.8027,160
2ba31ef5,16285,8.8,116
32a98ac0,22024,8.8027,160
c1ccaf3,25586,8.8027,160
527c7881,14752,8.8027,100
7c700af9,13010,8.8027,89
31169b9c,14061,8.8,97
9f554f,17066,8.8027,100
7cc4b067,23651,8.8027,160
c1a469c,25787,8.8027,160
955f6f8,20488,8.8027,100
739affb0,18914,8.8,100
2a843e2c,17073,8.8027,100
50eccd3b,16862,8.8027,121
5e3910a7,19716,8.8027,100
7474b346,16187,8.8,112
52b07906,20753,8.8027,100
76737b9f,13023,8.8027,89
7d0d5e23,16858,8.8027,121
2cb23c47,24236,8.8,160
7d9b089e,21014,8.8027,100
56b04106,25219,8.8027,160
10d92b31,25992,8.8027,160
732834f,15711,8.8027,100
3adfc7ea,21418,8.8,100
79460b,16506,8.8027,112
1fa5e7d7,14025,8.8,97
50007f6,16165,8.8027,112
736b9419,15377,8.8027,100
467cd7b1,23758,8.8,160
55471cca,2333,8.8027,18
29ef7bb1,17089,8.8027,100
1163711f,2131,8.8027,17
2148b7bb,19767,8.8027,100
1a93d7c,23652,8.8027,160
6ce5c0cf,14950,8.8,100
6604afc5,25215,8.8027,160
21539d1,15241,8.8,100
4a9fb632,23243,8.8027,160
83ee416,15828,8.8027,100
4b071853,16965,8.8055,100
60f77b53,26251,8.8055,160
576e7f59,18754,8.8027,100
288f2ff6,15430,8.8055,100
5b396f34,16447,8.8055,112
cfaae3,18380,8.8055,100
24ff9914,14937,8.8055,100
7b0ade99,23885,8.8055,160
1a8a7aaa,16015,8.8055,100
755ef2e2,17743,8.8055,100
658e73b2,22296,8.8055,160
18eb4552,18381,8.8055,100
40044862,22203,8.8027,160
424f7b62,17767,8.8055,100
671910bb,10435,8.8027,72
54ca837a,18225,8.8055,100
66679a2e,19262,8.8027,100
16498d64,23735,8.8055,160
2b2401bc,14753,8.8055,100
74ec8097,16029,8.8,100
67af0cdd,16415,8.8055,112
4d417103,14797,8.8027,100
394d84f,25786,8.8055,160
4d10fa82,19072,8.8,100
599e7045,10436,8.8055,72
17e86ce9,20377,8.8055,100
710bebb,23140,8.8055,160
419f1e33,15861,8.8055,100
b113868,25189,8.8027,160
5fca92c7,19403,8.8055,100
88729ba,17726,8.8055,100
5dad1ae3,21453,8.8055,100
647ae9e3,7748,8.8027,54
56013966,22742,8.8055,160
662a4f7c,17374,8.8055,100
6d7da5d4,24197,8.7973,160
72755bbd,15441,8.8055,100
58b2c09a,24694,8.8055,160
6b340f9e,18561,8.8027,100
5fd1ec2b,22196,8.8027,160
5f82b100,15329,8.8055,100
386f3c3d,15356,8.8055,100
11fa1c7a,15956,8.8055,100
6e5b1766,19627,8.8055,146
5af9b924,14457,8.8027,100
d8142ad,15930,8.8055,100
a99a6e4,22588,8.8055,160
372d4f16,15088,8.8055,100
1a7fdbf2,17594,8.8055,100
40d91c06,16048,8.8055,112
181c1ab,24308,8.8027,160
14cdbc75,23538,8.8055,160
b2e296a,19543,8.8055,100
1a210f1b,17373,8.8055,100
16a66826,16648,8.8027,120
51cf4290,19699,8.8,100
597e4d83,19852,8.8055,100
56fd539e,15898,8.8055,100
733fe63f,21401,8.8055,100
584ff10a,2235,8.8055,15
73f6add5,14625,8.8055,100
4f2b6196,16961,8.8055,100
43a96852,15553,8.8055,100
1e0ec6c3,22106,8.8055,160
64c9068c,19792,8.8055,100
229787c5,15965,8.8055,100
362475d0,22359,8.8027,160
3ec770be,18776,8.8082,100
2e791170,15739,8.8027,100
1296fc8c,21123,8.8055,100
ca1f8b4,19395,8.8082,100
19be9605,20049,8.8082,100
1c79570c,12917,8.8055,89
7cd300db,22344,8.8055,160
17de9df9,19790,8.8027,100
39aeaa93,13739,8.8055,97
3a49914a,5633,8.8082,36
57aa36b8,20531,8.8082,100
13dca76,24310,8.8082,160
4d8b02f0,17419,8.8082,100
2d3093f3,19800,8.8082,100
3bbe09ca,15860,8.8082,100
3da7f7f3,2139,8.8082,17
5226f44b,21515,8.8082,100
47afe07d,16589,8.8055,112
c14411b,16804,8.8082,121
e8e3705,24049,8.8082,160
6b6f0e33,17090,8.8082,100
57943995,18733,8.8055,100
53fbb72b,23635,8.8082,160
7d4928d6,20764,8.8055,100
2800e65,24757,8.8055,160
110d9690,24309,8.8082,160
1f413975,17372,8.8027,100
2b7aadd3,20021,8.8082,149
290b7dff,26217,8.8082,160
54cfc758,17200,8.8,100
4253c625,16190,8.8,112
3cb9ff89,15028,8.8055,100
4eaf9964,23540,8.8082,160
64f072ee,16576,8.8055,112
38cef2bb,7744,8.8082,54
4b78079c,19883,8.8082,100
79aec32e,18367,8.8082,100
1e2ea9f7,20772,8.8082,100
513acba3,19616,8.8082,146
1420f107,15904,8.8082,100
5a7572ff,14929,8.8082,100
55cd6d2c,20048,8.8082,100
3e470773,15958,8.8082,100
3927b4cb,18059,8.8082,100
48b4db9a,25579,8.8082,160
c9eb786,19181,8.8082,100
76ae7bad,18615,8.8027,100
70d48694,19283,8.8082,100
7451f5a9,2092,8.8082,15
6a9a4413,20378,8.8082,100
1ad788b2,25817,8.8082,160
1f21eb56,22740,8.8082,160
4b953e00,18065,8.8082,100
30126666,11802,8.8082,83
1626face,15035,8.8082,106
7a6982f7,19724,8.8055,100
6cdd807,17045,8.8082,100
64ca93e0,24336,8.8082,160
47c8f849,16901,8.8027,100
1c40f5fe,16184,8.8082,112
66199af4,14955,8.811,100
efc6bd0,6345,8.811,1
3e19ac7c,18060,8.811,100
518e1cda,16053,8.811,112
3e930146,15056,8.811,100
1477f25a,20407,8.8082,100
7938b9ef,16840,8.811,121
a3190f8,19257,8.811,100
2c0e29c9,20580,8.8082,100
6b541201,18915,8.811,100
740eb30,24608,8.811,160
1c4d6c8e,16124,8.811,112
3b8bcdf6,18748,8.811,100
3d3b3c2f,14785,8.811,100
73317d51,24032,8.811,160
2a44667a,22333,8.811,160
60260a20,20918,8.811,100
60bf647f,14795,8.811,100
760aeafd,23233,8.811,160
5bef1e3,16344,8.8082,112
61007f3f,18259,8.811,100
512f7c7c,20153,8.8082,100
31a71e35,18576,8.811,100
2aa018e2,21978,8.811,160
4f2a0290,21373,8.811,100
58e3d5bc,15455,8.811,100
3af8b018,15072,8.8082,100
33a757c4,19794,8.811,100
196a3e5a,20971,8.811,100
416401ab,17957,8.811,100
226a5bc6,22184,8.811,160
2065556a,22247,8.811,160
29752fd5,19853,8.811,100
61254c4f,18650,8.811,100
61817745,24169,8.811,160
65f86f87,25828,8.811,160
2c3db333,17143,8.811,100
26797ddb,23155,8.811,160
2672e546,24655,8.811,160
6d7e82f3,14657,8.811,100
2c1b1044,15793,8.8055,100
41e127b9,25908,8.811,160
16cec25,19732,8.811,100
7088a216,20972,8.811,100
69f8dfee,24545,8.811,160
1d957ba5,18966,8.811,100
6bc7148c,16343,8.811,112
55015b41,19675,8.811,100
31ffdaaf,21013,8.811,100
2bca94f1,17984,8.811,100
60accbe5,16672,8.811,100
4f047fb1,22105,8.811,160
797a6da7,25589,8.811,160
46914af5,21454,8.8137,100
200bee53,17146,8.8137,100
2a41f09,20020,8.811,149
4c9ee414,23336,8.8137,160
6623af75,15231,8.8137,100
3758a311,17032,8.8137,100
485ebadf,19527,8.8137,100
735b5984,21943,8.811,160
8f8089d,19462,8.8137,100
7aca72b8,20408,8.811,100
5434f718,19526,8.8137,100
477fa77c,17744,8.8137,100
6e41516e,25826,8.8137,160
26f1ce90,24540,8.811,160
215885b,17444,8.811,100
26b500db,22027,8.811,160
f43e907,23276,8.8137,160
353dfbd4,15962,8.8137,100
5193063c,25211,8.8137,160
5fae770d,22132,8.8137,160
4f35a62e,20973,8.8137,100
158c0747,17679,8.8137,100
7177f6e1,25540,8.8137,160
5c67512c,20975,8.8082,100
7c74f372,21508,8.8137,158
705d43b2,12913,8.8137,89
123b8f41,15981,8.8137,100
6588e9,15771,8.811,100
6778147e,18345,8.8137,100
7dccd55,18868,8.8137,100
170c78c,16148,8.8137,112
1b2a44c3,20623,8.8137,100
3e63f4ff,25834,8.8137,160
55259160,19028,8.811,100
7259b45e,23335,8.8137,160
76bea445,16157,8.811,112
7512513e,20568,8.8137,100
291beb45,19726,8.8137,100
3cd70f03,14465,8.8137,100
45802768,16252,8.8137,112
7ac490c2,24541,8.811,160
2fad9f64,24524,8.8137,160
1db8b505,23382,8.811,170
19130ea6,20908,8.811,100
5decd18b,21805,8.8137,160
3701874,19463,8.8137,100
5bb88582,18008,8.8137,100
5a5fd66d,18874,8.8137,100
61042424,21568,8.8137,100
62b433c8,23237,8.8137,160
7dbf2e89,19479,8.8137,100
597773ed,20769,8.8137,100
199259e3,23154,8.811,160
5afb136a,14764,8.8137,100
102ba9bb,21806,8.8137,160
5eb4a5da,25400,8.811,160
3cbe5dfa,17497,8.811,100
37e856cf,17344,8.8137,100
2e44b576,15746,8.8137,100
358a631b,26400,8.8137,160
4eeb9a05,25871,8.8137,160
f44faf,15066,8.811,100
718535b1,19789,8.8164,100
755f3f50,18693,8.8164,100
132b085b,19175,8.8164,100
4e672880,23210,8.8164,160
6272689e,20624,8.8137,100
1028389,17183,8.8164,100
23293d31,20625,8.8164,100
2f8033bb,14638,8.8164,100
64a29fc0,25632,8.8137,160
71a95616,22357,8.8164,160
7eb69244,24023,8.8164,160
1b833da7,16448,8.8082,112
3530c887,14241,8.8055,97
459c1d7e,12932,8.8164,89
7e3eea3d,26048,8.8082,160
7c529e58,25095,8.8164,160
4f1505a5,15554,8.8164,100
6ac786d4,20192,8.8164,100
63a1e6b3,21274,8.8164,100
b6914c1,16516,8.8164,112
6c360024,18115,8.8164,100
3a91da50,16395,8.8164,112
566937cf,14062,8.8164,97
15e5eedf,15523,8.8164,100
490efb67,23202,8.8137,160
7df9fb4c,22904,8.8164,160
62316c73,23648,8.8164,160
78ad6d79,15692,8.8164,100
5898e5fc,21020,8.8164,100
66f3f84b,20629,8.8164,100
54625c42,20411,8.8137,100
3dd9f049,18533,8.8164,100
22f1550b,23725,8.8164,173
5bb9c0be,22534,8.8164,160
1d7f07c7,16569,8.8164,119
6f56e799,15945,8.8164,100
47a7be75,16511,8.8137,112
528e2a0f,22335,8.8164,160
372a5ea6,17956,8.8164,100
6f980df5,19006,8.8164,100
15364265,15840,8.8164,100
36cbdc9e,23579,8.8164,160
4bd910aa,25584,8.8164,160
53f17b8f,18829,8.811,100
7ca923a1,20177,8.8164,150
5bab733b,22079,8.8164,160
336c6bfc,22183,8.8164,160
6b99431d,22337,8.8164,160
5e98c1e4,19736,8.8164,100
7adacab8,17517,8.8164,100
5e2a53a7,14642,8.8164,100
12f0f3fc,19858,8.8137,100
e49f015,26216,8.8164,160
2fe9cb6a,26221,8.8137,160
37e6a892,20482,8.8164,100
53c2e01d,14900,8.8192,100
3bdd72a2,15975,8.8192,100
7ad5f494,25554,8.8192,160
1b86d23f,14800,8.8192,100
19265be5,15264,8.8192,100
493e6201,23413,8.8192,160
1c9a5ee6,20456,8.8164,100
31206060,19580,8.8192,100
1a72fcd2,25835,8.8192,160
7609f493,16166,8.8192,112
2066bbf7,2094,8.8192,15
6ec5bc73,15246,8.8192,100
5c54e2ab,22025,8.8164,160
514d119f,18743,8.8192,100
44e1b142,25096,8.8192,160
55738ee7,25818,8.8192,160
704ab89,14455,8.8164,100
7cbe5078,21341,8.8192,100
45c66799,17680,8.8192,100
472cd18b,6287,8.8192,1
c64a5c2,14901,8.8164,100
2e1e0f24,14267,8.8192,97
202db70f,21814,8.8192,160
56a1f63c,24821,8.8192,160
38be124f,19733,8.8164,100
24c1af01,23411,8.8192,160
7f42139f,25582,8.8192,160
217b547c,20567,8.8192,100
6c230a93,15804,8.8137,100
35ea113d,16327,8.8192,112
5a5b22f4,18479,8.8164,100
21784577,22300,8.8192,160
55fbb459,19400,8.8192,100
30fd2422,23532,8.8192,160
3332ec4b,18669,8.8192,100
500254a7,18952,8.8164,135
58d36b82,25870,8.8164,160
1d6888e,16270,8.8192,112
25a27c4b,24669,8.8192,160
67c7a334,17420,8.8164,100
300c966a,18436,8.8164,100
248b5b35,19697,8.8192,100
112c25d2,22240,8.8192,160
27da5398,14879,8.8192,100
7d5e8a54,14801,8.8164,100
3f22439,16541,8.8192,112
73008320,17516,8.8192,100
f366ee3,20767,8.8192,100
37934217,22352,8.8192,160
1df750d0,25541,8.8164,160
6a99c9cd,21336,8.8192,100
76f4b5d5,18481,8.8164,100
60e60e52,16354,8.8192,112
6ddf34df,16592,8.8192,112
49ac4f08,16463,8.8192,112
1a2511f5,19588,8.8192,100
1cce0353,24544,8.8192,160
823a5d9,22543,8.8192,160
235c7fda,15057,8.8192,100
11c478fd,22583,8.8219,160
7dfc250d,14909,8.8219,100
68e44a06,18441,8.8219,100
28064a6f,25977,8.8219,160
1ab7dc02,16803,8.8219,121
6ff5614,16685,8.8219,100
33506fb0,16290,8.8219,112
723d676d,20303,8.8219,100
1cc21475,19288,8.8219,100
7d42181c,21725,8.8192,160
e8ed0c8,18662,8.8219,100
4e0a258e,17277,8.8219,100
6fd66783,14796,8.8219,100
7649731b,1985,8.8219,13
3585b319,25929,8.8219,160
eb9e58a,15973,8.8219,100
11008786,16795,8.8219,100
3f765a46,20552,8.8219,100
4db6105a,19225,8.8219,100
705a635c,15203,8.8219,100
318e4d68,2093,8.8219,15
2779de2c,17214,8.8219,100
24a7c068,21566,8.8219,100
596e3066,20300,8.8164,100
7a8de894,22134,8.8219,160
43013f5f,21764,8.8219,160
392b0fa0,20379,8.8219,100
23952c6d,26088,8.8219,160
bd0c579,16179,8.8219,112
2b40fc91,20910,8.8219,100
1e0c55df,25769,8.8192,160
7f3b1fb1,24337,8.8219,160
7547b27f,19677,8.8219,100
78b14aa3,15187,8.8219,100
5f3746bd,15325,8.8219,100
4ef4ac7,2356,8.8192,18
230e0b7c,20760,8.8219,100
6b928128,23334,8.8192,160
19842aab,18360,8.8219,100
67c3e22e,21121,8.8219,100
34454041,16292,8.8219,112
4ba11c20,23361,8.8192,160
7348b68d,23257,8.8219,160
b62f858,19026,8.8219,100
153be63d,15127,8.8219,100
5638a8a6,23596,8.8219,160
60f29032,23539,8.8219,160
7cce144c,24053,8.8219,160
368e1fe6,23234,8.8247,160
25e0fc09,14456,8.8247,100
51e78b87,16434,8.8247,112
5d879983,22299,8.8247,160
641741bf,19055,8.8219,100
1bb0ccfa,19544,8.8219,100
39927b31,2068,8.8247,15
356eb4bd,25590,8.8219,160
282479f6,16054,8.8219,112
2c5d430,17165,8.8247,100
7f80aa5e,21716,8.8219,160
7557fd93,21337,8.8247,100
35dc64d8,25607,8.8192,160
3ebc405c,24033,8.8247,160
12f467ef,18003,8.8219,100
5885ab47,25793,8.8247,160
ea9fe2b,15033,8.8247,106
ffc4d74,18845,8.8247,100
2219b967,14757,8.8247,100
524bf102,24450,8.8219,160
63b13fbb,23139,8.8247,160
22028a04,21312,8.8247,100
161b6f19,23369,8.8247,160
5296fc54,21514,8.8247,100
5accab44,24056,8.8247,160
30ea1b41,20230,8.8219,100
7dc4c9e2,24064,8.8247,160
6313d0f3,19211,8.8247,100
3e1f7536,18165,8.8219,100
1367f3a,6081,8.8247,1
61e65c4e,16512,8.8247,112
3ab61249,16195,8.8247,112
11ace956,16591,8.8247,112
7f4566ec,18092,8.8247,100
4d380991,14446,8.8247,100
1eef3854,15693,8.8247,100
1441459a,14690,8.8247,100
406723f8,16062,8.8219,112
4d1ecee4,23156,8.8247,160
2a54628b,15830,8.8219,100
4d261241,24496,8.8219,160
76748cef,15245,8.8247,100
7f3de890,26347,8.8247,160
507624b2,24340,8.8247,160
77ecd146,19253,8.8247,100
aa561e0,24830,8.8247,160
58e487af,20897,8.8247,100
488d9d4b,12899,8.8247,89
1bdd7fb0,17823,8.8247,100
597a13fd,14903,8.8247,100
78f1c353,18931,8.8247,100
454fa1d,22026,8.8137,160
20174819,22133,8.8247,160
29fb421d,22080,8.8219,160
8cc2405,15158,8.8247,100
5f66e72a,19223,8.8274,100
7cc16ac9,21273,8.8274,100
668ca2c8,16194,8.8274,112
1514ffae,22351,8.8274,160
7da30591,16551,8.8274,112
14e9a036,23839,8.8274,160
ac3bfce,18875,8.8274,100
9dad6bc,14870,8.8274,100
3b01b1a6,19738,8.8274,100
48249d2c,19801,8.8274,100
5eebb4da,10377,8.8274,72
5943d6b4,23315,8.8247,160
49414d06,21939,8.8274,160
16f10da4,22304,8.8247,160
204b025d,23300,8.8274,160
23052fea,17361,8.8247,100
60ef7ff1,19365,8.8274,100
7eedd265,19024,8.8274,100
6cc6e0f,16261,8.8274,112
cbc6b43,22248,8.8274,160
17b9fa0a,22687,8.8247,160
17378dd2,25098,8.8247,160
7591bab,7721,8.8274,50
5eb55405,23803,8.8247,160
33e1bac6,15230,8.8274,100
1e72e772,19764,8.8274,100
65e142a5,23242,8.8247,160
6280a159,23666,8.8274,160
d892839,19975,8.8274,100
26fb6d47,18477,8.8274,100
6930ae70,19402,8.8274,100
292d137d,19424,8.8274,100
e5d4066,26226,8.8274,160
4ad17974,21673,8.8274,160
945c0ac,26218,8.8274,160
37bda43c,21536,8.8247,100
5b12cf95,22897,8.8274,160
3f28fae1,12956,8.8274,89
7e732ea9,15175,8.8274,100
2435e91f,16816,8.8274,121
6916e46b,6169,8.8247,1
12bb453e,18755,8.8274,100
1111e45a,25647,8.8274,160
3892ddc5,12933,8.8274,89
767096b7,22083,8.8274,160
7d86e477,18752,8.8247,100
236d6210,17106,8.8192,100
3d407113,21783,8.8274,160
4ff78d22,16167,8.8247,112
5186df7,14863,8.8301,100
4dade2a6,23780,8.8301,160
36d72d,18876,8.8301,100
46076509,20208,8.8301,100
649d17bd,18846,8.8274,100
493c0545,2063,8.8247,15
7f852cf0,19976,8.8301,100
2573124,22679,8.8301,160
5bc3a100,16640,8.8301,120
e7bee2c,26016,8.8301,160
2744d48b,17398,8.8301,100
471bec14,19377,8.8274,100
71709e3f,17678,8.8301,100
4a154f24,25901,8.8301,160
1bcec2c4,20759,8.8247,100
74d44f4,18295,8.8301,100
1a2fbdba,20174,8.8274,150
2b3e3e64,18093,8.8301,100
6fdb49a6,16410,8.8301,112
f575716,15660,8.8301,100
62626cda,26047,8.8301,160
547df41,24177,8.8301,160
30e43036,15967,8.8301,100
3b70aa18,17880,8.8301,100
5be3edb,26145,8.8301,160
744b960a,21433,8.8301,100
4fcdf215,25829,8.8301,160
2b6cd9b4,17176,8.8301,100
5eb91e5a,21784,8.8301,160
33e4aca1,24477,8.8274,160
2a85bbb0,18623,8.8301,100
7d7c4394,17995,8.8274,100
256832c,15810,8.8301,100
62b403af,26012,8.8301,160
222b8429,7745,8.8274,54
34f605f8,23583,8.8301,160
33a970ed,21505,8.8301,100
f3b0eef,23568,8.8274,160
550ca57,24706,8.8301,160
1e0cbc3d,18749,8.8274,100
7b240c18,16643,8.8301,120
5961fbbf,24334,8.8301,160
7ff91f41,21711,8.8301,160
72f264b,18480,8.8301,100
4ae468b,25902,8.8301,160
5fb1ceca,17345,8.8274,100
4e0bdfc4,20773,8.8301,100
73149fe5,23279,8.8274,160
6805d16a,15747,8.8301,100
16e6af5f,23702,8.8301,160
6cad1381,21813,8.8301,160
600a2916,17593,8.8301,100
4a1456ec,17803,8.8329,100
1a4c6772,18578,8.8329,100
311c7c43,23886,8.8329,160
592b7778,15073,8.8329,100
7754658b,15065,8.8329,100
66547822,25555,8.8329,160
54eba069,25218,8.8329,160
6598717b,14723,8.8301,100
3734e7ef,26093,8.8329,160
6398a4bf,18144,8.8301,100
d5b093,20483,8.8329,100
3def5bf,22193,8.8301,160
7a2d5668,21531,8.8301,159
6a79b84d,15188,8.8329,100
4ccc1fd0,19124,8.8329,100
5c578239,19591,8.8329,100
5b7b5735,18323,8.8329,100
7acc7850,14615,8.8329,100
5d500c94,16081,8.8329,112
36902db9,17985,8.8329,100
714eba71,22908,8.8301,160
1168a82b,24826,8.8274,160
8ff4cae,20175,8.8329,150
5596d589,16860,8.8329,121
518f7078,15997,8.8329,100
572b392,19362,8.8329,100
771a15ae,13022,8.8329,89
393d0db,17142,8.8329,100
c3ecc7f,24548,8.8329,160
14c3ac59,21569,8.8329,100
3e651209,14911,8.8329,100
5064b58c,16859,8.8274,121
2e1bc874,18001,8.8329,100
17aab67,20909,8.8329,100
98b1f7c,19872,8.8301,100
23db70,25338,8.8329,160
16407427,16291,8.8329,112
24842895,22650,8.8329,160
66e856f3,19773,8.8301,100
37c9d5ad,18061,8.8329,100
292f707f,18982,8.8329,100
7bb088f,26201,8.8329,160
fd3164d,2140,8.8329,17
65b2face,19396,8.8329,100
15e7d5ff,25608,8.8329,160
958c6d6,19739,8.8329,100
3c5bd831,15955,8.8329,100
18205e87,17881,8.8329,100
613d9493,17342,8.8301,100
33c3ac43,15176,8.8356,100
2c3eba96,14272,8.8356,97
217be7d1,14234,8.8356,97
513b705a,23362,8.8301,160
3663a6e9,22241,8.8356,160
794080f0,19425,8.8356,100
4b75d89c,25334,8.8356,160
46e1446d,20062,8.8356,100
68ee5946,16670,8.8356,100
625d5da1,24551,8.8356,160
709c84e,16273,8.8329,112
4b8726ee,18984,8.8356,100
513962b1,6272,8.8356,1
1ab52471,18476,8.8356,100
59819d62,26242,8.8356,160
108375a4,18007,8.8356,100
6241810c,24810,8.8356,160
78775b1f,17981,8.8329,100
64018a00,22557,8.8356,160
2dc8a3fe,20209,8.8356,100
266dddb6,25766,8.8329,160
48ca6196,21815,8.8356,160
a276433,25060,8.8356,160
465ee74,14906,8.8356,100
3a65280f,21272,8.8356,100
6298e1da,20489,8.8356,100
2ad00052,21516,8.8356,100
310d024f,15877,8.8356,100
3aeea1,19989,8.8356,100
2509594d,17883,8.8356,100
ff11f2e,15390,8.8356,100
681611a1,18860,8.8356,100
56377be5,25930,8.8329,160
12fc864,14212,8.8356,97
6e832a3d,20532,8.8356,100
690c50ac,25344,8.8356,160
69ee3d47,14434,8.8356,100
489e63b,12922,8.8356,92
7b1a6226,18194,8.8356,100
c3f6dba,22101,8.8356,160
7bdd5a1,20295,8.8356,100
33e4946e,4116,8.8356,21
4c4e5353,18906,8.8356,100
646d03ae,17343,8.8356,100
13c8e024,23141,8.8329,160
7a313f21,20525,8.8329,100
44db2fff,22100,8.8329,160
220226bb,15755,8.8356,100
265a4d41,23142,8.8356,160
48a724b9,25855,8.8356,160
66a8cd4c,18977,8.8356,100
47a8e0e3,23804,8.8356,160
5ce91924,26013,8.8356,160
1cba2449,14235,8.8356,97
2a9c8769,25685,8.8329,160
6f81c8c8,20149,8.8356,100
72b8b610,16857,8.8356,121
34bc612,18222,8.8356,100
4e9e225e,21101,8.8329,100
2f3874cd,16913,8.8329,100
1cf65d1f,17067,8.8329,100
3ea2acf5,16577,8.8356,112
18075f0c,21043,8.8356,100
45a16148,20902,8.8356,100
7a123770,23813,8.8356,160
16e0bae3,25978,8.8329,160
53682c33,8474,8.8356,50
34bd780c,16731,8.8356,100
7a58e4f2,16286,8.8384,112
111ae57e,18240,8.8384,100
23e721c,15659,8.8384,100
5d1c174f,24396,8.8384,160
605e176a,25397,8.8384,160
26a93f0a,18534,8.8384,100
57f61751,23431,8.8384,160
625a67a3,19876,8.8384,100
6aedd48f,20996,8.8384,100
7a986bff,22912,8.8384,160
15265ac9,21452,8.8384,100
728d9ba3,22896,8.8384,160
764070d1,17453,8.8384,100
4f3e3a75,14640,8.8356,100
6869d149,19327,8.8384,100
76271f64,17074,8.8384,100
3143f89,13027,8.8384,89
3d47400c,21771,8.8384,160
45e621d5,23697,8.8384,160
1b022d74,22345,8.8384,160
5510cd4f,15338,8.8384,100
775a4813,22358,8.8384,160
1a834dce,15847,8.8384,100
709a21d4,16532,8.8384,112
7af9db3e,18873,8.8329,100
29d00b9b,18953,8.8356,135
c6fd462,14506,8.8384,100
2ddac0ba,21132,8.8384,100
19cece14,18909,8.8356,100
306b9265,23325,8.8384,160
42d59cce,15726,8.8384,100
39f15b3e,20735,8.8384,100
285a58b3,22750,8.8384,160
56209c7a,15326,8.8329,100
3ab4c461,25979,8.8329,160
54690c15,21679,8.8384,160
13183630,6406,8.8356,1
6772850d,15783,8.8384,100
356306d5,19630,8.8384,146
29e84bd4,19566,8.8384,100
35fdf358,5486,8.8384,37
46545207,15937,8.8384,100
6baca1b6,23414,8.8384,160
f1e1fc,14581,8.8356,100
5accb589,14786,8.8384,100
3eec10bd,18066,8.8356,100
7abdc2ad,26018,8.8384,160
57df3d26,24500,8.8384,160
30c3b7c7,21447,8.8384,157
edc4a0,17890,8.8384,100
5e5a45f8,26200,8.8329,160
730abc7b,12681,8.8384,84
5ee42f66,22680,8.8356,160
30c228de,16568,8.8384,119
3c3bcebb,23203,8.8384,160
1af44423,17068,8.8384,100
6514c704,23716,8.8384,160
443197a0,16782,8.8356,100
406a21d,18032,8.8356,100
269dd78b,24170,8.8356,160
1ef05a27,17992,8.8384,100
5d1f821a,21181,8.8384,100
15db928e,14569,8.8329,100
5d323e31,23924,8.8384,160
410f66d2,18843,8.8384,100
60a123bb,24800,8.8384,160
292782c3,24682,8.8384,160
65a8e260,19618,8.8384,146
5f2b31f1,17781,8.8384,100
36fe7d54,2323,8.8411,18
60a45581,21103,8.8411,100
235ad0d2,25199,8.8411,160
1439d3b,22181,8.8384,160
6795d6b4,21403,8.8411,100
7e1805b,17375,8.8411,100
4230492e,17120,8.8411,100
3799cdfa,23282,8.8411,160
2a2e3477,18133,8.8384,100
21c69a31,18208,8.8411,100
61ffce1e,21425,8.8411,100
187039c6,14641,8.8411,100
43262b33,24199,8.8411,178
5646a220,24686,8.8411,160
56a42674,14473,8.8411,100
49348d80,15393,8.8411,100
50932369,20301,8.8384,100
229ef5fb,19847,8.8411,100
55fef05a,20737,8.8411,100
710acbf3,21041,8.8411,100
246ed904,23424,8.8411,160
6b081f3,19990,8.8356,100
1267cd31,25581,8.8411,160
67654aa2,22311,8.8411,160
401750ee,15005,8.8411,100
12e31711,22535,8.8411,160
2f9f4111,21375,8.8411,100
105ea3a7,17292,8.8411,100
5da3db54,19405,8.8411,100
2749602e,17103,8.8411,100
2d98a049,14585,8.8411,100
48be6dc6,21499,8.8411,100
b8476fe,25594,8.8411,160
67a03fb0,22398,8.8411,160
f5251e5,18026,8.8411,100
34b9cd94,18291,8.8356,100
1c226e7b,20919,8.8384,100
7a998ff0,14069,8.8411,97
6759343f,20903,8.8411,100
1df6902d,24335,8.8411,160
12a8645e,4204,8.8411,21
406d83d7,22362,8.8411,160
24789ff4,25587,8.8411,160
aaebf88,18482,8.8411,100
23f02108,21346,8.8411,100
72ab2bbc,25820,8.8438,160
557b9f8d,6346,8.8411,1
6de1321c,12923,8.8438,92
404909d4,14935,8.8438,100
4f3bb6c9,14505,8.8438,100
28aa8f07,20194,8.8438,100
64e69259,14532,8.8438,100
1235a66a,24707,8.8438,160
76a017e2,25402,8.8438,160
226eb729,14880,8.8438,100
643f6a01,18195,8.8438,100
349b4885,26019,8.8411,160
6244d529,15809,8.8438,100
ba2ae8a,12673,8.8438,84
7dcba71b,19528,8.8438,100
623bb5c1,19404,8.8438,100
c8a0663,21816,8.8438,160
12c22f86,23304,8.8438,160
3291b1ba,19328,8.8438,100
dbb9f94,6349,8.8438,1
515e295e,25071,8.8411,160
526392ec,21644,8.8438,160
6dc0e57b,19584,8.8438,100
3cd68068,21778,8.8411,160
1ce25a75,6407,8.8438,1
52584ff7,17700,8.8438,100
385983fa,13001,8.8438,89
30849159,2133,8.8438,17
3e3b54ce,21347,8.8438,100
4694e4fa,23299,8.8438,160
2e0c9309,25395,8.8438,160
4dcc842e,23493,8.8411,160
5abe9361,26014,8.8438,160
4ea4cf36,24363,8.8438,160
6ee72b84,25110,8.8438,160
2a5d7f08,22350,8.8438,160
6f88f635,15900,8.8438,100
114a1a15,18031,8.8438,100
60033591,18469,8.8438,100
263d3cf3,22739,8.8438,160
6759a203,18497,8.8466,100
1e0facc4,14437,8.8466,100
143653a1,2069,8.8466,15
5b232f70,23811,8.8438,160
3c53aa33,17999,8.8466,100
7140c7ad,14857,8.8411,100
61c7261,20031,8.8466,149
124a3ccd,20308,8.8466,100
3447de7e,19628,8.8466,146
76dd2f29,18750,8.8466,100
157e3f0,21280,8.8466,100
42381b43,16293,8.8466,112
48869954,19855,8.8466,100
573d430a,20653,8.8466,152
314b0f13,25903,8.8466,160
69cb727e,14430,8.8438,100
6b2b9e07,22221,8.8438,160
179be60f,18983,8.8438,100
2a83c2e5,12747,8.8411,84
18e90d49,23088,8.8466,160
2f0563f5,18978,8.8466,100
67e64384,15768,8.8466,100
53c62177,24761,8.8466,160
395ed03,19805,8.8438,100
148d6089,15247,8.8466,100
70b2c4f,14558,8.8438,100
5224b549,25767,8.8466,160
25498463,25614,8.8466,160
308bfbe3,25758,8.8466,160
1c5ae504,16986,8.8466,100
426dcb94,25646,8.8466,160
2d51e492,17393,8.8438,100
1eb9212a,16255,8.8466,112
3514a06d,25593,8.8466,160
5aaf11cf,20033,8.8466,149
76b5e81f,18905,8.8438,100
42b7990c,24323,8.8466,160
1196bd5b,18585,8.8466,133
3d0bf596,23143,8.8466,160
2f9bfe08,18619,8.8438,100
2d8c2d92,23856,8.8466,160
7900ee44,23339,8.8466,160
f0f7085,16086,8.8438,112
2b57685a,19392,8.8466,100
2adccf53,21010,8.8411,100
49928fe3,21030,8.8438,100
5bedbfe,16212,8.8466,112
71411894,25606,8.8411,160
16b1fce5,22129,8.8466,160
61c4ab5e,16968,8.8466,100
c392ba7,18243,8.8493,131
528ed130,15691,8.8466,100
3cf4dd12,23405,8.8493,160
4fe68059,17884,8.8466,100
369aa489,22684,8.8493,160
7240675f,22905,8.8466,160
36baea98,17949,8.8493,100
4dd16a39,15986,8.8493,100
68463848,23805,8.8493,160
13599951,18370,8.8466,100
32149827,23747,8.8493,160
7004d95f,23204,8.8466,160
10f329f,18011,8.8493,100
17981628,23280,8.8466,160
58d2ce8e,22144,8.8493,160
66d28680,26058,8.8466,160
71e47d4,21675,8.8493,160
5186a849,19879,8.8493,100
6ce76404,22302,8.8493,160
2965f32c,16567,8.8466,119
670dee30,21481,8.8493,100
12d835e2,16234,8.8493,112
76781310,20444,8.8493,100
2e56a28c,24311,8.8493,160
70827260,18010,8.8493,100
78766e2e,15715,8.8466,100
2bc5dbd9,18916,8.8493,100
1d84551e,21695,8.8493,160
7ef625bc,26252,8.8493,160
35ba2352,17831,8.8493,100
fcde319,17101,8.8493,100
305e6b5b,25234,8.8493,160
7fca6329,23316,8.8493,160
1b0e6f31,19408,8.8466,100
7bbb8262,24059,8.8493,160
38fc2afd,15389,8.8493,100
1483c5e0,26210,8.8493,160
2f164077,18249,8.8493,100
7c1c57a6,20880,8.8466,100
5b9372d5,21133,8.8466,100
2610098,20974,8.8493,100
8c779f1,16203,8.8466,112
57697632,15749,8.8466,100
1678ae28,21843,8.8493,160
563d63e8,15794,8.8493,100
5cd2dc77,10019,8.8493,1
6f692eed,15948,8.8493,100
3c33d4c6,22590,8.8493,160
fd9801a,26128,8.8493,191
12cc28b,23394,8.8493,160
567d8fb2,21940,8.8493,160
599e0cd4,25645,8.8493,160
500d856d,15716,8.8493,100
4bd787bd,19298,8.8493,100
6d6fd66c,22365,8.8493,160
4fd8bae3,25836,8.8493,160
28070109,26343,8.8493,160
5f1a81db,20024,8.8493,149
4c55f0e2,22303,8.8521,160
46505429,21759,8.8521,160
564f1aa3,15901,8.8493,100
5d505de8,23274,8.8521,160
3e616440,15401,8.8521,100
7a549eb9,14754,8.8493,100
2fa308d5,16389,8.8521,112
3813aacc,16256,8.8493,112
86feacf,735,8.8521,1
54e00952,26291,8.8521,160
b80a13b,18777,8.8521,100
3e76976f,19227,8.8521,100
1b46398f,20779,8.8521,100
6009674e,24338,8.8493,160
34f74884,21663,8.8521,160
75dc371b,24820,8.8521,160
3260abb7,22081,8.8521,160
3af0ae58,16732,8.8521,100
30b78b86,23144,8.8521,160
1696dfd2,25216,8.8521,160
1b2fb9c9,16517,8.8493,112
15926140,20631,8.8521,100
2aaf8fc4,11747,8.8521,74
2648caac,21332,8.8521,100
40cfce5d,24672,8.8521,160
7c93b23e,21938,8.8521,160
24dfd690,21643,8.8493,160
46d12f65,21721,8.8493,160
10d659d4,15156,8.8521,100
484bf86b,17346,8.8521,100
702bfcc8,18282,8.8521,100
4e2869b6,18563,8.8493,100
14ddd11,16079,8.8521,112
23773c15,17574,8.8521,100
fda5d04,24602,8.8521,160
c95490f,19717,8.8521,100
17df4f2,14859,8.8521,100
7f6e45bf,19296,8.8521,100
6eb71499,23157,8.8493,160
74ba0ace,6348,8.8493,1
52c1e867,18095,8.8521,100
3c754ca9,25064,8.8521,160
6a309462,24619,8.8493,160
4e781f90,23465,8.8521,160
132744e8,25398,8.8493,160
772bfd4b,21275,8.8521,100
2aa1de54,23227,8.8521,160
5214221,22688,8.8521,160
6bdc4563,25768,8.8493,160
65d64317,21714,8.8521,160
3274dc78,16024,8.8548,100
59da1fde,16126,8.8548,112
43c028a5,26199,8.8493,160
4a3e8ae3,18301,8.8548,100
1d27b648,16543,8.8548,112
2682e063,15250,8.8548,100
2b34c3ee,15034,8.8521,106
2937213d,15791,8.8548,100
69f3532d,15756,8.8548,100
5e1b03a9,21476,8.8548,100
5724b562,15826,8.8548,100
7711dc38,18715,8.8548,100
7a375a87,23425,8.8548,160
92e14d7,5631,8.8521,36
7bd32f35,21715,8.8548,160
76f0267,14858,8.8548,100
25adc6b,23509,8.8548,160
42f94dc5,19226,8.8548,100
522e6c72,15591,8.8548,100
2a2e27d6,24447,8.8521,160
65d0dd70,21632,8.8548,160
3b8871e1,20986,8.8548,154
59405b22,14951,8.8548,100
dad6de5,15249,8.8521,100
5329ef0,18324,8.8548,100
680b3fcb,22124,8.8548,160
7d4de0ce,17026,8.8548,100
268f3d0e,10399,8.8521,72
402bbe7f,22361,8.8548,160
517f6d94,16844,8.8548,121
4326ace5,19163,8.8548,100
1c1e9ec2,15712,8.8521,100
1db1378,15174,8.8548,100
6b5fe2f1,18985,8.8548,100
2be2dd1a,15067,8.8548,100
5d550d07,18250,8.8548,100
35d560e1,20317,8.8493,100
6cccf5f0,23246,8.8548,160
517bff7e,11803,8.8548,83
24b3ed63,24527,8.8521,160
3aff537c,4205,8.8521,21
319752a6,17166,8.8548,100
3f19cbe5,20526,8.8548,100
47af190,17499,8.8548,100
445e26d0,17451,8.8548,100
23701c34,23340,8.8548,160
4f574e9f,16390,8.8548,112
3e60e273,6273,8.8548,1
6d45625e,20958,8.8548,100
5898b180,13026,8.8548,89
2d4e2fba,22360,8.8575,160
5b94862a,23913,8.8575,160
1404331a,15268,8.8575,100
5295e456,10020,8.8575,1
4f1c4b35,23385,8.8575,160
13f39e93,25933,8.8575,160
26dae314,13950,8.8575,97
5b9014cd,23180,8.8548,160
76f8b969,15963,8.8548,100
7970b623,23407,8.8575,160
8c3285a,14910,8.8575,100
532e73f3,17702,8.8575,100
60aebb0e,14643,8.8548,100
1c13c896,16694,8.8575,100
d03a2b6,22108,8.8575,160
7b2160e,24482,8.8575,160
2d92f90e,25059,8.8575,160
38714179,21565,8.8575,100
3a247999,18967,8.8548,100
2a226a79,18004,8.8575,100
10c2acba,6404,8.8575,1
228a5d52,15469,8.8575,100
3bfb002b,18311,8.8575,100
7c4433d9,24324,8.8575,160
1bbab76d,25249,8.8521,160
233c48f,15784,8.8575,100
768e6ccf,24934,8.8521,160
384bea9c,14777,8.8575,100
7911f0f,15902,8.8575,100
7781b262,24766,8.8575,160
14181ee1,21635,8.8575,160
893b751,24279,8.8548,160
775a82b,22175,8.8575,160
7d1d1805,16485,8.8575,112
4974325b,14743,8.8575,100
2926ee51,20990,8.8575,100
3c1aed1b,19406,8.8575,100
16843e43,24486,8.8548,160
3ccd1a6,23212,8.8575,160
1d06f3e8,24278,8.8575,160
761fb766,19711,8.8548,100
415ee9c0,21313,8.8575,100
4ee526fc,18498,8.8575,100
24fa41ac,25069,8.8575,160
e497f68,15454,8.8548,100
4f77cbb7,18979,8.8575,100
5664d40,19134,8.8575,138
5bfbe2f1,24674,8.8575,160
33c0b4c5,23406,8.8575,160
45417430,15339,8.8575,100
36e1cf,20492,8.8575,100
370da0c4,21210,8.8548,100
6c429824,18670,8.8575,100
1dd5c7c,23371,8.8575,160
4ff35883,19391,8.8575,100
787cf02b,15457,8.8575,100
7d8d310c,23823,8.8603,160
222d6460,19754,8.8603,100
4978f2e5,16093,8.8603,112
1c9a9c09,24678,8.8603,160
378ca19,23426,8.8575,160
6dff321c,25200,8.8603,160
4abfa072,23317,8.8575,160
445e8c1a,23982,8.8603,160
23f04d06,21183,8.8603,100
cec3a4c,25194,8.8603,160
490111ca,10084,8.8603,1
7e8a84a8,18251,8.8603,100
2d3bea7,7739,8.8603,54
4e84f93f,23071,8.8603,160
23d784f9,16982,8.8603,100
62995e08,22560,8.8603,160
489c3937,19029,8.8603,100
21386c1a,10085,8.8603,1
3ed7d488,19597,8.8603,100
1616a444,22198,8.8603,160
3f6a6230,4227,8.8603,21
5dd0917b,19182,8.8603,139
5d237ddd,25551,8.8603,160
7e34d6b9,17827,8.8603,100
12a350ad,16295,8.8603,112
4b2140cb,16063,8.8603,112
d2a01e7,11748,8.8603,74
55f39fe5,21766,8.8603,160
29cd4dd3,16391,8.8575,112
5ddd8bce,21768,8.8603,160
1c3bbfa6,10026,8.8603,1
4143b0ff,25900,8.8575,160
8861385,9983,8.8603,1
39b46aa0,14765,8.8603,100
783334bf,20074,8.8603,100
242ba70e,10398,8.8603,72
1c098235,15556,8.8603,100
6f20a7e,24180,8.8575,160
670550d3,15959,8.8603,100
1e6f98ea,20102,8.8575,100
4e27a938,12934,8.8575,89
5810fb78,14776,8.8603,100
15deab61,23961,8.8603,160
7714d9f8,23137,8.8575,160
409c04b,23981,8.8603,160
5b9d2089,26292,8.8603,160
6661ea67,2324,8.8603,18
3b781d38,16902,8.8603,100
6af2c8b6,18917,8.8603,100
2033463b,25821,8.8521,160
1298b3dc,14469,8.8603,100
6972fd6a,19041,8.8603,100
15b93f8a,23145,8.8603,160
7998c0c9,724,8.863,1
390cf451,18971,8.863,100
2f01a198,15988,8.863,100
78d0e1f7,15458,8.863,100
4e81e769,18371,8.8603,100
6b7da2a,15976,8.863,100
5a2ee019,17752,8.8603,100
788187a5,21368,8.863,100
7a11e1b,23384,8.863,160
3ffff24f,21345,8.8603,100
12fcf381,22922,8.8603,160
66b4e2d4,20034,8.8603,149
5ca053bf,23266,8.863,160
69ea69df,24054,8.863,160
7c7acbfc,23495,8.863,160
29479327,24711,8.863,160
7f94ff2b,22632,8.8603,160
5cd20d75,14476,8.863,100
1d31f679,17545,8.863,100
272fd091,17178,8.863,100
18bd7c63,25617,8.863,160
5a284552,23704,8.863,160
32e4a1f8,21314,8.863,100
7e11bb74,17577,8.863,100
6c8108f1,25600,8.863,160
39baf058,25640,8.863,160
3573f6a8,14250,8.863,97
239a1f8,14683,8.863,100
228f7a9f,24312,8.8603,160
51b6afa1,17304,8.863,100
3514f3e6,14559,8.863,100
1f78955a,23974,8.863,160
467a4fa8,14458,8.863,100
22d52b61,10437,8.863,72
304c671e,22547,8.863,160
6b45f608,24034,8.863,160
7fd6e3c7,19431,8.863,100
74d3417f,23998,8.863,160
27f4bc6c,25639,8.863,160
63c5eb2c,21120,8.863,100
1a3ca600,25756,8.8603,160
2dadf14d,19637,8.863,146
2bc5f448,23748,8.863,160
457380f6,20383,8.863,100
8f9228,15267,8.863,100
29d965ef,18027,8.8603,100
476653e8,22653,8.8603,160
bb65ca3,20984,8.863,154
f559e29,19622,8.8603,146
5678db05,25934,8.863,160
23743b31,25065,8.863,160
1a1e38b8,21884,8.863,160
354101b,16496,8.863,112
39195904,20101,8.863,100
29290dd1,25819,8.863,160
2b860676,16963,8.863,100
40363046,21979,8.863,160
3314803d,25542,8.863,160
52b2440b,23968,8.863,160
499c5d9d,15813,8.8603,100
3859e0e8,7712,8.8603,50
2fdb9ab6,17704,8.863,100
6f09015a,22584,8.8603,160
44d2d993,18470,8.8603,100
337b2f41,16960,8.863,100
40061db2,16058,8.863,112
67a2d739,21613,8.8548,100
356e841f,22347,8.863,160
6cee7ab8,23703,8.863,160
5f05b4d4,16809,8.8658,121
3ac96337,19827,8.8658,100
2f1ec90b,17048,8.863,100
5e74c8ce,16059,8.8658,112
3076f912,22086,8.8658,160
702cdca5,17518,8.8658,100
692c532c,21483,8.8658,100
6daa555c,20774,8.863,100
34259f73,23533,8.8658,160
5d248428,25203,8.8658,160
4cef0381,22046,8.8658,160
cdf9396,15713,8.8658,100
5abddd51,21633,8.8658,160
33e027e4,8132,8.8658,50
2ba6f8ec,22218,8.8658,160
1f611512,17046,8.8658,100
6fd2664b,14936,8.8658,100
5d3fb352,24050,8.8658,160
27a5294c,18621,8.8658,100
41c24181,17305,8.8658,100
569c152e,21016,8.8658,100
2a80c188,18146,8.8658,100
78711d58,21015,8.8658,100
258c7fb,15266,8.863,100
a8552a9,15987,8.8658,100
5998d431,24483,8.8658,160
6f1b9f49,24442,8.8658,160
65f79f21,14533,8.8658,100
2fd630fe,21722,8.8658,160
433b9fa3,21134,8.8548,100
17958c23,19668,8.8658,100
630b8d77,26146,8.8658,160
3906a493,18058,8.863,127
7c2df47b,19620,8.8658,146
4f7fdd60,23897,8.863,160
50a695ab,19718,8.8658,100
47be5be7,26243,8.8658,160
6f79cafd,19393,8.863,100
781d2d46,19363,8.8658,100
5410b73d,22683,8.863,160
7c647545,25694,8.8658,160
76e0bff,23215,8.8658,160
35f099de,20051,8.8658,100
7bb77cf0,24470,8.8658,160
4d413374,20763,8.863,100
292eecba,15801,8.863,100
821f540,16241,8.8658,112
2d1fd829,24791,8.8658,160
57b0775c,16235,8.8658,112
180b272a,19634,8.8658,146
13ae244d,24525,8.863,160
4d3b51be,4208,8.8575,21
4a3736ac,14940,8.8658,100
1e69a221,22202,8.8658,160
7c8761ed,21634,8.8658,160
6b267962,15874,8.8685,100
1857a0fc,21019,8.8658,100
4b7c617d,21769,8.8685,160
47c34e85,20633,8.8685,100
cb3f9f6,17105,8.8685,100
54066c6b,16253,8.8685,112
71736657,20484,8.8685,100
6e83563a,23305,8.8685,160
592c868d,22397,8.863,160
4a43a817,18292,8.863,100
50b608c0,19272,8.8685,100
2dc1e000,16424,8.8685,112
47ea7a31,14758,8.8685,100
7a4f84af,19629,8.8685,146
14a2d561,26379,8.8685,160
2d9b88e1,16294,8.8685,112
f78acb2,19679,8.8685,100
1b57649e,17033,8.8685,100
1dbbf1a7,25238,8.8685,160
4583f827,14798,8.8658,100
71088efe,23301,8.8685,160
74735949,22346,8.8685,160
6c96be71,24402,8.8603,160
2641926d,24772,8.8685,160
7bc8b775,19678,8.8685,100
69261af,19366,8.8685,100
44e69e13,16796,8.863,100
1d5ac5c8,17543,8.8658,100
3722fef4,17500,8.8685,100
13865a82,19378,8.8685,100
22287ea6,22035,8.863,160
524e7af6,20064,8.8685,100
197191f2,14574,8.8658,100
39840976,15459,8.8685,100
58b88dae,23558,8.8685,160
2c971830,14744,8.8685,100
7980d585,23636,8.8685,160
6c6b3546,24666,8.8685,160
10c77612,16287,8.8685,112
753d5e04,18869,8.8685,100
697478f0,20761,8.8658,100
16a7b4a6,16578,8.8658,112
23d37231,21717,8.8685,160
3c81d531,22831,8.8658,160
70b20642,23247,8.8658,160
767899a9,22417,8.8658,160
5d511144,25099,8.863,160
652ba225,20976,8.8685,100
5731dbec,23178,8.8712,160
6536b572,2132,8.8712,17
31014ab5,26362,8.8712,160
303843a1,9662,8.8712,63
2340d18c,18155,8.8712,100
3a941afc,21344,8.8712,100
83af509,23688,8.8712,160
510da159,14770,8.8712,100
1c0032f,16962,8.8712,100
73177dfd,21680,8.8712,160
2c5a5c2b,17893,8.8712,100
10e12790,21184,8.8685,100
11b987d8,20485,8.8712,100
5989f887,25697,8.8685,160
274c4c99,23916,8.8685,160
3e883247,23692,8.8658,160
6352f509,20180,8.8712,150
75097424,2134,8.8712,17
3064d698,22630,8.8712,160
4f01c0d9,26059,8.8712,160
3b0f8e8d,24752,8.8712,160
599659c,23822,8.8712,160
135fb3a1,21518,8.8712,100
5219ae1b,17892,8.8712,100
15a52933,10103,8.8712,1
5b5e1b9e,22028,8.8712,160
35f269ef,23396,8.8712,160
2a84703c,21402,8.8712,100
1b57ec12,14672,8.8712,100
165428ee,17339,8.8712,100
3d7d4351,23269,8.8712,160
1b66f800,24224,8.8712,160
126a6ec0,26127,8.8685,191
25ce273b,26293,8.8712,160
72fe9f18,22264,8.8712,160
6faafb7f,23541,8.8685,160
20216957,23962,8.8712,160
2b2a4ade,22396,8.8685,160
5e74dfbf,25773,8.8712,160
1f29b6df,12901,8.8712,89
4b0aadfe,14769,8.8712,100
4d0afdd8,17703,8.8685,100
35fb5ae1,17770,8.8712,100
4de2efb6,25225,8.8712,160
67b68dcf,24342,8.8712,160
19b8f0ac,15938,8.8712,100
79cda99a,18702,8.8712,100
63336f46,21854,8.8712,160
cf00d93,17376,8.8685,100
252c734b,25904,8.8712,160
5f7b2137,21031,8.8712,100
4b6ed23b,23395,8.874,160
335fdd4f,26211,8.874,160
7b45e3d9,22249,8.874,160
3f4fc222,21138,8.8712,100
5755e5e6,16542,8.874,112
39bb2e65,14871,8.8712,100
5fedd6f4,19621,8.874,146
4f9cc63,23529,8.874,160
4901dc16,25239,8.8712,160
81e59c6,24339,8.874,160
68b696a6,25757,8.8685,160
22e6d507,16778,8.874,100
65404c21,13028,8.874,89
4a1c5070,21369,8.874,100
1f6ae926,15772,8.8712,100
3a719b0e,25638,8.874,160
3b4c17c4,19273,8.874,100
43b54fcb,25620,8.874,160
576ff457,22034,8.8712,160
7362117a,24687,8.874,160
30a99bdf,21374,8.874,100
78c27735,21723,8.874,160
675e949,23081,8.8712,160
1160b4f1,19589,8.8712,100
44862d5f,21557,8.874,100
398527c6,7722,8.8712,50
450e244a,16056,8.874,112
2e9e8801,17826,8.874,100
3acd661f,25609,8.8712,160
2ae6cd97,20052,8.874,100
1efe80f5,21185,8.874,100
447acdab,24693,8.874,160
15d6b6a5,25447,8.874,160
9c05bfd,24035,8.874,160
63538b18,23915,8.874,160
7156054c,15905,8.874,100
47aa9d1b,20032,8.874,149
393acaa2,25583,8.874,160
5115f65d,24376,8.874,160
7a4505d8,19432,8.8712,100
7b2427a8,24528,8.874,160
5a015031,20977,8.874,100
25f51b22,23248,8.8712,160
644816b5,1366,8.874,11
1a11a37f,19638,8.874,146
4ac1e8d4,16847,8.874,121
47e0d6a5,19238,8.874,100
63398d52,16550,8.874,112
20ebec26,21277,8.8712,100
1c4b74b5,21154,8.874,100
6fe28058,20072,8.8767,100
31661109,17986,8.874,100
70f2bc7e,24692,8.874,160
432300cb,26244,8.874,160
6c638a16,16091,8.8767,113
d789b87,20961,8.8767,100
c972d78,24178,8.8767,160
69e371d8,15750,8.8767,100
41a4075f,26000,8.874,160
8c9184f,19239,8.8767,100
98926f,19256,8.874,100
3d8008c3,24812,8.8767,160
5b7948a9,23074,8.8767,160
4f9fc31a,24759,8.8767,160
2ee0bb49,25635,8.8767,160
6aec9f15,5881,8.8767,44
6eabd5ba,18686,8.8767,100
53d00ebc,16425,8.8767,112
626680cf,23597,8.8767,160
49775539,23089,8.8767,160
2ab71bd2,18737,8.8767,100
7c0196b3,22135,8.874,160
facda97,23329,8.8767,160
7c63e8c5,23534,8.874,160
6e181510,21774,8.874,160
1edcb26e,20548,8.8767,100
77cdbb40,26290,8.8712,160
140b40bc,21775,8.874,160
3a9567b8,18005,8.8712,100
6d85f093,23211,8.874,160
41a1ed46,25595,8.874,160
4c4df2a4,15045,8.8767,100
5b2c4989,17550,8.8767,100
156cfcf0,14912,8.8767,100
455e142,18298,8.8767,100
4ad0f753,18671,8.8767,100
73099f81,24452,8.8767,160
170766c,26222,8.8767,160
2a84d8f1,15559,8.8767,100
6723c89d,22634,8.8767,160
2928bfaa,22544,8.8767,160
5869a66f,19585,8.8767,100
5a286818,7716,8.8767,50
56e770fc,23717,8.8767,160
4e4520e1,16196,8.8767,112
2ff92d9d,23575,8.8767,160
3a36bcd3,24161,8.8767,160
23477b25,18205,8.8767,100
682fb8dc,22076,8.8795,160
2d9fe9e3,21456,8.8795,100
276bd914,15811,8.8795,100
4eca8f21,23824,8.8795,160
2839c6a0,24168,8.8767,160
27662750,18616,8.8795,100
22c4e812,24792,8.8795,160
3fe0eeca,15802,8.8795,100
25c9dd90,26061,8.8795,160
43a3034f,23693,8.8767,160
16d7f1b9,16453,8.8795,112
55e9e0cc,22216,8.874,160
6d47d205,15269,8.874,100
730ec761,18732,8.8795,100
689b760,16758,8.8795,100
30030ba7,23640,8.8795,160
5deb7585,14741,8.8767,100
479e0174,17076,8.8795,100
5d477fa4,22564,8.8795,160
149a2478,18734,8.8795,100
5fe3b33c,17394,8.8795,100
1aea518,16593,8.8795,112
5922b218,23205,8.8795,160
5ac6fa8,16237,8.8795,112
6e008de9,26001,8.8795,160
2bfccdb5,19593,8.8767,100
6944f1a5,20138,8.8795,100
49e69925,25230,8.8795,160
360e810a,22348,8.8795,160
6245002,14963,8.8795,100
25ba3ce7,20985,8.8767,154
4f3f927c,19162,8.8795,100
2e37f4b,20993,8.8795,100
4c647f6b,21712,8.874,160
38cd3f04,22736,8.8795,160
b52e613,16440,8.8795,112
12d2d915,22928,8.8767,160
7da27303,15403,8.8767,100
2cc656ac,20154,8.8795,100
30384f59,8130,8.8795,50
3426323a,21448,8.8795,157
5a7275d6,17546,8.8767,100
441f2b02,24179,8.8795,160
362ff65f,24326,8.8795,160
331db542,17897,8.8795,100
7a88aa32,22970,8.8795,160
47f2d95a,18877,8.8795,100
ea642f5,26245,8.8767,160
50cf41c6,15029,8.8795,100
6f29a8d7,23898,8.8795,160
1e37661e,21718,8.8795,160
2cdd8a6,14724,8.8795,100
28266848,25454,8.8795,160
a6b128b,19228,8.8795,100
30b2ec3b,19379,8.8795,100
5cd61a63,6430,8.8822,1
47a94d99,25905,8.8795,160
1504e0ad,22907,8.8795,160
32f01502,23827,8.8822,160
135524a2,19769,8.8822,100
5e99043d,19755,8.8767,100
53d15ff2,23899,8.8822,160
6162dcad,19859,8.8822,100
fe21b15,19776,8.8822,100
53089d86,24237,8.8822,160
45a6d336,25126,8.8822,160
1c512abf,23954,8.8795,160
21abc3a4,23965,8.8822,160
6b211a2c,23372,8.8822,160
7c524e63,19380,8.8822,100
f9e1dbc,19480,8.8822,100
38ec156b,23265,8.8795,160
1a0fda22,14768,8.8822,100
17d33b23,14802,8.8822,100
68dfb798,19494,8.8822,100
c65ae6b,20775,8.8822,100
17fbd129,26060,8.8822,160
191517aa,14771,8.8795,100
197ffad6,16392,8.8822,112
c89fd16,26065,8.8822,160
2dbe1c1a,22901,8.8767,160
6405f21d,19594,8.8822,100
2ca0d01,2349,8.8822,18
3d0cb60c,24501,8.8822,160
41e83103,20179,8.8822,150
1c6bbbe8,26202,8.8822,160
57353762,19367,8.8822,100
7552acbe,14913,8.8822,100
12a3863,22204,8.8822,160
73b45eb3,21045,8.8822,100
5458a80,16914,8.8822,100
5a5c302,24857,8.8822,160
44509ca5,21767,8.8767,160
3aa02d6a,24811,8.8822,160
1398a134,14938,8.8822,100
388edd96,16254,8.8822,112
787bdb96,16017,8.8822,100
430b628e,19073,8.8822,100
69a5bca0,22591,8.8822,160
15cceada,23530,8.8822,160
b998348,17885,8.8822,100
585d5953,23969,8.8822,160
5be0f798,18506,8.8822,100
7de12019,19394,8.8795,100
1503930a,2141,8.8822,17
65662239,18006,8.8849,100
170e9e75,23216,8.8849,160
4b8ef73b,15982,8.8849,100
3f1be7bb,20951,8.8849,100
6bb86d8b,23408,8.8849,160
826abbf,2236,8.8795,15
34adb2af,22964,8.8849,160
54ebbdbe,20386,8.8849,100
5976fd4a,19259,8.8822,100
17e4c466,14941,8.8849,100
7c97469d,26022,8.8849,160
41d161e3,25100,8.8849,160
400132aa,21631,8.8849,160
18309bbc,14251,8.8822,97
11bfc349,25217,8.8849,160
5711bd5d,16198,8.8849,112
57dacc4d,20632,8.8849,100
1dce712c,18912,8.8822,100
cf33612,23800,8.8849,160
13fe452,25204,8.8822,160
6e75cab7,23260,8.8849,160
6fcccb90,23751,8.8849,160
1e58054,16257,8.8849,112
7f06f94e,18948,8.8849,100
35fb8c5d,15800,8.8849,100
3f66a46b,18471,8.8849,100
53fd9acd,16008,8.8795,100
367f785c,23337,8.8849,160
1b35a9e7,14875,8.8849,100
53b1ef46,23403,8.8849,160
59fe5ca7,20103,8.8849,100
140e725c,16331,8.8849,112
22c29bab,17578,8.8849,100
7ed59b6a,22293,8.8822,160
5565eb73,23432,8.8822,160
329eff11,19636,8.8849,146
437352a,21772,8.8849,160
56ebf00d,10375,8.8849,72
2c2fa7d0,24026,8.8849,160
690cb333,16087,8.8849,112
31791c47,16094,8.8849,112
542f455d,16229,8.8849,112
492f6d7a,17828,8.8822,100
5dcdac4d,22244,8.8849,160
c8d9103,14947,8.8822,100
142e8a,14755,8.8822,100
5664a523,22559,8.8849,160
2ebf8678,15357,8.8849,100
1e20f826,20173,8.8877,150
ff0caf6,25079,8.8877,160
43148079,15470,8.8877,100
7e456768,21455,8.8877,100
1f38a79b,24656,8.8877,160
5f846654,16197,8.8877,112
d5aa79a,20050,8.8877,100
14228fdf,24943,8.8877,160
741f5a0,14766,8.8877,100
4189c414,24403,8.8877,160
3d43bcb7,24502,8.8877,160
321fa8c7,22631,8.8877,160
65fdaaf2,24461,8.8877,160
65219de5,25980,8.8877,160
6a875c31,23980,8.8877,160
4a01f3d2,23084,8.8849,160
42a36a5a,15238,8.8877,109
2e7bdf8e,23858,8.8877,160
2b04195e,21683,8.8822,160
7b32aedb,18700,8.8877,100
3ee85d0c,16450,8.8877,112
67401131,23082,8.8877,160
6c853a6e,18226,8.8877,100
22f0553,26401,8.8849,160
5b3f0b20,26003,8.8877,160
7e532827,17958,8.8877,100
19fd6745,15949,8.8849,100
5cee685e,24555,8.8877,160
7b17cc04,21779,8.8877,160
2611eb0d,21042,8.8877,100
19897740,15133,8.8877,100
4164edf8,8475,8.8877,50
33d16dde,25111,8.8877,160
1cd25f62,16464,8.8877,112
20afe553,23477,8.8877,160
35328676,20911,8.8822,100
535fa605,15036,8.8877,106
6b588e2d,23992,8.8877,160
657ff56b,21450,8.8877,157
5651be67,6352,8.8877,1
44dfde84,26247,8.8877,160
239e05cd,24343,8.8849,160
6a1e3794,18303,8.8877,100
4518e51c,16806,8.8877,121
5fd68479,18064,8.8877,100
7ffc2051,25688,8.8822,160
65474af9,18009,8.8877,100
7efe7352,17908,8.8849,100
7ccc4994,22250,8.8877,160
1752ff38,17167,8.8877,100
481d6fa9,20994,8.8877,100
3343eb26,22548,8.8822,160
45f4e11b,19318,8.8849,100
5b6a90d8,14070,8.8849,97
5b411fb2,14767,8.8877,100
78825354,17907,8.8904,100
1a1c8966,21681,8.8877,160
157f26ad,6428,8.8904,1
27b0922b,22197,8.8904,160
4690173f,24822,8.8877,160
2c62f44a,19854,8.8904,100
524b0f19,22689,8.8904,160
3eed11b3,23964,8.8904,160
7802d0be,17034,8.8904,100
4379ab50,21570,8.8904,100
49c057e1,19727,8.8904,100
1ff6a7e3,16127,8.8904,112
719f1383,17102,8.8904,100
4cce36b8,16082,8.8904,112
7f3215cb,19676,8.8877,100
34862a93,25684,8.8904,160
1e655a5f,19712,8.8904,100
17ef511b,19962,8.8904,100
781c9260,23228,8.8904,160
196415fe,16579,8.8904,112
7dcbed42,25197,8.8877,160
4948e706,21404,8.8904,100
24c210bd,9605,8.8904,63
4be7fa48,19994,8.8904,100
385109d7,23275,8.8904,160
54234d2d,16439,8.8904,112
1a525262,17705,8.8904,100
14ace6f9,23158,8.8877,160
20df5b29,19963,8.8904,100
1070f154,21562,8.8904,100
18b9607a,16486,8.8904,112
6b51c6ba,18227,8.8904,100
266063de,17771,8.8904,100
37c5d579,21770,8.8904,160
75896dd8,24325,8.8904,160
108811c5,25214,8.8904,160
4f2d77a0,16595,8.8904,112
5c31589a,26227,8.8904,160
6a769308,15729,8.8904,100
54afd433,24611,8.8904,160
4f9e15a,25097,8.8904,160
204d0612,19310,8.8822,100
7e7d3fc0,21944,8.8904,160
54596270,20706,8.8877,100
1f61ba90,24557,8.8849,160
575452f8,21129,8.8904,100
40c0e4ed,20657,8.8904,152
59a6d600,17832,8.8904,100
5f954467,16330,8.8877,112
4d32c03f,14961,8.8849,100
380498f3,20627,8.8904,100
648d00ad,14756,8.8904,100
149c218a,24690,8.8904,160
174c843e,26223,8.8849,160
7fa4e492,25522,8.8904,160
ae7317d,24688,8.8904,160
510f3b26,23511,8.8849,160
4d50e2f4,20297,8.8904,100
752cbf2,22961,8.8877,160
452fa0b4,14560,8.8904,100
15081fb8,22633,8.8932,160
2657b8bd,22654,8.8932,160
54b2d22a,26096,8.8932,160
26f9fa33,18756,8.8932,100
e29715a,20912,8.8904,100
44a47529,23559,8.8932,160
118447da,24047,8.8877,160
6f51ca1f,23096,8.8932,160
17b3956e,16213,8.8932,112
a0d8707,18206,8.8877,100
4feb84bd,17422,8.8932,100
2801bd54,20991,8.8932,100
730295c8,26310,8.8932,160
1b888519,16345,8.8932,112
7ddb1cd0,18147,8.8932,100
6e06a1ba,22902,8.8932,160
7742b661,24046,8.8932,160
4b484a33,22084,8.8932,160
1437ae0e,25235,8.8932,160
595b4aaa,17077,8.8932,100
312f1dc4,23270,8.8932,160
6aff712a,14482,8.8932,100
63efb794,25066,8.8932,160
4a812239,14881,8.8932,100
389d790,22898,8.8904,160
126e90ea,20685,8.8932,100
c23d624,22265,8.8932,160
4ff0ad73,14575,8.8932,100
6999263f,20987,8.8932,154
208c64a,24238,8.8932,160
1e242c8b,25599,8.8932,160
11cd7a1,23845,8.8932,160
6487ff21,18847,8.8932,100
76078763,15803,8.8932,100
3c5637e5,22217,8.8932,160
78a89cb3,22219,8.8932,160
600572d0,22899,8.8932,160
230d0a70,22595,8.8904,166
69fbaded,19848,8.8932,100
55ec3448,23244,8.8932,160
649f4628,23846,8.8932,160
586e030c,11801,8.8932,83
137bccfb,15906,8.8932,100
27db8fbc,16399,8.8932,112
4d87f4d9,19592,8.8932,100
205d0206,15046,8.8932,100
39eb3369,19309,8.8904,100
1135213b,24530,8.8904,160
7470a27c,16236,8.8932,112
5c643bf2,16934,8.8959,100
27b9e9ad,23466,8.8959,160
47a9f648,20656,8.8959,152
7fad2b7f,18535,8.8959,100
2eb24d3,19409,8.8959,100
6a7751a2,19178,8.8932,100
62e4f112,17795,8.8959,100
7484c8e2,24845,8.8959,160
2f12b71d,17312,8.8904,100
7f38091c,18583,8.8904,133
3a911b88,14474,8.8959,100
680007e0,16552,8.8959,112
5210ffa2,24667,8.8959,160
5d62e0ec,17575,8.8959,100
6d5f7c15,25689,8.8959,160
2c433753,17753,8.8932,100
5fa0776d,23999,8.8959,160
37f7447e,17681,8.8959,100
624f40cd,25912,8.8932,160
74e62745,26134,8.8959,160
28a12dab,25686,8.8959,160
25f84875,21682,8.8959,160
3da93d2f,22220,8.8932,160
7830f9d0,10422,8.8959,72
59dd5f08,24767,8.8959,160
3e011fa6,14803,8.8932,100
4ab50d0c,5880,8.8877,44
27072a38,22368,8.8959,160
353483f3,23799,8.8959,160
3ce75658,20707,8.8932,100
2e8e0561,12902,8.8959,89
622bf42,25340,8.8932,160
430804f1,15899,8.8904,100
30686c0f,19082,8.8932,100
222b6b5f,17519,8.8959,100
5257ca63,23902,8.8959,160
43edf0c1,21155,8.8959,100
50269f51,23726,8.8959,160
23dd994e,16323,8.8932,112
13391386,18128,8.8959,100
4f354b84,21820,8.8904,160
63f2c15b,18703,8.8932,100
7ca0663,15812,8.8959,100
4812e83d,15404,8.8959,100
2d1ee3d0,23901,8.8959,160
58130731,23997,8.8959,160
f3dfb4e,15757,8.8959,100
50b1a994,25690,8.8959,160
a6bd031,23271,8.8959,160
4a0174c2,23261,8.8959,160
2a061147,22077,8.8959,160
77a6f09a,19581,8.8932,100
23185c07,15977,8.8959,100
62fe8bc2,20176,8.8904,150
25d6dea0,19964,8.8986,100
78e832f3,20997,8.8986,100
380a3f54,19410,8.8986,100
6611d18f,18241,8.8959,100
5993b436,23602,8.8986,160
4f25945d,26147,8.8986,160
766358e0,22366,8.8986,160
1f7a29e7,10386,8.8986,72
5b0c1c3a,18094,8.8986,100
3868ec7a,24670,8.8986,160
542007cf,7723,8.8986,50
1adb29bd,22209,8.8986,160
210d1b10,24200,8.8959,178
5ef93877,18651,8.8959,100
ab35218,17104,8.8986,100
212d59ae,16596,8.8986,112
49660432,10027,8.8986,1
4b18ab81,15594,8.8986,100
7a4395,23090,8.8986,160
17d7e96d,23342,8.8986,160
7645a1d,22967,8.8959,160
7e5a9957,5487,8.8986,37
3f90d31f,20686,8.8986,100
2c6e0be2,18116,8.8986,100
45a0383,16533,8.8986,112
31cb576b,21532,8.8986,159
214b05a7,19284,8.8986,100
bf1a0f8,10314,8.8959,70
571c9b7f,24697,8.8959,160
38ecc04,21636,8.8986,160
7a1187ef,26246,8.8986,160
7ce11e35,26212,8.8986,160
4f95b5b5,16759,8.8986,100
3a8eaeaf,21482,8.8986,100
4c5678ee,14470,8.8986,100
3832c7e7,18103,8.8986,100
5a68f549,26149,8.8959,160
15dcc37d,25636,8.8986,160
6a324820,16050,8.8986,112
4411a77e,24392,8.8959,160
594ec008,25061,8.8986,160
2afa2777,20387,8.8986,100
52f11940,21449,8.8932,157
1b926e37,18930,8.8986,100
34f3a3cd,22036,8.8986,160
4f85e9fb,18117,8.8986,100
4fc9fbbb,25082,8.8986,160
1528c01b,15595,8.8986,100
7e3247b1,23083,8.8986,160
1d43f75f,14670,8.8959,100
3407c2f1,21726,8.8986,160
2b261412,10086,8.8986,1
79413e5b,12903,8.8986,89
67e8d578,25613,8.8986,160
640f91b2,14644,8.8986,100
65933fd5,18738,8.8959,100
6f8969dc,18472,8.8986,100
44aed37f,16426,8.9014,112
654c8d87,16454,8.9014,112
19dd6b6c,6347,8.9014,1
2cf00a6f,6422,8.9014,1
2909b3b7,20298,8.9014,100
3f2e97bd,18975,8.8986,100
3d3e2602,17900,8.9014,100
f393ff1,26029,8.9014,160
e98ab24,15396,8.9014,100
3367f209,18731,8.8932,100
7cec3790,23097,8.9014,160
5f8581cd,24471,8.9014,160
302e0039,18973,8.8986,100
762e677a,25585,8.8986,160
44440ab,18653,8.8986,100
355d508,19275,8.9014,100
3da42310,26315,8.9014,160
20e9c383,21044,8.9014,100
4c937c84,24487,8.9014,160
2b3d705f,17576,8.8959,100
6006206f,18129,8.9014,100
65169ea2,21436,8.9014,100
739566b2,23462,8.9014,160
4324f1a5,20035,8.9014,149
663961bd,22965,8.9014,160
79b69db3,21684,8.8986,160
172dacdd,20155,8.9014,100
46f9e30f,24832,8.9014,160
174b86fc,20952,8.9014,100
53309df,25822,8.9014,160
559bfe53,24327,8.9014,160
5a5ddaa3,18976,8.9014,100
20ecde71,25346,8.9014,183
2984b0f8,15758,8.9014,100
62b3af52,20139,8.9014,100
568fe965,20778,8.8986,100
1056ba93,19319,8.8986,100
58371a12,21406,8.9014,100
1c59cb11,21023,8.8986,100
636f3ef7,15751,8.9014,100
4a02273e,23302,8.9014,160
6f258ecf,4222,8.9014,21
3df6d179,17821,8.9014,100
27f4c8b6,21276,8.9014,100
7c9430a1,23914,8.9014,160
3f048a0a,23705,8.9014,160
34f2e98a,20978,8.9014,100
354236da,21760,8.9014,160
680e09eb,24479,8.9041,160
73419a3a,24370,8.9041,160
50dc8361,24377,8.9014,160
748c8b46,22109,8.9041,160
6c55956d,15957,8.9041,100
133a5297,18735,8.9041,100
3ab84a86,22242,8.9041,160
27c91c1a,18986,8.9041,100
370f751e,18579,8.9041,100
77b1706f,16600,8.8986,112
11597f27,21713,8.9014,160
36de3ae4,25618,8.9041,160
4892a6c3,22199,8.9014,160
5998c9e9,16085,8.9041,112
1573f041,23510,8.9041,160
69bdd888,25220,8.9041,160
2ef3c641,19381,8.9014,100
313b95f7,16544,8.9014,112
3bc09a69,16332,8.9041,112
3c3e7c01,23561,8.9041,160
c4f6409,19426,8.9041,100
75f83ffa,21342,8.9014,100
6136dc5a,19433,8.9041,100
5e1a01c7,23278,8.9041,160
118bb071,15792,8.9041,100
6693e165,22251,8.9041,160
311025e1,15748,8.9014,100
3f0a1e3d,23689,8.9041,160
13b80ca2,17894,8.9041,100
73ce3995,2363,8.9014,18
a2f6640,20069,8.9041,100
563a6576,21645,8.9041,160
55347f46,16398,8.9041,112
5734f6e4,24231,8.9041,160
26589724,25633,8.9041,160
1fef301b,23738,8.9041,160
24e8a07c,23512,8.9014,160
27ef3d4b,25634,8.9041,160
640e9f55,22546,8.9041,160
6957a2ef,26224,8.9041,160
19a4eaf7,23900,8.9014,160
7b27af50,18954,8.9014,135
1dae37c7,19274,8.9041,100
49baae47,2095,8.9041,15
77f706d5,19183,8.9041,139
316c6a54,14876,8.9014,100
5d1073b1,24846,8.9014,160
414426c2,16468,8.9041,112
eca5191,22909,8.8986,160
5ca6b4d6,17834,8.9041,100
2f5d908,20212,8.9041,100
62679da2,25770,8.9041,160
3efd1ea6,24491,8.8986,160
57141dab,17362,8.9068,100
7b85a3d8,1978,8.9068,13
25d1ab87,22029,8.9068,160
a7979e,20106,8.9068,100
43b3c010,14952,8.9068,100
730f99b5,23917,8.9068,160
4812b3a,23070,8.9068,160
56bbd969,18933,8.9068,100
524cd311,26132,8.9068,160
45a1420c,18145,8.9041,100
56a561e0,18341,8.9041,100
7ae9c74c,16802,8.8986,121
75243b95,18758,8.9068,100
78f116f0,17833,8.9068,100
4c1196a4,18672,8.9041,100
78f6ebcd,25067,8.9068,160
7248b4de,24673,8.9041,160
2c5a8fd5,24793,8.9068,160
5cec5a38,24691,8.9068,160
1c8853b7,21011,8.9041,100
25b50932,2364,8.9068,18
53ef7b68,24072,8.9068,160
2b3362e7,17822,8.9068,100
15b0c023,7717,8.9068,50
7c5dc09d,24944,8.9068,160
4bfb2cc9,15950,8.9068,100
63673ae5,21139,8.9068,100
5f101de9,2071,8.9068,15
5e09413a,24166,8.9068,160
53f34834,20070,8.9041,100
40513bb1,14685,8.9041,100
373c4588,15815,8.9068,100
6f65c821,16436,8.9068,112
52deda16,16846,8.9068,121
83462ba,16071,8.9068,112
41cf2960,26020,8.9041,160
80a0e5b,16346,8.9068,112
5392d2a3,14673,8.9041,102
73de50eb,25195,8.9041,160
668ed696,18580,8.9096,100
2c207b26,14503,8.9096,100
72afdaa,21520,8.9096,100
3f164006,20140,8.9068,100
5de26346,22924,8.9096,160
67b6e969,24858,8.9041,160
4e8c7600,20913,8.9041,100
48e047f2,25112,8.9068,160
18f724e9,17595,8.9096,100
74d9d52d,26021,8.9096,160
156c5181,17395,8.9096,100
45c10fe4,23072,8.9068,160
f540f79,18972,8.9096,100
2ea5b216,18067,8.9096,100
34fdc820,23847,8.9096,160
59320e1a,15909,8.9096,100
14c194f7,25339,8.9096,160
2ed03b51,15752,8.9096,100
b854dc8,24058,8.9096,160
39dc9ba7,22903,8.9096,160
392cf8df,18751,8.9096,100
3b417ed1,22312,8.9096,160
38775ead,17544,8.9096,100
71fcd567,17898,8.9096,100
1445594a,24066,8.9068,160
69829183,22925,8.9096,160
5985dd94,24375,8.9096,160
38bfc3d5,20979,8.9096,100
5b05723f,15753,8.9096,100
4cc5d3d5,22655,8.9096,160
31b65d47,22121,8.9096,160
46284f98,20962,8.9041,100
364c49e8,25642,8.9096,160
54756f8f,18171,8.9096,100
57aa5c23,24024,8.9068,160
58c51638,25837,8.9096,160
537a9dc1,23508,8.9068,160
72d9d4f,25601,8.9096,160
568a7162,20104,8.9096,100
78db8332,25341,8.9096,160
283ddb6f,15718,8.9096,100
7a069db8,21761,8.9096,160
11aaa052,5634,8.9096,36
79f1fa43,17049,8.9096,100
354c6346,21995,8.9096,160
64121942,20105,8.9096,100
2a37a325,20924,8.9096,100
1667401a,18507,8.9096,100
50a9e36b,18173,8.9096,100
38db26df,20414,8.9096,100
4cf7e08f,14700,8.9123,100
5bce4cbf,16553,8.9068,112
6c524ae1,17452,8.9096,100
dde646a,26298,8.9123,160
7ede1ec6,22136,8.9123,160
575c0e16,26051,8.9123,160
2927435e,21484,8.9123,100
57a48f24,9609,8.9123,63
59028338,15754,8.9123,100
6e990ab0,25830,8.9123,160
7db7898e,24073,8.9123,160
e19f4b3,19311,8.9096,100
43cfad0b,18581,8.9123,100
65a5f348,22110,8.9123,160
249ffd8b,20445,8.9123,100
65e239c7,23513,8.9096,160
5bfb6785,16757,8.9123,100
118ef001,10113,8.9123,67
4aa6341e,24813,8.9096,181
3efe008c,16915,8.9123,100
3e399f99,24057,8.9123,160
53b48daf,16095,8.9123,112
58d17ea7,24703,8.9123,160
232cb767,23550,8.9096,160
6d9839ee,23306,8.9123,160
1f2fb693,22746,8.9041,160
5b28cfd4,14507,8.9123,100
4cd8c797,22900,8.9123,160
a89d6e4,18326,8.9096,100
26f2d912,14946,8.9123,100
86220a7,20480,8.9123,100
448b7871,1914,8.9123,13
4ee5eb08,23463,8.9096,160
a1f3ac6,25258,8.9123,160
3a1548de,14561,8.9123,100
2542f71d,22832,8.9123,160
441ee516,22803,8.9123,160
486f2b08,17638,8.9123,100
37243e59,24658,8.9123,160
383c1754,25068,8.9096,160
4c7d5188,15251,8.9123,100
28794a80,20995,8.9123,100
53f084f,5488,8.9151,37
27e7d3db,14860,8.9151,100
152f2225,25844,8.9151,160
4d7b6bb6,16912,8.9123,100
262a53c3,21981,8.9151,160
30ea67a9,15903,8.9123,100
290a0364,19617,8.9151,146
45d8326a,23262,8.9151,160
3198d559,17895,8.9068,100
2f042228,17107,8.9151,100
4522851a,23551,8.9151,160
52ac2bec,22030,8.9151,160
3337e0cf,21641,8.9151,160
2bc403fe,7718,8.9151,50
2f8b3f8e,21823,8.9123,160
19239031,23825,8.9151,160
584e053b,24712,8.9151,160
6b0eb695,14962,8.9151,100
605e83f9,24531,8.9151,160
16dfb733,25759,8.9151,160
3e901f0e,16807,8.9151,121
20b4ac57,24804,8.9151,160
3461a2f3,15439,8.9151,100
2debb92f,23409,8.9123,160
231308f0,25637,8.9151,160
5f6cfd63,22301,8.9151,160
613ae1ef,18652,8.9151,100
64693f8b,22353,8.9151,160
53f7d5a6,24671,8.9151,160
5da67fcf,24503,8.9151,160
659906fd,24961,8.9151,160
539aa638,16018,8.9151,100
7e225ea7,18536,8.9151,100
10940eab,21509,8.9151,158
3d975caa,16548,8.9123,118
3bba9646,24371,8.9151,160
570130f0,23761,8.9178,160
67d09ded,7740,8.9178,54
6025ffb1,14948,8.9041,100
f425d55,23309,8.9178,160
6fefb0bc,25838,8.9178,160
511a6afd,18386,8.9178,100
3246bac6,21130,8.9151,100
7dd10348,15438,8.9178,100
60644152,19235,8.9178,100
622b9221,22266,8.9151,160
653c9428,21887,8.9151,160
10821084,26363,8.9178,160
1c8f4c5,5608,8.9151,36
522ead17,21765,8.9178,160
6c2a97e9,17808,8.9178,100
6d36d390,25700,8.9178,160
6d30f882,17359,8.9178,100
4ad1b626,24847,8.9178,160
14376076,18033,8.9178,100
727cf54a,22252,8.9178,160
fbc1be0,22316,8.9178,160
298d02c6,23841,8.9178,160
784f7dad,24025,8.9151,160
43131b9d,18757,8.9178,100
4b4f55f,19635,8.9178,146
73e9f4bf,21614,8.9178,100
11f79626,18726,8.9123,100
502d3dec,18304,8.9123,100
b390b87,14953,8.9178,100
280409b2,12921,8.9178,89
5effc32,24451,8.9178,160
7334ff44,25948,8.9178,160
3c14633e,15910,8.9178,100
614ccdc6,22078,8.9178,160
7f323208,25086,8.9178,160
2f13066,17782,8.9178,100
77f3edc5,25602,8.9151,160
329c7d7e,9984,8.9178,1
d879165,22971,8.9178,160
12151e78,17600,8.9178,100
7c59cc40,25909,8.9178,160
14ac8bcb,22047,8.9151,160
25112c82,20065,8.9178,100
1f4d1086,22616,8.9178,160
5333d1bb,18130,8.9178,100
7adb6531,18167,8.9178,100
2d44f4e3,17824,8.9178,100
5d46c053,16545,8.9178,112
719f8245,25556,8.9178,160
6a175d0,17548,8.9205,100
cc87a0b,24383,8.9205,160
64e7d6e3,23887,8.9205,160
7be52401,13029,8.9178,89
67e77799,23330,8.9205,160
654c76bb,14693,8.9205,100
6a674c8a,18949,8.9205,100
6765abe3,14759,8.9205,100
28b28d26,21405,8.9205,100
74356c16,15189,8.9178,100
26d18f2a,23966,8.9178,160
24e66d06,24988,8.9205,160
6e16e0ca,9663,8.9205,63
52719b93,21646,8.9205,160
d7b1817,14872,8.9205,100
753b27a4,19907,8.9205,100
1ae2cae3,22923,8.9205,160
43ab69c5,25797,8.9205,160
44d0c4ce,16863,8.9205,121
1dd8cf20,19590,8.9205,100
54791670,16083,8.9205,112
6ae9a0e6,24610,8.9205,160
440fa90b,21510,8.9205,158
5cf2050e,18302,8.9205,100
29cbe9c9,26434,8.9205,160
708607f,17097,8.9205,100
79794815,24621,8.9205,160
13e157dc,18387,8.9205,100
4007e1c0,25641,8.9205,160
c1156bb,25196,8.9205,160
485ec4de,16570,8.9205,119
7b541420,21994,8.9205,160
4a2f36b,24833,8.9205,160
4148025,21818,8.9205,160
280c9ca,2142,8.9205,17
3c468570,26133,8.9205,160
676873cc,22568,8.9205,160
74c2ede1,22615,8.9205,160
7008a42a,18739,8.9205,100
78edd25e,21407,8.9205,100
4b4c73e0,23971,8.9233,160
5c3f389c,23976,8.9233,160
651bb1f1,14705,8.9233,100
2477cc82,19856,8.9205,100
3f717b1f,18932,8.9233,100
aedb12f,16245,8.9233,112
1c84ed0e,15908,8.9233,100
39dacdda,16060,8.9233,112
d47f07d,8476,8.9233,50
6a444c33,19595,8.9205,100
519320e8,25800,8.9233,160
3e48931d,22565,8.9233,160
c3e58b1,23514,8.9233,160
44d3a8d1,16935,8.9233,100
c0f44c3,24802,8.9233,160
7625fe24,23179,8.9233,160
820db81,24344,8.9233,160
3fa986d9,15662,8.9233,100
51ec7f74,24345,8.9233,160
1ec743f1,21642,8.9233,160
273310d6,25450,8.9205,160
7ebe1eca,16549,8.9233,118
70cc3e4f,20066,8.9205,100
4269e8fd,18584,8.9233,133
7d63f5c6,24379,8.9205,160
73a5ecee,14684,8.9205,100
620a9a93,20073,8.9233,100
660ecd7b,17547,8.9233,100
6f29a82f,23527,8.9233,160
d06bdc9,15400,8.9233,100
5198e21b,25703,8.9233,160
206cdeec,21409,8.9205,100
67f034b9,18673,8.9233,100
453a90b8,24115,8.9233,160
7dea8523,23159,8.926,160
6bf438bf,23528,8.9233,160
4dcb5b38,15394,8.926,100
dc78c84,22558,8.926,160
5bf04588,21724,8.926,160
758bc890,16084,8.926,112
43fd08c7,25661,8.926,160
7bcfdc80,16088,8.926,112
67d58198,17501,8.926,100
57ab1dbd,23326,8.9233,160
1ce972d4,16810,8.926,121
35032ff7,19368,8.926,100
4f04ce98,16089,8.926,112
4de6aad,19795,8.926,100
1df0e68a,24074,8.926,160
7f78d828,17558,8.926,100
4e6ad8ef,25656,8.926,160
19426c24,14702,8.926,100
35681e65,26023,8.926,160
71af2fcb,17806,8.926,100
3512946c,17596,8.926,100
4d9017a7,22354,8.926,160
6c547820,6445,8.926,1
74cc0f0d,14787,8.926,100
c12a37e,17363,8.9205,100
1427afb3,19289,8.9233,100
1e8ed25f,24307,8.926,160
49d64cd3,24523,8.9233,180
ed5a3e7,16329,8.926,112
3f1e9416,19822,8.9233,100
352b5135,16916,8.926,100
268ec9d8,18325,8.9233,100
f7db08d,26067,8.926,160
67098717,21021,8.9233,100
51475f00,16837,8.926,121
2c7c11c4,23601,8.926,160
7c6ccd9a,25621,8.926,160
1e77e342,20765,8.926,100
356dfea4,21851,8.926,160
79d32bfc,18442,8.926,100
63c92941,26317,8.926,160
4285ab89,24364,8.9205,160
18c7f5a3,25666,8.9233,160
782bb18c,15911,8.926,100
52021ce9,14576,8.926,100
3d343cc3,23925,8.9288,160
65673ba2,24702,8.9233,160
1a79bc2b,21985,8.9288,160
3ffbc939,23281,8.9288,160
39d37bdd,23989,8.9288,160
7ddc7f7b,22656,8.9288,160
6fb7db72,16594,8.9233,112
61929627,25231,8.9288,160
36dde6da,17121,8.9288,100
436164f8,17425,8.9288,100
578e4339,14213,8.926,97
237ae430,19308,8.9288,100
49b7c914,23765,8.926,160
3c614dab,22176,8.926,160
406187c3,15766,8.926,100
3bb13f5c,25543,8.9288,160
4f7cf1ec,24230,8.9288,160
376909b2,18252,8.9288,100
1d316e1,21844,8.9288,160
784734cf,17805,8.9288,100
34d4eb9b,6344,8.9205,1
35e930a9,16845,8.9288,121
4b8f502a,6429,8.9288,1
324f11ea,22111,8.9288,160
13d28479,17820,8.9288,100
70b99ba3,18974,8.926,100
104e2804,20777,8.9288,100
c92dab,19908,8.9288,100
4daa7437,24803,8.9288,160
50c47ee5,17891,8.926,100
31f62398,22243,8.9288,160
62da4b07,20025,8.926,149
cb1263b,16817,8.9288,121
1403f713,19168,8.9288,100
58d698e1,24612,8.9288,160
72dac901,23706,8.926,160
4b79fd8e,19596,8.9288,100
45f83202,17360,8.9288,100
752c6a6f,25127,8.926,160
3cc1a514,21522,8.9288,100
556a4738,21521,8.9233,100
3cabbbf7,23245,8.9315,160
181defa2,15767,8.9315,100
7baa9153,25774,8.9315,160
ef481dc,15232,8.926,100
60478525,16919,8.9288,100
3fac7c13,24394,8.926,160
5eb90c12,16808,8.9315,121
292e9898,25198,8.9315,160
3fe1600,25799,8.9315,160
5feeae88,25087,8.9288,160
49a1f0fb,21696,8.9288,160
14964b0f,25603,8.9315,160
67ab018b,21999,8.926,160
4d9b6918,17807,8.9315,100
3b6c7c71,7719,8.9315,50
3ea5137b,23963,8.9288,160
bfb6e78,25330,8.9233,160
2d13923b,23542,8.9288,160
ad579cf,17896,8.9315,100
31b42c86,23214,8.9315,160
120b694b,23927,8.9288,160
44e01bb,23641,8.9315,160
541627e4,23742,8.926,160
6525f517,23467,8.9315,160
2cad89c9,16193,8.9315,112
589a063e,22208,8.9288,160
f67f9fa,23213,8.9288,160
39bb6dea,21638,8.9233,160
2745c68f,16602,8.9315,112
3dd633ce,17784,8.9342,100
7711e42e,24380,8.9342,160
3732d8c4,26319,8.9342,160
3f9183ea,19806,8.9342,100
d68bdbc,18955,8.9342,135
36ac22f2,10088,8.9342,1
3dcda60b,23415,8.9342,160
33d58f95,25574,8.9342,160
4b9d2d55,21410,8.9342,100
6ac8281a,17554,8.9342,100
59f5687a,22145,8.9342,160
46c3edf6,22549,8.9315,160
649687fe,12900,8.9342,89
4fb5fb8e,15460,8.9342,100
1fce7635,15795,8.9342,100
3df1ecba,19828,8.9315,100
24df6702,22606,8.9315,160
64841aaf,23531,8.9342,160
68d826,21885,8.9342,160
34fdd8b6,15814,8.9342,100
54f43c2c,24341,8.9342,160
1afa185b,15134,8.9342,100
66d29e34,1989,8.9342,13
2247b123,18320,8.9342,100
1c5b1096,17901,8.9342,100
78a5e5b5,25596,8.9342,160
3cf92205,23328,8.9342,160
65d2efb0,24609,8.9342,160
d45b3d1,22635,8.9342,160
65db44dc,22569,8.9342,160
7f14af73,7656,8.937,50
60c5c71b,25202,8.937,160
379a0efb,14701,8.937,100
21b23132,22363,8.937,160
1518a3be,21128,8.937,100
72035826,23695,8.9315,160
4dd4b24a,21408,8.9342,100
2fb05d29,21720,8.937,160
36759f4,26032,8.937,160
64ed62b5,21819,8.937,160
63e20b2d,15769,8.937,100
7cd32022,23186,8.937,160
147d9b10,8133,8.9342,50
4f4b9ddb,21186,8.9342,100
2decc892,1916,8.937,13
221bff50,21411,8.937,100
77e8419f,20296,8.9342,100
748081a3,22960,8.937,160
47ac1901,21699,8.937,160
3ff1afff,26049,8.937,160
741248cb,22969,8.937,160
3c9d97d8,21639,8.937,160
90ec866,25687,8.9288,160
2e4dbc57,19948,8.937,100
664fdb2d,25842,8.937,160
1cf16036,22968,8.937,160
7ac32773,23753,8.937,160
5f19db5,24805,8.937,160
461d3658,21980,8.937,160
517a1e7d,22566,8.937,160
32e1439e,16411,8.937,112
bd29bb5,24003,8.937,160
3b747c42,25062,8.937,160
14742282,24962,8.937,160
15fc4f87,23637,8.9342,160
3b5b6f69,22313,8.937,160
2db91315,14812,8.937,104
59174a7f,23718,8.937,160
35b7ec8c,19849,8.937,100
57a88c53,16920,8.937,100
e2a88a,23988,8.937,160
77154f66,20708,8.937,100
12d1cb2a,19741,8.9315,100
18089670,16917,8.937,100
d3bcb03,10424,8.9397,72
5008cbbd,16598,8.9315,112
4c1cc20d,25915,8.9397,160
10fb66e8,21727,8.937,160
43cbd427,15253,8.9397,100
5508aac0,25841,8.9397,160
7fae16c6,26318,8.9397,160
34a9f3fd,25264,8.937,160
29de63a3,18319,8.9397,100
391082f2,25128,8.9397,160
3607bb30,16921,8.9397,100
4dca9016,6125,8.9397,1
17533177,23694,8.9397,160
2ae9367d,18388,8.9397,100
213cd62b,16242,8.9397,112
38efb83a,20776,8.937,100
7cebdb2e,23345,8.9397,160
1b6ace15,18293,8.9397,100
3639fed9,19320,8.9397,100
55006cbd,22932,8.9397,160
124a75b8,17829,8.9397,100
4d02ec63,24060,8.9397,160
57a131a3,23365,8.9397,160
145102bd,25906,8.9397,160
2e17d2b8,21485,8.9397,100
5efb476a,10040,8.937,1
78a42643,24397,8.9397,160
39027b5a,14760,8.9397,100
67f079f0,20980,8.937,100
7762f5a4,16554,8.9397,112
67ea9811,16238,8.9397,112
2ead4335,21571,8.9397,100
45f2511,20929,8.9397,100
6004f393,21382,8.9397,100
12492768,23840,8.9397,160
629ee898,25856,8.937,160
2bf5e2,4223,8.937,21
4c562cc2,25775,8.9397,160
445baa39,25114,8.9397,160
3951680e,6353,8.9397,1
7f9d9919,23919,8.9397,160
7e0e8cdc,9985,8.9397,1
2b8720d7,24453,8.9425,160
21d5e21a,26311,8.9425,160
5a193cf7,14577,8.9397,100
38c68e7b,19586,8.9397,100
ae58075,22910,8.9397,160
878599,24443,8.9425,160
7596315,23848,8.9425,160
6a396d56,23229,8.9397,160
ecc72a1,24448,8.9425,160
2758055,24773,8.9425,160
2ce8fbc5,23562,8.9425,160
3fcd6576,17727,8.9425,100
1822ac04,6290,8.9425,1
719393a5,18126,8.9425,100
7cd7a8f2,24313,8.9425,160
75969cdb,19860,8.9397,100
5bcfcd14,20930,8.9425,100
5586ef45,21383,8.9425,100
58492b7d,17959,8.9425,100
4569fd42,18209,8.9425,100
19f804eb,23073,8.9425,160
3c7acdad,2113,8.9425,16
151ecced,14431,8.9425,100
5ee4f1a0,24239,8.9425,160
4f672bc2,24834,8.9425,160
1661b199,24950,8.9425,160
7c9c015d,15358,8.9425,100
58c869f,22185,8.9425,160
6e7561f,21661,8.9397,160
734394d7,26435,8.9397,160
68b50e5f,15252,8.9425,100
41be398f,8479,8.937,50
743f7cfd,26062,8.9425,160
1566b49b,23187,8.9425,160
7aec6fcc,24365,8.9342,160
3aeb4138,25075,8.9397,160
35bc0a0c,10423,8.9425,72
3410cb7f,25657,8.9425,160
15deb24c,26248,8.9425,160
cd52d34,16865,8.9425,121
6c575f17,14027,8.9425,97
39eec4fb,25342,8.9425,160
32b02ba1,24613,8.9425,160
59424d58,21343,8.9425,100
571afa90,25101,8.9452,160
7cdb77c9,22339,8.9452,160
2a2230a2,19993,8.9452,100
28360e91,14772,8.9425,100
6524e001,25997,8.9452,160
2e475970,22926,8.9397,160
985164e,22913,8.9452,160
321990fc,24393,8.9452,160
7470f674,25843,8.9452,160
70ff5a56,24946,8.9452,160
11345d7,25102,8.9452,160
64e711e0,25696,8.9452,160
45f14c54,17371,8.9452,100
3b91aa66,26098,8.9452,160
7b5526e2,26068,8.9452,160
31b67aa8,22833,8.9452,160
6d82156f,24116,8.9452,160
22de7767,23653,8.9452,160
59f0400f,15730,8.9397,100
142a2bc0,6293,8.9452,1
164b70d7,23857,8.9425,160
215af196,16333,8.9425,112
6b9f361c,25798,8.9452,160
3a2b0147,19995,8.9452,100
7f1a59e9,23696,8.9452,160
329a5315,24462,8.9452,160
20a7ac8c,9591,8.9452,63
3b8e4684,23543,8.9425,160
42e4b0e6,26299,8.9342,160
6f9c7c42,18740,8.9397,100
f7e985f,17899,8.9452,100
752f70e5,21698,8.9452,160
12a096f0,23217,8.9452,160
75a477c2,22138,8.9452,160
79d66b58,21284,8.9425,100
56453b00,15397,8.9452,100
291b85d,24675,8.9452,160
5c4ff716,26301,8.9452,160
120bc816,25955,8.9425,160
daa89f2,25335,8.9425,160
5b7fb196,23341,8.9452,160
1490a9e9,21886,8.9452,160
42dcc6de,25455,8.9425,160
89af976,2070,8.9452,15
7c6fb68,20026,8.9397,149
572dbd5e,25261,8.9425,160
1608c598,23667,8.9479,160
32c61bb1,22418,8.9452,160
6d4805d6,25691,8.9479,186
5d65beac,23366,8.9479,160
d11849d,22177,8.9452,160
f081d1d,25080,8.9479,160
22c3df9f,22685,8.9479,160
52a395b5,21794,8.9479,160
5397d610,24668,8.9479,160
1cb8d98a,24779,8.9479,160
20bbc2a5,21664,8.9479,160
6e7bf53a,23690,8.9479,160
42724f03,21780,8.9479,160
789febaf,16393,8.9479,112
2ddddd1c,17050,8.9479,100
33199b3,20071,8.9479,100
599f74d6,1979,8.9452,13
187f4c5e,26354,8.9479,160
5e24229d,20028,8.9479,149
27cf3baa,23611,8.9479,160
162cd84c,16580,8.9479,112
19df373b,21697,8.9479,160
3b44d912,22222,8.9479,160
6588a7bb,25857,8.9479,160
2b570fe7,1368,8.9452,11
1596edfe,22592,8.9397,160
e05ab7b,22340,8.9452,160
1a93496,24381,8.9479,160
748cf8a6,26066,8.9479,160
75906698,20634,8.9479,100
1a48fee2,14882,8.9479,100
7d44849b,25054,8.9452,160
6801ad71,20709,8.9479,100
48146ab5,25695,8.9507,160
6a4f9754,18934,8.9507,100
1c1d9823,11739,8.9452,74
7912c4f4,17502,8.9507,100
72f0d526,24859,8.9507,182
123858a1,14504,8.9479,100
4db8885,17448,8.9507,100
3bde7a68,26355,8.9507,160
7477c4bd,23638,8.9479,160
1b2d8ba3,25191,8.9507,160
4b803537,24699,8.9507,160
13471362,17597,8.9479,100
595f7f9b,26004,8.9507,160
23cd0c4c,21702,8.9479,160
2ed88780,18312,8.9507,100
10a94f84,23272,8.9479,160
643b26e1,21523,8.9507,100
4f4ce507,18759,8.9507,100
6dcde8d2,18736,8.9507,100
7c3866c,16209,8.9507,112
7e3855d6,24002,8.9507,160
3af2b45b,24698,8.9507,160
5014f6e8,22636,8.9507,160
12be1adf,23990,8.9479,160
6b906f65,17912,8.9507,100
1037fb22,18096,8.9507,100
b5cffae,23903,8.9507,160
2423c2f2,21762,8.9507,160
46294c4b,24679,8.9507,160
69e84147,21730,8.9507,160
5a5625b,21945,8.9507,160
2273c7b7,16097,8.9479,112
3fab144f,25998,8.9507,160
1b48b515,25619,8.9507,160
33ec5ce5,1367,8.9507,11
1825d1a6,22597,8.9507,166
363ccf43,24051,8.9507,160
51d2aca7,23149,8.9507,160
8c90c,23921,8.9479,160
3616804a,26017,8.9507,160
6680071c,12918,8.9534,89
7e78c68,22596,8.9479,166
227328ff,17783,8.9534,100
2691fcad,19777,8.9534,100
6475c514,24713,8.9507,160
66630d00,24945,8.9534,160
bd5e37,2357,8.9534,18
1e554757,23475,8.9534,160
3b32ba0f,16347,8.9534,112
71a59518,19599,8.9534,100
fd09d21,23830,8.9534,160
6576360a,19364,8.9534,100
4bba0a69,21852,8.9534,160
63ae9890,18508,8.9534,100
16ea4b53,20036,8.9534,149
1d58f53a,1915,8.9534,13
49ca56fd,23235,8.9507,160
5c8553e6,22962,8.9507,160
5238f4ef,21941,8.9534,160
164c9d28,25702,8.9534,160
4c675bfe,14742,8.9534,100
3d159965,22367,8.9507,160
57019131,23975,8.9534,160
420b88b2,15471,8.9534,100
305ce806,26024,8.9534,160
47d39d8f,1913,8.9534,13
4692fd58,25659,8.9534,160
1d4164a2,22561,8.9507,160
39131a0,24683,8.9534,160
545ae50c,22125,8.9507,160
5f3aae2,23928,8.9534,160
1381aa8a,18870,8.9534,100
1997956b,7764,8.9534,54
1a6671d0,25190,8.9562,160
2da6cc4,23160,8.9562,160
1c9143ef,23859,8.9562,160
3988a1db,22570,8.9534,160
47fe950d,21882,8.9562,160
1049afcb,18168,8.9452,100
41244d4a,19639,8.9562,146
57bcf0ba,26102,8.9562,160
2bc605ef,24367,8.9534,160
762cd0ab,22911,8.9534,160
15018d39,21022,8.9562,100
25889603,18013,8.9562,100
3efa1620,23752,8.9562,160
68c4ab0e,22563,8.9534,160
2e4330dc,21211,8.9507,100
28f18a70,24473,8.9507,160
37321868,15472,8.9479,100
56eba803,24314,8.9562,160
722aefc9,25623,8.9562,160
250617db,19290,8.9562,100
384eefe8,24760,8.9562,160
fbcfded,26380,8.9562,160
28ea552a,16603,8.9562,112
42ece36,23970,8.9562,160
378ba7e3,20388,8.9562,100
23ca5b84,21891,8.9534,160
6cb4c1ba,26249,8.9562,160
40f0a54,19165,8.9562,100
41800c76,16239,8.9562,112
66b5fed2,21637,8.9562,160
6409518e,22690,8.9562,160
7eb65cfa,25658,8.9562,160
fd13ed3,23468,8.9562,160
45a29782,23743,8.9534,160
390378c8,25949,8.9562,160
11b39e4a,14432,8.9562,100
759ea29e,23263,8.9562,160
733f3d58,24395,8.9562,160
22f0aa3a,14877,8.9562,100
174394,23920,8.9562,160
27299622,19640,8.9589,146
307ffd3a,25832,8.9589,160
9d8b5a,15391,8.9589,100
ac2b3ec,16864,8.9589,121
28a1eee8,6228,8.9589,1
2d4469f4,18148,8.9589,129
1775842b,20931,8.9589,100
69452e31,18207,8.9589,100
7bde1ac4,15190,8.9589,100
649c9b80,15265,8.9589,100
75113993,17454,8.9589,100
12b1e91a,23842,8.9562,160
7364ff1c,19587,8.9589,100
6a99552e,23108,8.9589,160
125dea14,25910,8.9562,160
5176d08a,21946,8.9589,160
5af5f85a,26069,8.9589,160
5a35281f,20027,8.9589,149
488ed439,16601,8.9589,112
7aa52652,22618,8.9589,160
1d305b0c,21281,8.9589,100
6487fe03,24552,8.9589,160
68f247d8,23428,8.9589,160
385f8d63,24472,8.9534,160
1bf4ff09,16922,8.9589,100
4830cd93,16168,8.9589,112
574707a2,22931,8.9589,160
2df14615,15177,8.9589,107
26cf7ac9,24382,8.9589,160
11c1f815,14694,8.9589,100
5fd3f3eb,24181,8.9589,160
30c695a4,25115,8.9534,160
17a0bc47,16518,8.9616,112
9bffff6,23469,8.9616,160
49330981,22752,8.9589,160
4d5cdeb6,14746,8.9562,100
361e98a1,19032,8.9589,100
5f8c11de,19774,8.9616,100
38bdbe17,25761,8.9616,160
29ba0596,14883,8.9616,100
78146e21,10112,8.9616,67
5316a6fb,19030,8.9616,100
6cab5fa6,6093,8.9616,1
15447110,25845,8.9616,160
4efa70ff,19086,8.9616,100
28bd36a5,25760,8.9616,160
1edd1a7b,14811,8.9616,104
28273441,21728,8.9562,160
3547d432,25615,8.9589,160
63cc196d,24204,8.9616,178
740ed421,22338,8.9616,160
2760619,26300,8.9616,160
1362af2a,15731,8.9616,100
180f0f30,15402,8.9616,100
1a226fcc,23078,8.9616,160
2856e45f,22958,8.9616,160
7d2096f0,24620,8.9589,160
5589721e,25201,8.9616,160
250cda8e,20029,8.9616,149
c9b27dd,24774,8.9616,160
2e4b0580,22317,8.9616,160
2fd2851f,17825,8.9616,100
4eddf9f6,25616,8.9616,160
6a0d74,25913,8.9616,160
4788b3ee,14942,8.9616,100
5863c35c,16519,8.9616,112
2e72aad5,23720,8.9616,160
f41f4a4,25232,8.9616,160
dd42161,11786,8.9562,83
6f829ebb,22211,8.9616,160
4beb6aa4,25981,8.9644,160
7074550e,6291,8.9644,1
70906b70,24940,8.9644,160
5c63932a,19434,8.9644,100
4c4d6c48,17449,8.9644,100
1e438cea,25926,8.9644,160
6d7bafb9,16811,8.9644,121
5b62aff5,25073,8.9644,160
2dc18bff,23670,8.9644,160
a499d23,25088,8.9644,160
7f8a6c5c,26312,8.9644,160
86f645c,25418,8.9616,160
69bd3223,16243,8.9644,112
3859048f,20294,8.9644,100
1966ee08,18654,8.9644,100
5f80d882,16092,8.9644,112
2cbe0aaa,25192,8.9644,160
5c331ece,21781,8.9644,160
33ae23f7,24850,8.9644,160
728badee,23560,8.9644,160
2b163ff5,24055,8.9644,160
1578c126,21892,8.9671,160
77a18b67,21797,8.9671,160
33a02e33,25262,8.9671,160
1ceb0174,15907,8.9671,100
6987c8b,15596,8.9616,100
548253f,23249,8.9644,160
7d19258c,23182,8.9671,160
4f7a5daa,21763,8.9671,160
bde1590,25692,8.9644,186
4ee74c44,22122,8.9671,160
48cd0183,14745,8.9671,100
7ae63551,22893,8.9671,160
67eca0aa,23849,8.9671,160
1c655b52,23230,8.9671,160
6894b1f6,25349,8.9671,160
23934d08,23759,8.9671,160
21f85020,21947,8.9671,160
17713086,4215,8.9616,21
63597026,24949,8.9589,160
5aa7389f,25847,8.9671,160
63e5c5ce,16218,8.9671,112
31b3b4ad,17809,8.9671,100
fff0c2,19598,8.9671,100
1e14155b,23698,8.9616,160
7d14a5c6,24695,8.9671,160
68035838,21853,8.9671,160
3012c41f,2358,8.9671,18
4f145b3f,25662,8.9671,160
7650f17d,22617,8.9671,160
5288113f,17555,8.9671,100
7194214b,24840,8.9671,160
29f6802a,24848,8.9671,160
f628b37,6413,8.9671,1
6242f447,21894,8.9671,160
320c1f3d,22605,8.9671,160
2f662e86,18154,8.9671,100
34c6236e,5970,8.9644,1
4153197d,25331,8.9644,160
1374039d,23075,8.9671,160
d780d6b,21457,8.9671,100
e6e4d4c,22699,8.9671,160
82082f9,18760,8.9671,100
5654b8fb,25236,8.9671,160
30189d70,14214,8.9671,97
51e1fa71,25610,8.9699,160
13ca15ff,17706,8.9671,100
6390a4ba,15719,8.9699,100
623a633b,18980,8.9699,100
2fe42942,19991,8.9699,100
48198e8f,6395,8.9699,1
235f410d,25074,8.9699,160
7db30565,19992,8.9699,100
4c2b32f5,23563,8.9644,160
6358072,24657,8.9671,160
cd5fe19,26030,8.9671,160
4c218253,21458,8.9699,100
42011cac,18012,8.9699,100
1b8f7ac8,25113,8.9699,160
632c6030,24777,8.9699,160
58f2c5c4,23427,8.9699,160
7e72ccf1,24839,8.9699,160
1d05d072,17521,8.9671,100
3e01ea76,22126,8.9616,160
742f7566,26136,8.9699,160
4df05461,22270,8.9699,160
6d0376a,17168,8.9699,100
11d8d6a6,15593,8.9671,100
14160811,26228,8.9699,160
5a6ac7dc,18134,8.9699,100
7ceb4b26,17549,8.9671,100
4d884c97,19292,8.9671,141
42838405,21729,8.9699,160
66f14ac4,21888,8.9616,160
40659f47,16214,8.9726,112
4f869f28,25764,8.9726,160
11fb8971,4199,8.9699,21
7d3046e0,19977,8.9699,100
114371a6,22309,8.9726,160
6ac7c379,24762,8.9726,160
27ba7f51,20992,8.9726,100
66a2a673,18153,8.9726,100
58422a00,26005,8.9699,160
69f9c362,4221,8.9699,21
5206aeef,19337,8.9699,100
68e63dd,21855,8.9726,160
72bac4aa,16987,8.9726,100
3be1e2d7,26031,8.9699,160
5c775292,23267,8.9726,160
1583ee29,20981,8.9726,100
2912424a,6408,8.9726,1
39eae06e,17961,8.9726,100
5fefc603,25663,8.9726,160
64d4cfa6,22963,8.9726,160
23587486,22031,8.9726,160
3b3f0981,14966,8.9726,100
4ddf0913,10388,8.9726,72
6ca10175,23516,8.9726,160
706c0bc7,23994,8.9726,160
2e4a4ab8,14703,8.9726,100
216dbb11,18174,8.9753,100
4e56e7b3,25557,8.9753,160
7b74e8fb,18582,8.9753,100
1f3af449,20925,8.9753,100
ebf0987,20415,8.9753,100
63d9629c,15770,8.9753,100
53fa7cc8,18956,8.9753,135
1a4b6a2b,23092,8.9726,160
46246aa9,22210,8.9753,160
3b3135d3,21046,8.9753,100
45cdcdf,4198,8.9726,21
e744698,25421,8.9753,160
74db105,23658,8.9753,160
26911848,24841,8.9753,160
67ca2483,23709,8.9753,160
2de6bf1,17653,8.9753,100
2eb2bdb4,14215,8.9753,97
cfa372,22294,8.9753,160
369761d4,25265,8.9726,160
47670514,16360,8.9699,112
7c034f51,24000,8.9726,160
12aa790,23991,8.9753,160
c3eefa0,19742,8.9726,100
740a0480,23091,8.9753,160
18092894,16867,8.9726,121
730e0496,25072,8.9753,160
764d49d5,22206,8.9753,160
1511b461,23711,8.9753,160
41d38774,16449,8.9753,112
69fa11a2,14704,8.9753,100
3a6b3301,20412,8.9726,100
3942aa6e,19600,8.9753,100
2168a39b,15581,8.9753,100
294e10f4,18228,8.9753,100
7cdd78e5,19285,8.9671,100
59da8dc5,24814,8.9753,160
61545934,25081,8.9753,160
39f3fd4e,22686,8.9781,160
1f4daf44,2359,8.9753,18
7ba45da9,25193,8.9781,160
33707719,22186,8.9781,160
57e06e97,23984,8.9781,160
32289e08,21278,8.9781,100
2d0ffeb,17960,8.9726,100
5610adf0,21279,8.9781,100
7fa2f232,26322,8.9781,160
98ceb10,25762,8.9781,160
ca6626d,11784,8.9781,83
1e274c0b,22692,8.9753,160
38f50958,19186,8.9781,100
5f8a3124,25233,8.9781,160
1ad0e137,22835,8.9781,160
37516b85,21983,8.9753,160
59ebc214,20481,8.9781,100
6661664e,19909,8.9781,100
39ed9496,23111,8.9781,160
686c68b7,16274,8.9781,112
545d3b7c,24704,8.9781,160
5321b881,22562,8.9726,160
54c3d27b,16215,8.9753,112
3e9ff7bd,21845,8.9781,160
67d5b2fc,18149,8.9781,129
353d1909,21915,8.9781,160
8864209,17560,8.9781,100
563d1628,17909,8.9781,100
175e214d,25648,8.9781,160
4a7687fe,22804,8.9808,160
70da02b3,17051,8.9781,100
24e92a87,19286,8.9808,140
5bb3838f,23828,8.9781,160
4ee8c6d6,17559,8.9808,100
cd22097,22935,8.9781,160
285ad20f,16359,8.9808,112
566df98d,6354,8.9808,1
7682b669,18704,8.9808,100
7e540019,18509,8.9808,100
e07f76,19166,8.9808,100
474856a5,22307,8.9781,160
39f85f76,21700,8.9808,160
6e35dd91,24781,8.9781,160
c46dc2b,21665,8.9808,160
6ac96488,24801,8.9808,160
20d622bf,17728,8.9808,100
5a2a97de,26050,8.9808,160
5f65af57,26313,8.9808,160
420104a,16451,8.9808,112
5937059e,22607,8.9753,160
7b8d477,19910,8.9781,100
7c403819,16918,8.9808,100
725ad428,20495,8.9808,100
37a651bd,21821,8.9753,160
5dd9a945,22037,8.9808,160
215bb6,9592,8.9836,63
4adb27a0,22113,8.9808,160
6e845147,2297,8.9808,18
792c938e,20742,8.9836,100
7c020eaf,26052,8.9836,160
6ff7c0a8,23307,8.9781,160
23b5aa78,23760,8.9836,160
22982f46,21676,8.9808,160
3e18fd63,23076,8.9836,160
5203fb79,24232,8.9836,160
3208311,26103,8.9808,160
d481f67,18097,8.9808,100
5f83fe47,19187,8.9836,100
74420848,8131,8.9836,50
5e5bc760,25077,8.9836,160
39d7fd8a,25448,8.9836,160
657dd27,23346,8.9808,160
3e68d9aa,19631,8.9808,146
73964a27,18244,8.9836,131
17720c55,22112,8.9808,160
6c3a1414,22834,8.9836,160
114f889c,23429,8.9836,160
6992b696,24938,8.9808,160
22b7577a,19083,8.9836,100
28941ef1,19031,8.9836,100
2f83af12,20988,8.9836,154
4265c916,26151,8.9836,160
272d98a2,17503,8.9836,100
58ba07ed,16244,8.9808,112
3e3ff1ca,24935,8.9808,160
755e99c8,24061,8.9836,160
36d4136a,17347,8.9836,100
41dd19d,25597,8.9836,160
34b89130,22308,8.9863,160
68dc8571,18950,8.9863,100
292c8801,22422,8.9863,160
3ff5910d,25611,8.9863,160
558e3e57,21889,8.9863,160
5975de9a,15473,8.9836,100
14d42935,19672,8.9863,100
73aaf5b,24696,8.9863,160
23e2456d,23977,8.9836,160
38626229,15580,8.9863,100
4af05536,21519,8.9863,100
5414ce85,16988,8.9863,100
613cd8b3,19033,8.9863,100
332ef3b8,23183,8.9863,160
2d6019d,2143,8.9863,17
704497a4,22550,8.9863,160
77ba205f,24684,8.9863,160
33cdae23,26356,8.9863,160
1258b2e,21412,8.9863,100
5588d519,24240,8.9781,160
2df4abc8,23252,8.9836,160
2539a3,23904,8.9863,160
139604a3,22127,8.9836,160
599adece,19338,8.9863,100
6a5921dd,26316,8.9863,160
3050262e,26002,8.9863,160
55bf2e29,24806,8.9863,160
5d1d65bd,5465,8.9863,37
2ab8176,22691,8.9836,160
74dca79c,23343,8.9863,160
35be25ea,26256,8.9863,160
24b1b791,24953,8.9863,160
574c06b8,21846,8.9863,160
2af9f906,15661,8.9808,100
8b06634,19632,8.9863,146
7b2ea41e,16868,8.9863,121
4da8064b,19397,8.9836,100
5cd9a825,14915,8.9863,100
21b89db8,16818,8.989,121
c4e55f5,14916,8.989,100
6b970cc0,20926,8.989,100
65174bf8,4224,8.989,21
6880834f,24361,8.9863,160
790996fa,17772,8.989,126
2aab6417,22130,8.989,160
549fd104,25420,8.9863,160
753ca231,23613,8.989,160
19cadd22,14761,8.989,100
2c4136a7,25801,8.989,160
4ab44b83,16571,8.989,119
1f45758a,19169,8.989,100
5dbb74e4,18510,8.989,100
4d866848,4228,8.989,21
26a9f17,23707,8.9863,160
29af4ac9,25859,8.989,160
273b65f3,16556,8.9836,112
212139a4,24808,8.9863,160
2f368ffc,23604,8.9863,160
5f1bc1e0,25422,8.9863,160
9df7f33,22839,8.989,160
75b79706,23926,8.989,160
1d16ce14,21942,8.989,160
5df36c0d,18321,8.989,100
6e99c174,21824,8.9808,160
16c3725c,22306,8.989,160
5c66a292,17313,8.989,100
2eb268ca,23184,8.989,160
3ffec163,24818,8.989,160
6774d5bd,16989,8.989,100
1f578b5a,16604,8.989,112
21a14e5a,23181,8.9863,160
4bb2ec1b,23085,8.989,160
24f36da2,20107,8.989,100
7573cf2b,25244,8.989,160
346b2505,17504,8.989,100
25bb5dac,25419,8.989,160
1f937e4c,24490,8.989,160
37990531,21984,8.989,160
6432ea57,23985,8.9863,160
27d50c2c,19184,8.989,100
5fcf5129,23150,8.989,160
7e7fb0a,22593,8.989,160
6c06664a,25858,8.9918,160
1a835c2,17682,8.9863,100
5cd4aa5,19167,8.9918,100
3dcadebd,24075,8.9918,160
6221db78,16324,8.9918,112
15dbd498,23918,8.9863,160
4d900a50,22148,8.9918,160
26c41a69,16850,8.9918,121
4ad2efd2,18210,8.9918,100
570e9b6f,17754,8.9918,100
1a81c954,25643,8.9863,160
73e1c8f9,23079,8.9918,160
1cf94680,17654,8.9918,100
1c109f3f,26089,8.9863,160
41614f10,14939,8.9918,100
621761b0,25403,8.9918,160
64c7656d,25649,8.989,160
7648cfcf,23094,8.9918,160
658a78fe,16096,8.989,112
6e395f5e,4229,8.9918,21
25eb8446,18935,8.9918,100
7c286baa,26303,8.9918,160
4caee557,22369,8.9918,160
68c99033,16534,8.9918,112
71479635,23806,8.9918,160
11f9e0d8,4168,8.9918,21
30c6ef43,25824,8.9918,160
4625e0a0,23739,8.9863,160
56d337eb,25052,8.989,160
2eb3bc76,19084,8.9918,100
158c70aa,17122,8.9863,100
31e03220,22088,8.9918,160
6f41ebe4,21285,8.9918,100
5c22ba76,15663,8.9918,100
29edd7e1,25558,8.9918,160
2a5d9878,22966,8.989,167
1a1cde21,22149,8.9918,160
7a62084d,22205,8.9918,160
33dafc7d,19164,8.9918,100
75823c26,21719,8.9945,160
9931961,22038,8.9945,160
63d9587e,17561,8.9945,100
704796c,21792,8.9945,160
638306a6,19673,8.9945,100
724a43a6,16361,8.989,112
5bf9ef39,19642,8.9945,146
7edb77eb,24714,8.9945,160
7f923233,21212,8.9945,100
45fad51,23843,8.9945,160
24a8990f,17364,8.9918,100
30bc3a84,24851,8.9945,160
3b282817,23922,8.9918,160
5ed1850a,23986,8.9945,160
5921bdab,24029,8.9945,160
279d8ea4,26323,8.9918,160
479d1bb9,17836,8.9945,100
16a471d4,23749,8.9945,174
440f4fdf,16866,8.9945,121
fac1154,17730,8.9945,100
20c393cb,22700,8.9918,160
155c7cd6,20998,8.9918,100
2b93b815,24680,8.9945,160
445a3a82,14804,8.9945,100
52d24428,15560,8.9918,100
78bba409,14680,8.9945,100
62307025,14686,8.9918,100
ef7cd04,20932,8.9973,100
6392e9,25664,8.9973,160
38928fdf,22598,8.9973,166
2d892c65,21916,8.9973,160
8374e31,25083,8.9973,160
38182dde,26150,8.9973,160
6c435203,22637,8.9973,160
1743e621,16452,8.9973,112
1458b175,16851,8.9973,121
583b6a3a,25205,8.9973,160
6b909f1b,23612,8.9945,160
70564d9f,26025,8.9973,160
4222c362,23433,8.9973,160
3bad6025,22693,8.9973,160
6a2fbd3c,22748,8.9973,160
28d72f53,23109,8.9973,160
7cbac0f8,22609,8.9973,160
2cc62b02,24559,8.9973,160
3b97a5fb,24484,8.9973,160
2aabb86d,4160,8.9973,21
cdb44a9,24952,8.9973,160
bc10c0,19188,8.9973,100
5b25887e,23284,8.9973,160
1dbfb5ee,4119,8.9973,21
1b8163df,23730,8.9973,160
6c1ed812,23080,8.9973,160
7104aae5,24030,8.9973,160
cc4ef41,24715,8.9973,160
52fad671,22608,8.9945,160
6cb43bf2,25053,8.9973,160
7c3b3220,15135,8.9973,100
66ffabfd,21801,8.9973,160
4d6afe84,24398,8.9973,160
cc3770,18624,8.9973,100
6f21383,17902,8.9973,100
25c3bf7b,23161,8.9973,160
3ef8587d,19291,8.9973,100
73626b0d,22943,8.9945,160
247c0ff8,24454,8.9945,160
45eadbb0,25622,8.9973,160
7dea8c11,23162,8.9945,160
1ad0861,23146,9,160
45eac463,26213,9,160
441e9a7d,24685,9,160
56cea035,26099,9,160
7f6d24f9,20195,8.9973,100
16eac575,22979,8.9973,160
530d217,23814,9,160
d7d1af3,26436,8.9973,160
26dc158c,21640,9,160
3080b742,21701,9,160
49ceac6,24329,9,160
1a189e90,6233,9,1
70011d4a,24488,9,160
7322d937,24369,8.9945,160
3594c2aa,10028,9,1
3f2f1313,22341,8.9973,160
9b59fd,21795,8.9945,160
3358bbfc,16098,9,112
34d0f7c5,26140,9,160
7808ffe9,22141,8.9973,160
1d067abe,16870,8.9973,121
e147a26,14914,8.9973,100
549a9ea8,17950,9,100
6b52c465,19778,9,100
452f803b,22087,9,160
684707f2,19996,9,100
23d118ee,23817,9,160
6828ab8c,14706,9.0027,100
654b9690,25911,9.0027,160
15242b00,14805,9,100
2c334fc7,15912,9.0027,100
7c9bb524,18229,9.0027,100
514205f0,24936,9,160
658a48f3,23104,9.0027,168
53f17ef2,6090,9,1
7262d33d,10397,9.0027,72
33ce2504,25260,9.0027,160
4343e5e,21685,9.0027,160
5cead6c4,23905,9.0027,160
49b6f2cb,24816,9.0027,160
38f50d5f,22139,9.0027,160
7a51e940,16456,9.0027,112
5f32ee9a,22245,9.0027,160
55e45f4e,6350,8.9973,1
45eb3f58,16852,8.9973,121
3005d54c,25833,8.9973,160
3594c0fd,21703,9.0027,160
780babe8,2337,9.0027,18
2f3388a3,17579,9.0027,100
28137627,19085,9.0027,137
46a99bc2,17830,9.0027,100
772f9d8a,23712,9.0027,160
f629588,25089,9.0055,160
4654b1b3,24815,9.0027,160
13ef7ac3,17123,9.0027,100
d5e7247,25076,9.0055,160
282fdcef,17556,9.0055,100
33fad2b7,22001,9.0055,160
5b2b9f69,23168,9.0055,160
25991201,19601,9.0055,100
c5e2153,24489,9.0055,160
73877af9,14294,9.0027,97
168d6154,23721,9.0055,160
115a743b,24556,9.0055,160
7cbe750b,24416,9.0055,160
342698d7,17562,9.0055,100
495cc8c6,23659,9.0055,160
be5967a,25259,9,160
47cac20,25763,9,160
213427d,24937,9.0055,160
5e11cccc,24182,9.0055,160
41c7c58,22973,9.0027,160
2ba99ee5,16520,9.0027,112
21cd15a0,17910,9.0027,100
cd89bac,23231,9.0055,160
5f15b7df,24328,9.0055,160
6da43bbb,19779,9.0055,100
abd64eb,22661,9.0027,160
6d048def,23250,9.0055,160
57f8f2ce,21982,9.0055,160
25496e18,24027,9.0055,160
69fce0e9,25665,9.0055,160
8874b01,17124,9.0055,100
4125c40b,22314,8.9973,160
2ff25b99,22370,9.0055,160
21871d26,22372,9.0027,160
13ea8554,18230,9.0082,100
7c800ebe,14508,9.0027,100
4193ac24,24809,9.0082,160
58e4f71d,21282,9.0082,100
1fe30970,14806,9.0082,100
63ea01cc,8144,9.0055,50
3f446319,23818,9.0082,160
40e737f3,24775,9.0082,160
47481e16,22178,9.0082,160
741f9352,20635,9.0082,100
68df7a63,23868,9.0082,160
11fe8024,22275,9.0082,160
164194a3,23713,9.0082,160
1ecc103a,24964,9.0082,160
14cabcdc,17601,9.0082,100
d537de2,2298,9.0082,18
2f31148,21666,9.0082,160
56ec7cc2,19407,9.0082,100
684933cc,18753,9.0082,100
2849f60f,26104,9.0082,160
8995027,24560,9.0082,160
72b756ea,21733,9.0082,160
391d1b81,23535,9.0055,160
c84d546,21791,9.0082,160
1a2e0559,21286,9.0082,100
3bd88283,18655,9.0082,100
742c2662,10109,9.0027,67
73108314,25952,9.0082,160
55930124,18511,9.0082,100
591456d5,5971,9.0082,1
337a8463,14773,9.011,100
4c49c415,23829,9.011,160
3b36e6ab,24677,9.011,160
40efbde6,23147,9.011,160
27d17004,23714,9.011,160
25ba7187,15777,9.011,100
49df2ad,20030,9.0082,149
2935c825,24315,9.011,160
14085068,14696,9.011,100
38f543bd,21187,9.011,100
4e353b6d,22085,9.0027,160
4ef73c6d,4225,9.0082,21
4946b66e,23972,9.0082,160
1f1b343e,24837,9.011,160
3faa14dc,22423,9.011,160
d6174cb,15776,9.011,100
6ae8d859,19427,9.011,100
16e1f6ac,16240,9.011,112
509d8a8a,24004,9.011,160
56dc7b7e,15960,9.011,100
7a5a4bec,21822,9.011,160
6317969d,20933,9.0082,100
5fe299af,23750,9.011,174
427d2d2b,19641,9.011,146
4c62403e,23600,9.0082,160
1d81f887,24659,9.011,160
3d73571,23993,9.011,160
56653579,24835,9.0137,160
3caa342d,24861,9.0137,182
171552e6,23093,9.0137,160
542c543,18586,9.0137,133
eec8a47,15561,9.0137,100
7a73e66f,25839,9.011,160
4ad33098,23699,9.011,160
445282e,24831,9.0137,160
1715be50,15816,9.0137,100
596e00b8,23308,9.0137,160
2aaa5c36,6091,9.0137,1
332d551f,16216,9.011,112
3951ecfd,25352,9.0137,160
5cf42526,22894,9.0137,160
66a9f7d6,23253,9.0137,160
42136096,23724,9.0137,160
1e9a4cd9,22269,9.0164,160
64c362c0,5632,9.0164,36
289a6df3,23105,9.0164,168
55bab0d3,24385,9.0137,160
7c04eaf5,25243,9.0164,160
30b48d28,7766,9.0164,54
4b3a9b38,24067,9.0164,160
4b8696a4,24280,9.0164,160
100e8e63,18245,9.0164,131
4c78c87,22137,9.0137,160
1b3b247c,7765,9.0164,54
6477b209,24860,9.0164,182
ee4572,24939,9.0164,160
38f5525c,22938,9.0164,160
7aaf99fa,22652,9.0164,160
70aa807,25982,9.0192,160
23119b5c,17314,9.0192,100
51a69f99,23310,9.0192,160
43d35043,15248,9.0192,100
4535618a,22305,9.0192,160
358c729b,24676,9.0192,160
87e774a,21856,9.0192,160
6ad1d90b,25711,9.0192,160
2f824937,24817,9.0192,160
f6ed99f,15359,9.0164,100
5666d179,21914,9.0192,160
38b1c30e,22425,9.0192,160
5c4c5c92,22371,9.0192,160
2517c4a5,21893,9.0164,160
451a3467,21956,9.0192,160
73053679,16066,9.0137,112
4d135c47,16246,9.0192,112
38192091,26420,9.0164,160
56ba9bac,25263,9.0164,160
42172410,20338,9.0164,100
18fb64d5,23188,9.0192,160
4f5df2e9,23476,9.0192,160
53e0bd1c,22694,9.0164,160
4db86755,22424,9.0192,160
3674ed56,22657,9.0192,160
756afa81,26314,9.0164,160
5500947f,26381,9.0192,160
5b8cd345,23603,9.0192,160
4a039b3f,6274,9.0164,1
55551f79,18656,9.0192,100
681fce0c,25103,9.0192,160
39ed0c1c,26418,9.0219,160
7a3f3d0e,16599,9.0219,112
1db08e0d,23344,9.0192,160
15e44e31,25624,9.0219,160
4c6e69f,21686,9.0192,160
52ca5f5b,18958,9.0219,135
443384a0,21687,9.0192,160
15efedd6,24963,9.0219,160
262e03ea,22939,9.0164,160
269eb0f3,23101,9.0219,160
7e503604,22749,9.0219,160
14bbe545,25953,9.0192,160
42dc856b,21283,9.0219,100
1196bceb,23983,9.0192,160
6e8948cb,20982,9.0219,100
25d30992,25947,9.0219,160
382279e,22276,9.0219,160
69e48c25,22599,9.0219,166
2757a2e1,18587,9.0219,133
33c79d0,11785,9.0219,83
3e1e6fbc,23923,9.0219,160
2c320136,22942,9.0247,160
36e8fefb,19189,9.0247,100
567af30f,16869,9.0247,121
1bd415f3,17729,9.0219,100
27d38c0e,24965,9.0247,160
56bda129,25449,9.0247,160
57ded27a,20075,9.0247,100
6c9e2eff,6126,9.0219,1
57166c9e,18172,9.0247,100
6c993bbc,20413,9.0247,100
2afc2a18,15582,9.0247,100
4d757957,23815,9.0247,160
50015fd0,25860,9.0247,160
653b2f6c,24287,9.0247,160
3497bbd2,24492,9.0247,160
11763227,10378,9.0247,72
5a31763e,14562,9.0219,100
236b7e03,16099,9.0247,112
77af4e9f,22972,9.0247,160
2d0a6065,24485,9.0247,160
244a073d,23888,9.0247,160
40dee99,8134,9.0247,50
9db9331,18588,9.0247,133
77acc327,17522,9.0247,100
3ab4100,24622,9.0219,160
68390eca,22131,9.0192,160
3d2e5ae7,21156,9.0219,100
2c0a139e,22223,9.0274,160
241e4950,22261,9.0274,160
7570e45e,22140,9.0274,160
559ffb64,18657,9.0274,100
1adf2eb9,17169,9.0274,100
1a297a52,15773,9.0274,100
66431c6a,15478,9.0274,100
14e356e8,25105,9.0274,160
3e8ddbcb,17755,9.0247,100
6fa7dda2,19185,9.0274,100
11793c70,24372,9.0274,160
1fa37ca1,9593,9.0274,63
4f20bf1d,23110,9.0247,160
1e3b3196,26033,9.0274,160
4679149d,26302,9.0274,160
42bb3e87,16819,9.0274,121
282be0a,21384,9.0274,100
2bff16d4,22601,9.0274,166
829b99a,24317,9.0274,160
6318cb2b,14819,9.0274,104
3e79e6f3,25084,9.0247,160
70033622,24386,9.0274,160
4f598e88,23098,9.0274,160
418ab602,18936,9.0247,100
5a5ee7b2,23616,9.0274,160
1ffe600a,25478,9.0274,160
1cd080b3,20934,9.0274,100
87e1f8d,25916,9.0301,160
25b01a47,14964,9.0301,100
49a2d0cb,22940,9.0274,160
5912e8cb,23515,9.0301,160
51ef0454,24008,9.0301,160
208d55f2,24700,9.0301,160
2915fb93,24864,9.0301,182
cd2bed4,6355,9.0301,1
5329030d,19775,9.0301,100
7acd6098,24836,9.0301,160
7c82c531,24558,9.0219,160
1b2fe610,22751,9.0301,160
65bfe06b,26153,9.0274,160
45519a98,18674,9.0301,100
7e95a6ba,25451,9.0301,160
6f4dd050,21786,9.0301,160
50c2bc5,22665,9.0301,160
1faa2fb7,23151,9.0301,160
4c59fa8e,25078,9.0301,160
4d176c05,23744,9.0274,160
29212461,26141,9.0301,160
32ed355c,22364,9.0274,160
67b87165,17810,9.0301,100
64b66a96,22048,9.0301,160
3eedba3c,23464,9.0301,160
12b75541,18959,9.0301,135
3215795a,22695,9.0301,160
16020524,22639,9.0301,160
41372fa8,17903,9.0247,100
69826792,19087,9.0301,100
70440c51,20927,9.0301,100
50a455d7,22933,9.0301,160
76e91c58,23671,9.0301,160
75f1d788,21825,9.0301,160
e5b3742,24506,9.0301,160
4915febf,17835,9.0329,100
741f6fec,7720,9.0329,50
68a21355,22271,9.0301,160
743fec34,23095,9.0274,160
24e9c3ba,23740,9.0301,160
1adc00a3,21213,9.0329,100
4d6ad59d,23251,9.0329,160
4285a3d3,23929,9.0329,160
289b4c2a,18761,9.0329,100
4d866a56,18957,9.0329,135
4ccc7312,26138,9.0329,160
52389882,22602,9.0329,166
49657965,2339,9.0329,18
2691d0a1,23106,9.0329,168
54193245,25085,9.0329,160
b14a79c,23741,9.0329,160
42f34ccc,16572,9.0274,119
203fbba6,16557,9.0329,112
88373d8,16090,9.0329,112
1595f397,22666,9.0329,160
4dd848c5,16400,9.0329,112
10e73853,24947,9.0329,160
3699424,22914,9.0356,160
39dac695,22664,9.0356,160
364b3f0b,24006,9.0356,160
2dc2fef5,16991,9.0329,100
1f47bc31,24819,9.0356,160
5040c349,17731,9.0329,100
3f4159ba,22946,9.0356,160
77417c72,23987,9.0356,160
509d8a3e,23347,9.0356,160
72191228,24417,9.0356,160
2495cda9,25717,9.0356,160
112cdc08,21136,9.0356,100
2d5c7869,23163,9.0356,160
41c05912,25106,9.0356,160
3d40dcce,17125,9.0356,100
5aa8de96,24036,9.0356,160
176ea7b8,25713,9.0356,160
22963669,18878,9.0301,100
1d9cc879,14682,9.0356,100
6aa78b5e,24281,9.0247,160
24f62953,25673,9.0329,160
46470912,20336,9.0356,100
3de3dea3,23113,9.0356,160
6b485f3a,23668,9.0356,160
a213db7,17952,9.0356,100
7ee15fb1,25351,9.0356,160
39206055,15913,9.0329,100
90c6e6,21895,9.0356,160
1cb911d7,24505,9.0329,160
23a51691,25350,9.0329,160
a3d2c50,23114,9.0356,160
7e55e671,2361,9.0356,18
7874b8ab,24708,9.0384,160
134b6d84,25523,9.0384,160
736e28aa,21677,9.0384,160
10d2c53b,21890,9.0384,160
4165cf3e,24368,9.0384,160
4542e557,23844,9.0384,160
1c898659,23240,9.0384,160
70900b43,20744,9.0384,100
1e20c61a,5956,9.0384,1
185d23f8,21917,9.0384,160
77ae13f2,25712,9.0356,160
27c5e810,25055,9.0384,160
3fcdfae4,25698,9.0384,160
4efe4c06,24399,9.0356,160
1b38c402,17951,9.0356,100
49c8e7a8,18987,9.0384,100
41c513e9,22929,9.0384,160
110fdbef,11804,9.0356,83
2dad2bb4,26100,9.0384,160
23d66c0e,23766,9.0384,160
4ae569c6,24384,9.0411,160
25da13d6,25795,9.0411,160
28f34ff2,5882,9.0411,44
61ee7c52,21857,9.0356,160
71c8da7d,16597,9.0411,112
275e2c5f,25251,9.0411,160
100236db,21678,9.0411,160
6533c3ae,25831,9.0411,160
772d3fb6,26421,9.0384,160
4081081c,16074,9.0384,112
41b45a39,14695,9.0411,100
3ae1df12,25796,9.0411,160
24af9777,2340,9.0411,18
6c26ba16,2335,9.0411,18
f204039,23169,9.0411,160
3b8d1780,23978,9.0411,160
29545eb5,23117,9.0411,160
63c13ba9,25598,9.0384,160
3a6edbcd,14956,9.0411,100
37426531,25840,9.0411,160
491d09be,6092,9.0411,1
64a0554e,14295,9.0411,97
e563600,18708,9.0411,100
422a24b4,16812,9.0411,121
66e5aa2d,2144,9.0411,17
89999a,26152,9.0411,160
3da9dc60,23710,9.0411,160
7df0070e,25250,9.0384,160
115d998f,24373,9.0411,160
3f5059bd,25825,9.0411,160
2c4cc567,24250,9.0411,160
7cf82f48,2360,9.0411,18
6733a601,20037,9.0411,149
2bbaa634,26034,9.0411,160
1ff7f570,19643,9.0384,146
219c98e7,2341,9.0438,18
161a9f4f,26229,9.0438,160
5cb71716,26348,9.0438,160
264eb12f,16064,9.0438,112
724e6d38,22267,9.0438,160
58bb28d4,24400,9.0411,160
68344cd1,23642,9.0438,160
1a19346b,19780,9.0411,100
5d90ea67,24807,9.0438,160
7ef28f99,25461,9.0411,160
2de68ea1,23152,9.0438,160
4b2c0ec7,16067,9.0411,112
2c1aee41,14774,9.0438,100
7ff32dc5,25404,9.0438,160
1597fbe5,20999,9.0411,100
c9dec70,22974,9.0438,160
6972b41f,22696,9.0438,160
778e7344,19781,9.0411,100
55dee308,15774,9.0438,100
1175f575,23077,9.0438,160
3b977c6d,24362,9.0438,160
580ae903,23719,9.0438,160
5c9aa515,18313,9.0438,100
627a3dae,22927,9.0438,160
7f040b5,25862,9.0356,160
628e4198,25452,9.0411,160
6dc3fe3b,24404,9.0384,160
3a84e482,14697,9.0438,100
64784c9b,21798,9.0411,160
57dc9af7,18763,9.0466,100
474e9315,20337,9.0438,100
350e8fe1,23171,9.0411,160
4b0b79d9,24249,9.0466,160
13b4014f,25237,9.0466,160
200c3aec,25699,9.0438,160
1a37382,24010,9.0466,160
3174b39d,16990,9.0466,100
362e8e84,18705,9.0466,100
59d2a09e,21524,9.0466,100
52d927d8,22400,9.0466,160
6154eab5,22948,9.0466,160
20ce6729,23861,9.0438,160
7de4df38,22930,9.0438,160
6698d0bb,24331,9.0466,160
205f8f9f,18706,9.0466,100
74656211,16853,9.0493,121
73fb5392,25861,9.0466,160
21153aa5,16073,9.0438,112
65ae608c,24251,9.0493,160
28bd5fca,26384,9.0493,160
8804f6e,22663,9.0493,160
547f1a96,15775,9.0493,100
7db1a448,21385,9.0493,100
3f30e73b,16871,9.0466,121
30d1ae67,4209,9.0493,21
35c1348c,19545,9.0493,100
19462308,24951,9.0493,160
6925478c,6396,9.0466,1
51147cac,26367,9.0493,160
4e1a5eee,22620,9.0493,160
7e09ffc4,26382,9.0493,160
7b4e8b78,17732,9.0493,100
60b53841,22809,9.0493,160
6dcd4756,24388,9.0493,160
453b6784,22253,9.0466,160
6d20cdee,6359,9.0493,1
6615188,26137,9.0493,160
42295b9e,22142,9.0493,160
7462bcf4,24663,9.0493,160
7c3e7fdc,22619,9.0493,160
7312a2d9,18762,9.0493,100
37ae43c0,20743,9.0521,100
421a8e7f,22936,9.0521,160
6d8bec78,22212,9.0521,160
46c4aa99,24282,9.0521,160
616a0d50,26026,9.0521,160
e8895,18231,9.0521,100
66ece627,25701,9.0521,160
54b63eae,25266,9.0521,160
6507b9e5,25675,9.0521,160
1139cff0,23239,9.0521,160
7c194813,21900,9.0521,160
4e1fb2f4,26135,9.0521,160
1065de2e,19170,9.0521,100
75c3d1c2,18314,9.0521,100
2dd3960e,26419,9.0521,160
72ca9a0b,25104,9.0521,160
1ba40c79,24989,9.0521,160
3b665f6e,2338,9.0493,18
4c60aed2,20770,9.0493,100
27c62b5d,24465,9.0521,160
39b1fae2,21997,9.0521,160
52f4044,21379,9.0521,100
64bee69e,24511,9.0521,160
1614ba4d,16813,9.0521,121
30286046,17523,9.0548,100
79774eaf,24512,9.0548,160
6f7d1e1f,6229,9.0466,1
5c08176f,18709,9.0548,100
2f5166f8,22837,9.0548,160
6c90578b,21386,9.0548,100
1401177a,22272,9.0548,160
7afc704d,23767,9.0521,160
6b1a21e0,21796,9.0548,160
77b5e083,15831,9.0493,100
5c6f3aba,24510,9.0548,160
53773e2b,23754,9.0548,160
3d3517c1,25956,9.0548,160
fbba34b,16065,9.0548,112
518c0dc5,23517,9.0548,160
71a24a6,25706,9.0548,160
5ff36d3e,22403,9.0548,160
359f868d,23099,9.0466,160
63f1feb6,24709,9.0493,160
3e4d979b,22419,9.0548,160
208104e0,25056,9.0548,160
76682b42,22975,9.0548,160
3236322c,22401,9.0548,160
7bd47109,20067,9.0548,100
28cd7142,22836,9.0575,160
535adc97,23862,9.0575,160
64dfdf85,14954,9.0575,100
658b7b3e,24028,9.0575,160
67fb3660,25559,9.0575,160
45727b63,16457,9.0575,112
3f7f5faf,18707,9.0521,100
3a4492b3,24031,9.0548,160
207d4189,17904,9.0575,100
1e8b3bd0,22260,9.0575,160
5b4c8d89,24513,9.0575,160
45834d59,25107,9.0575,160
12ef311a,17837,9.0575,100
4b80c039,5630,9.0548,36
47a346fa,23722,9.0575,160
403193a0,26231,9.0521,160
27c0d1cf,18211,9.0575,100
f382d69,23745,9.0548,160
48aac2e5,25355,9.0575,160
77353ebc,22207,9.0575,160
28035c86,23708,9.0575,160
669e7f8a,22667,9.0575,160
78bd2456,7724,9.0575,50
3d450c0c,22944,9.0548,160
12a36508,20496,9.0575,100
26a32523,24007,9.0548,160
14f6aa1d,23995,9.0548,160
101f526,21859,9.0575,160
27a7d26,25668,9.0603,160
108ffec4,2334,9.0603,18
2f3a4bcb,23979,9.0603,160
c705428,23478,9.0603,160
1f4f00f5,21800,9.0603,160
ebdaa73,25715,9.0575,160
1bc647,18175,9.0603,100
6f0d615e,23416,9.0603,160
12941b67,21793,9.0603,160
7199d574,21996,9.0603,160
2f6e0cfe,15474,9.0603,100
2b6d8fdc,22000,9.0603,160
583b25d2,18178,9.0603,100
1591376d,21799,9.0603,160
1910f6f5,23430,9.0603,160
269da2d6,15914,9.063,100
794b5307,22701,9.063,160
3e9f309d,15274,9.063,100
54dcce0c,24039,9.063,160
1279faa7,26388,9.063,160
2026cee5,24507,9.063,160
6b665325,23189,9.063,160
4816f625,10425,9.063,72
fca3c62,25809,9.0603,160
198d9a98,24629,9.063,160
20ffe4b3,22895,9.063,160
40ab0df7,24348,9.063,160
3ff37c19,26357,9.0658,160
1155ec5c,22805,9.0658,160
61046ea9,16401,9.0603,112
14a8614b,17557,9.0658,100
c74029c,18212,9.0658,100
2843b4bf,25881,9.0658,188
62661576,23350,9.0658,160
6a70f638,26386,9.0658,160
3d057004,23769,9.0658,160
1149f5da,25823,9.0658,160
63b7d4e7,22426,9.0658,160
49b6be8d,19135,9.0658,138
5f2572ef,23869,9.063,160
19cabf4,17756,9.0658,100
54bde050,22934,9.0685,160
7718149a,4120,9.0685,21
b269e22,16076,9.0685,112
7f6037a3,17913,9.0685,100
1bc7f0b0,24366,9.0685,160
2c4c8b96,21387,9.0685,100
1324d7b3,23417,9.0685,160
6d87375b,22838,9.0685,160
49e1182b,24681,9.0685,160
387e718f,23731,9.0685,160
1b92aba,24360,9.0658,160
7e31185a,15273,9.0685,100
673bfc68,9664,9.0685,63
3495ec71,26402,9.063,160
607c3857,21017,9.0685,100
219d4433,4161,9.0685,21
69395640,23639,9.0685,160
7254c972,26320,9.0685,160
73ebe9ef,23863,9.0685,160
389c977d,23605,9.0712,160
1bb44d78,24838,9.0658,160
7083a32,15476,9.0712,100
4fff1825,23620,9.0712,160
63f734a4,26006,9.0712,160
3f0c60d8,23220,9.0685,160
6ea25cc,25462,9.0712,160
31e33b04,24077,9.0712,160
374e8bb4,24948,9.0685,160
7d3a287,14967,9.0712,100
6b6b6b88,2342,9.0712,18
42b06e4f,25667,9.0712,160
37bdcc9d,25670,9.0712,160
15fed065,22937,9.0685,160
60ae5be3,23607,9.0712,160
483d77e9,11740,9.0658,74
783a724d,21948,9.0712,160
21ba90f3,21388,9.0712,100
33d9b664,24118,9.0712,160
38b44079,24183,9.0658,160
10781dc9,24849,9.074,160
3bfbbd91,23254,9.074,160
1d817b66,9594,9.0712,63
4eb39f15,25650,9.074,160
30a77a31,24463,9.074,160
6061afb9,24284,9.074,160
6109111,14813,9.0685,104
5409fdf1,5489,9.074,37
5ff463b3,26064,9.0712,190
32051393,25057,9.0685,160
309f84db,6446,9.074,1
2be2014c,22640,9.0712,160
57f71678,24005,9.0712,160
4df41e9e,24252,9.074,160
101f2a7,24971,9.0712,160
3ad27baa,22659,9.074,160
55f9ee5e,14807,9.074,100
38140a91,24780,9.074,160
d00ba86,24283,9.074,160
368e43fe,14968,9.074,100
1f2871ae,16458,9.0712,112
539e70b,17450,9.074,100
757b6cde,23819,9.074,160
3a9e0d7d,25560,9.0767,160
1d6135bf,26385,9.0767,160
45029cba,17812,9.0685,100
5934045e,25950,9.0767,160
3acdb527,23606,9.0767,160
5cdabd7,24966,9.0767,160
4f8615da,22662,9.0767,160
597f4c93,2362,9.0712,18
5bde1d58,24464,9.0767,160
2231e489,18213,9.0767,100
4aca600b,25660,9.0767,160
359d844d,24081,9.0767,160
31df354a,24387,9.0767,160
1e826b7b,26230,9.074,160
333ad18e,16427,9.074,112
8b329e3,25242,9.0767,160
2ae935da,25954,9.0767,160
738f7326,24778,9.0767,160
54577db9,15405,9.0767,100
7e5b179f,24316,9.0767,160
1b880f7b,22427,9.074,160
51067b56,25951,9.0767,160
53392151,17052,9.0767,100
782cae35,18315,9.074,100
2d5be7c8,6411,9.074,1
7032e455,15563,9.0767,100
5673f223,21906,9.0767,160
ddbdc41,25453,9.0767,160
101b86c9,24318,9.074,160
8f4d1a,17911,9.0767,100
776cc8d3,25252,9.0767,160
3e47def7,24117,9.0767,160
6dad34aa,21787,9.0767,160
21ccca18,23617,9.0795,160
3077a4a2,7768,9.0795,54
30c7743d,17053,9.0795,100
4cfe0bcc,24968,9.0795,160
344b1eeb,21990,9.0795,160
73109e70,24970,9.0795,160
7ecf7604,25108,9.0795,160
18f609ce,24455,9.0795,160
75a2937c,24504,9.0795,160
19f27765,21949,9.0795,160
72fea02c,24508,9.0795,160
6ee68935,14698,9.074,100
6b1cbdbb,22420,9.0795,160
1432909d,26113,9.0767,160
ac4fad7,24330,9.0795,160
7fdb5,25353,9.0795,160
5a7273a1,18390,9.0795,100
540dfc31,21389,9.0795,100
79b2a625,16558,9.0795,112
466706f3,22107,9.0795,160
fc18ae5,25873,9.0795,188
7bc9aea9,25863,9.0795,160
34160358,21788,9.0795,160
19c72412,23148,9.0822,160
62154818,23165,9.0795,160
58f91871,22641,9.0822,160
5784c0ef,16068,9.0822,112
2657cd03,23194,9.0822,160
1cf806d8,19136,9.0822,138
2542fd8e,21898,9.0795,160
214a26bd,21952,9.0822,160
5130bd53,25669,9.0822,160
758e9fd2,25254,9.0822,160
69fe9dd4,2336,9.0795,18
31609875,25090,9.0822,160
2e7eb6c2,23170,9.0795,160
29c7648f,26409,9.0822,160
1bdb42b4,22603,9.0822,166
6b54e0bc,24201,9.0822,178
5e427e93,25794,9.0795,160
480c0315,23833,9.0822,160
5afba7fa,24990,9.0822,160
4cb39ac8,15562,9.0822,100
3640e735,25479,9.0849,160
d3caf08,22143,9.0849,160
41a1ef13,16455,9.0849,112
cdab752,24705,9.0849,160
5cef19db,18392,9.0849,100
34c3a9a1,20068,9.0849,100
7a54115d,24119,9.0849,160
236d4962,21377,9.0849,100
7e8bd15,26007,9.0849,160
2ecf92e8,22399,9.0849,160
744ba095,23669,9.0822,160
3da4c127,23434,9.0849,160
3d352eb6,22567,9.0795,160
7fe6d393,26101,9.0822,160
60fdca26,22404,9.0849,160
2d6c5655,7767,9.0822,54
48a0465,22054,9.0849,160
1f3c502a,19137,9.0822,138
6a1ae3cd,14965,9.0849,100
1e0a57ee,21648,9.0849,160
52547b62,7749,9.0822,54
206c11c1,24561,9.0849,160
786f4ebf,24563,9.0849,160
191e487f,23728,9.0822,160
4de3de15,15778,9.0849,100
30a37a83,23351,9.0877,160
47293788,21647,9.0877,160
1d91a948,25347,9.0877,183
76a74735,22915,9.0877,160
25672c82,24009,9.0849,160
3760059f,26424,9.0849,160
1032592,25406,9.0877,160
e3b2dcf,24509,9.0877,160
1e700ea9,23816,9.0877,160
16ff496d,22658,9.0877,160
52a27cbd,21992,9.0877,160
4e3d4957,20745,9.0877,100
49fbfdec,22032,9.0877,160
193f500a,21380,9.0849,100
18bb3683,26027,9.0877,160
7a400c2,14808,9.0877,100
46a2d31f,22702,9.0877,160
3be817a6,23192,9.0849,160
62f15d6d,26115,9.0849,160
4daa274e,26358,9.0849,160
26a85cce,24562,9.0877,160
10e8f30e,25357,9.0904,160
76c2492f,16555,9.0849,112
1e3068af,24662,9.0904,160
70020176,26458,9.0904,160
14287d94,2145,9.0904,17
691f0f3a,25707,9.0904,160
70c7d50f,25848,9.0849,160
6dafaea8,9612,9.0904,63
d460bda,25884,9.0904,188
1e863fe,22004,9.0904,160
5a55133b,22840,9.0904,160
14f4cad3,24242,9.0904,160
4befc0b,10041,9.0904,1
791e448a,17905,9.0904,100
1fd72653,23727,9.0904,160
399b2f9d,18014,9.0904,100
23a2b92a,21188,9.0877,100
7367f9af,22642,9.0904,160
7ba87f96,5464,9.0904,37
4b253f5e,24245,9.0904,160
f4fce89,26404,9.0877,160
7935d6bb,22621,9.0904,160
6272cfca,22431,9.0877,160
720533b7,11787,9.0904,83
a182332,23238,9.0932,160
6a9f022b,8145,9.0932,50
8a21fe9,4217,9.0932,21
5ff58048,18156,9.0932,100
143f3937,25354,9.0932,160
623ffc1,26114,9.0932,160
1ee6f5bb,26063,9.0932,160
6de2d1ef,22059,9.0932,160
79abe5,26225,9.0932,160
58436eff,24958,9.0932,160
19bd81dc,5957,9.0932,1
305fe47d,6431,9.0932,1
4b493630,26304,9.0932,160
877b6c8,26008,9.0932,160
6a28a3f,24205,9.0932,178
5647cf4d,25716,9.0932,160
761717b1,22577,9.0932,160
73e45856,1926,9.0932,13
3cd7365b,22213,9.0932,160
3ead6f47,17757,9.0932,100
2c4ce9df,24972,9.0932,160
7dbb22e8,21731,9.0932,160
78dbb6ea,18176,9.0904,100
2d5929e1,23348,9.0932,160
66102f84,21378,9.0932,100
4298fdcc,18764,9.0932,100
67d16f93,4210,9.0932,21
3a344a9,26359,9.0904,160
64a83756,24076,9.0932,160
61dbc092,22807,9.0932,160
5ac30587,24969,9.0932,160
d1a86cd,24389,9.0959,160
14051dcb,22150,9.0959,160
31b28a9a,25481,9.0932,160
e52136e,1927,9.0959,13
5e9e3dd4,23762,9.0959,160
5727c087,23173,9.0959,160
64c762db,21951,9.0932,160
26d837fc,23172,9.0959,160
6bf074ed,23193,9.0959,160
5c0b21ec,26074,9.0959,160
4e33d553,9610,9.0959,63
20a47ce7,26305,9.0959,160
50e46698,23086,9.0932,160
6e793bd5,25270,9.0959,160
392ea7fb,15270,9.0959,100
3b0cdde2,26258,9.0959,160
d69339b,22806,9.0904,160
5111eb2f,16814,9.0959,121
1d83513,18327,9.0959,100
83416f4,26383,9.0959,160
b5b39ea,10387,9.0932,72
72fb4316,24378,9.0959,160
3ea633cd,22668,9.0932,160
2469767a,18015,9.0959,100
6030ffa5,24247,9.0986,160
25e9bb3b,9595,9.0959,63
20802e1d,24664,9.0986,160
7be1f2ae,21896,9.0904,160
64753d31,17811,9.0986,100
c1f9a4f,24068,9.0959,160
84b2ae8,4235,9.0986,21
7fc5877,8493,9.0986,50
60d642fa,26079,9.0986,160
4187683b,24078,9.0986,160
104a1689,22411,9.0986,160
7590db17,6443,9.0986,1
270386cd,18627,9.0986,100
e847eb8,18393,9.1014,100
5dbff4a6,21901,9.1014,160
55e8580b,24515,9.1014,160
4aa84b9b,24967,9.1014,160
1d815fc6,24852,9.1014,160
6e3a6702,21953,9.1014,160
5534b1e6,22057,9.1014,160
778c6522,26403,9.0986,160
60646b7a,17426,9.1014,100
5ddb1203,22842,9.1014,160
26c50583,26422,9.0986,160
61d7663e,24516,9.1014,160
115f93d0,22941,9.0986,160
2d9033df,21902,9.0959,160
39a1e63a,26028,9.0904,160
229767f9,4211,9.1014,21
7add75cf,25561,9.1014,160
61e11da3,23166,9.1014,160
7f932b9d,6308,9.1014,1
25e8ec94,18628,9.1041,100
61fcec62,16872,9.1041,121
5331f17b,18512,9.1041,100
57dbe4f6,21000,9.1041,100
34b8a087,26139,9.1041,160
65175d11,25463,9.1041,160
686c6278,26107,9.1014,160
74753f71,14821,9.1041,104
389000df,8492,9.1041,50
12dc2da1,24349,9.1041,160
4ebaaca8,22262,9.1041,160
111a8fbb,25704,9.1014,160
33a32893,20636,9.0986,100
18573966,21897,9.1014,160
4cc9b45e,16217,9.1041,112
427402ae,24120,9.1041,160
3f0b2943,22571,9.1041,160
244f1de6,26364,9.1014,160
61ed3983,26360,9.1041,160
60871aa4,21024,9.1068,100
6a066c6,18710,9.1068,100
5adcebd9,24782,9.1068,160
773c81ec,24408,9.1068,160
52f5f020,24710,9.1068,160
6a472333,23349,9.1041,160
aff82e0,7713,9.1068,50
5c99a4dd,19602,9.1068,100
f6c532f,24716,9.1068,160
32d3e338,21376,9.1068,100
49d08f18,23518,9.0986,160
280dd75d,15271,9.1068,100
32f2c548,25877,9.1068,188
4fda71b2,19276,9.1068,100
3944022b,7714,9.1096,50
545ccb07,23419,9.1096,160
2f0c6858,25423,9.1096,160
79bb2897,20339,9.1096,100
65f091f3,25131,9.1096,160
64999319,25278,9.1096,160
7d435ef2,23167,9.1096,160
7c3c923c,24011,9.1068,160
f814ed0,1928,9.1096,13
4e8a7a4f,16072,9.1096,112
6ed51c99,24347,9.1096,160
f4b77b9,16815,9.1096,121
40725ef5,2299,9.1096,18
17fea91e,5641,9.1096,36
abbf1ac,26116,9.1096,160
3510b6d0,21732,9.1096,160
384f084f,18214,9.1096,100
4ccc15b6,22698,9.1096,160
2ec1931,22572,9.1123,160
186e5529,22600,9.1123,166
7a3ab963,24080,9.1123,160
2fd90119,26042,9.1123,160
394c0f1,26368,9.1123,160
46e74752,21802,9.1123,160
21d1575e,22002,9.1123,160
4e798dd,25705,9.1123,160
25aad654,24246,9.1123,160
590bc864,7750,9.1123,54
724b1fbc,21001,9.1096,100
4a525058,21734,9.1123,160
39b92730,22579,9.1096,160
3e76808b,17838,9.1123,100
146ade06,23729,9.1123,160
4ce29c43,21827,9.1096,160
3c92b248,17427,9.1096,100
36ea0f89,17580,9.1123,100
74326dbc,24241,9.1123,160
2c6af7fd,17813,9.1123,100
54310ca,23614,9.1068,160
6333d1ac,18389,9.1151,100
6a58a7b8,25430,9.1151,160
1e3b0802,6275,9.1123,1
40b0ffb,22432,9.1151,160
7f25c598,24285,9.1151,160
627d5ff6,22808,9.1123,160
51847951,25563,9.1151,160
6011908a,22062,9.1151,160
1f3e5ca4,23931,9.1151,160
4316ec6f,23860,9.1151,160
12cef890,24079,9.1151,160
1ac497d0,24286,9.1151,160
2052b076,14822,9.1123,104
77722350,25876,9.1151,188
373dc45,22279,9.1151,160
661cbec3,25464,9.1151,160
1fb2a754,26427,9.1178,160
58d8cfc7,26306,9.1178,160
3ed60f2f,23285,9.1178,160
23c08eaf,23672,9.1178,172
69b1e940,18157,9.1178,100
235a6d44,25708,9.1178,160
68c84f1,26043,9.1178,160
20b3254a,9596,9.1178,63
3e8b706c,23103,9.1178,160
3e12be64,19603,9.1178,100
30aabfe5,24203,9.1096,178
406ac4f9,14823,9.1178,104
794a30cb,18016,9.1205,100
1ca7279e,21991,9.1178,160
7997f678,24419,9.1205,160
6f4ca8bf,16219,9.1205,112
39fd7067,26073,9.1205,160
47a801f5,6423,9.1205,1
62964549,23286,9.1205,160
24f44b55,17581,9.1178,100
3a54f9c8,26105,9.1205,160
2ef70624,23174,9.1205,160
79f45359,6084,9.1205,1
2addcb48,26259,9.1205,160
20b37076,16075,9.1178,112
29571da6,25405,9.1205,160
53fad4a9,22013,9.1205,160
383eb787,25674,9.1233,160
79bbb9c8,22697,9.1233,160
7f13eb49,17785,9.1233,100
69c314a9,22040,9.1233,160
78689e1a,23164,9.1205,160
5c390d26,23107,9.1205,168
4d87d13c,8491,9.1205,50
71a30ed8,25253,9.1233,160
65e77df7,24959,9.1233,160
5e2e37a4,23870,9.1233,160
d113f31,14563,9.1233,100
2d53136c,26444,9.1233,160
251e5d35,26106,9.1233,160
4604f3c2,26081,9.1233,160
1cff299d,22376,9.1233,160
7e3ec322,1980,9.1233,13
446f1dd0,22644,9.1233,160
1ab9d86f,24244,9.1178,160
62608bc5,26349,9.1233,160
35854f8b,24842,9.1205,160
78f224,15564,9.1205,100
3cc5ee66,18179,9.1233,100
68eb3331,1917,9.1233,13
770dd0b0,26257,9.1205,160
41211b77,24420,9.1233,160
6964a659,25868,9.1233,160
3023e5a7,21950,9.1233,160
23869b1b,23618,9.126,160
12c546e1,26307,9.1233,160
24345d7f,25714,9.126,160
b548c59,22278,9.1233,160
24f54e49,23768,9.1233,160
b497a1a,24862,9.126,182
1cc9f892,10114,9.126,67
333c578f,22810,9.126,160
43a0aa9a,9709,9.126,63
18a08fb9,25723,9.126,160
b76fd47,25709,9.126,160
246f8e34,17906,9.1288,100
2a660bf6,25727,9.126,160
7bb7b11a,6397,9.1288,1
6dc4d3f6,25456,9.1288,160
33a860cd,10127,9.1288,67
4797f7ee,16104,9.1288,112
1fd1cf06,21907,9.1288,160
5724eb1,24630,9.1288,160
4b13ec0e,14820,9.1288,104
430b0064,25810,9.1288,160
3bdbb76c,22063,9.1288,160
2ae3e6ee,10421,9.1288,72
3df332c5,23763,9.1288,160
26600d3f,22754,9.1288,160
40e6be48,25564,9.1288,160
7587e42c,22406,9.1288,160
51c69543,21649,9.1315,160
77e963b1,25678,9.1315,160
20887fa,26438,9.1315,160
48e4b513,24346,9.1315,160
18e793d7,24623,9.1315,160
2ded4dc1,23418,9.1315,160
11254726,26308,9.1315,160
57d435af,23756,9.126,160
3a755e6b,15565,9.1315,100
496ced38,10045,9.1233,1
7d318fa1,24784,9.1315,160
4696eb56,21998,9.1315,160
3899ac22,17814,9.1315,100
bf31582,15479,9.1315,100
9ff77f,9611,9.1288,63
7bbdf3e6,21829,9.1315,160
3019c766,24853,9.1315,160
c69d5fa,21137,9.1315,100
208f4108,26437,9.1288,160
51328e3f,24288,9.1315,160
208f0314,16069,9.1342,112
30b8f130,26253,9.1342,160
5e53c294,24423,9.1342,160
12d3e86c,5639,9.1315,36
48e4f57,24202,9.1342,178
41887a8f,8494,9.1315,50
5356d0eb,25718,9.1315,160
19c74609,23660,9.1342,160
594070c7,21860,9.1342,160
2fc2784f,23536,9.1315,160
2d9c233a,24289,9.1342,160
ec8df8e,14809,9.1288,100
545440d8,18391,9.137,100
5b816c4e,22268,9.137,160
68685a1d,25728,9.137,160
61f30131,26070,9.1342,160
242131d9,22580,9.137,160
6cddae7c,15272,9.137,100
1af961bf,21826,9.137,160
30eb784f,23831,9.137,160
1d692872,23864,9.137,160
1cc6cbed,22153,9.1342,160
4d63a553,22041,9.1342,160
262185b0,8152,9.1397,50
725f13be,17316,9.137,100
58ec27bb,26080,9.1397,160
8f558c8,21908,9.1397,160
1b2e4e5f,25846,9.1397,160
22d35063,25867,9.1397,160
289b7564,16070,9.1397,112
11734e33,21903,9.1397,160
33e277cd,21143,9.1397,100
b0a699a,21904,9.1397,160
78491dca,25872,9.1397,188
5c2a17ff,24783,9.1397,160
d4b7f70,26387,9.1397,160
7340d626,16849,9.1397,121
6655c28c,5611,9.1397,36
533c8b9c,18180,9.137,100
61beb4d7,22578,9.1397,160
ba26ed8,23834,9.1397,160
3bb5852b,22421,9.1397,160
7281acba,24973,9.1397,160
4eb1859d,23102,9.1397,160
5272fe41,23185,9.137,160
79e687bc,23655,9.137,160
2c56bb8f,24854,9.1425,160
1a053a19,22277,9.1425,160
764558db,23755,9.1425,160
612af2f6,24514,9.1425,160
76a1bf25,15483,9.1425,100
34fe4101,26446,9.1397,160
6a0e2d65,24243,9.1397,160
7968eb45,22050,9.1425,160
4fe30bdc,26350,9.1425,160
248b7c5,19090,9.1315,100
34c0dd92,21381,9.1397,100
7d6244bf,24332,9.1425,160
72707442,22151,9.137,160
5405cb31,21954,9.1425,160
594197c4,23283,9.1397,160
52343de6,26109,9.1397,160
4cfc9b8a,23661,9.1452,160
1b96c422,18630,9.1452,100
2908b68f,24424,9.1452,160
3ee36093,22643,9.1452,160
58ab0588,18328,9.1452,100
7023e5dc,22064,9.1452,160
5db9982e,22434,9.1452,160
2da82b2,26232,9.1425,160
3169f1d8,23195,9.1452,160
31ee2538,18135,9.1452,128
5e0c3bdc,22976,9.1452,160
4f65a0db,24863,9.137,182
1b87702d,23100,9.1452,160
317c7fde,26053,9.1452,160
717b4b2c,22755,9.1452,160
4e964c04,22005,9.1452,160
4284ff94,20494,9.1425,100
2c975e75,22675,9.1452,160
7e4756b6,25562,9.1452,160
55ce5079,16105,9.1452,112
5cc32b94,25008,9.1425,160
b42b450,5610,9.1452,36
29c4d0a8,21830,9.1479,160
3f364713,15480,9.1479,100
1913d6ec,23932,9.1479,160
7b8044a5,22676,9.1479,160
5c6a8e34,25271,9.1452,160
53245481,23832,9.1452,160
41e13cc5,23537,9.1479,160
3c93ab66,19088,9.1479,100
5e278f29,25866,9.1479,160
277b4d24,23221,9.1479,160
2f686cd1,23621,9.1479,160
7c4838b,25865,9.1452,160
5e99a5e1,4231,9.1452,21
3ca527dc,19171,9.1479,100
6a753224,25130,9.1479,160
722f97f4,1990,9.1452,13
41ca4f01,16363,9.1425,112
2d28bd0d,22645,9.1397,160
3e8da3e4,23764,9.1452,160
2b83f82e,14825,9.1397,104
38a21818,10326,9.1479,70
500a0ad4,23420,9.1479,160
42b00eda,5983,9.1479,46
1c9f61b0,24248,9.1479,160
3cb11b2,25885,9.1479,188
373ddb6d,20928,9.1507,100
20524c77,22977,9.1507,160
eebc73d,19091,9.1507,100
1f77774a,25651,9.1507,160
1f2b92da,18316,9.1507,100
4436460c,18396,9.1479,100
7634344c,25480,9.1507,160
68df7cf3,26439,9.1507,160
1d890b54,25356,9.1452,160
3960f288,26324,9.1507,160
7a1e1a3c,24763,9.1507,160
c6e3555,23435,9.1507,160
3ddcd3c7,23288,9.1507,160
59684c27,24001,9.1507,160
7590033e,26405,9.1507,160
67221130,21986,9.1507,160
1032949c,1930,9.1507,13
6d672812,16106,9.1507,112
10de6c76,14969,9.1479,100
b4c033e,15482,9.1507,100
7c9038f6,17915,9.1507,100
2863a8ce,23175,9.1507,160
4bbddc68,22916,9.1534,160
44c6f724,26365,9.1534,160
208363d2,22043,9.1507,160
5d29a8bc,26076,9.1534,160
277b109f,24955,9.1534,160
4abc0a15,17318,9.1507,100
1b9a79f5,22949,9.1534,160
68b95e0f,24390,9.1507,160
3566ffa0,22065,9.1507,160
4dc281ec,26260,9.1534,160
2bb02213,26075,9.1534,160
76e4f675,26369,9.1534,160
53cc012f,22428,9.1534,160
6698dc5d,26440,9.1534,160
ec4f9f1,24957,9.1534,160
44f3bfa7,14810,9.1534,100
1de79b34,25272,9.1534,160
4ce181a3,6131,9.1534,1
6c3bd656,26426,9.1534,160
35ec52f1,26071,9.1534,160
14734143,24764,9.1562,160
545f36f7,10021,9.1562,1
6664c34c,9613,9.1562,63
31c86eab,22945,9.1562,160
3f3f5888,26361,9.1562,160
12fa3916,1918,9.1562,13
52c4e6a6,21215,9.1534,100
208b6763,24883,9.1562,182
65b590e2,18397,9.1562,100
264427cb,18398,9.1562,100
53c01473,25457,9.1562,160
288bc117,2146,9.1562,17
61707664,22980,9.1534,160
7e2e8bdb,24776,9.1562,160
10c92660,24355,9.1562,160
69a57a85,26233,9.1534,160
668d6ffe,24206,9.1562,178
44e77a7b,19089,9.1562,100
340e7eab,22703,9.1534,160
353d8cd0,21650,9.1562,160
43c86019,22814,9.1562,160
2169ed52,14564,9.1562,100
72f32cb0,25565,9.1562,160
7594d650,22373,9.1589,160
75dca853,21861,9.1589,160
1b31d8c7,16362,9.1589,112
73524188,24974,9.1562,160
744d0ae7,26425,9.1589,160
31f99db,4218,9.1589,21
1f772c9f,23656,9.1589,160
506af9be,23287,9.1589,160
40644dd0,22377,9.1589,160
558652fb,14826,9.1589,104
2a28c8d1,14815,9.1589,104
2d086323,23437,9.1589,160
4f60b19f,23608,9.1589,160
28163302,26410,9.1534,160
44140891,18631,9.1562,100
5cb4e0ff,25116,9.1589,160
2aeb7a4b,9710,9.1534,63
6aeb656,24855,9.1589,160
127e65ed,18625,9.1616,100
60cddac0,22003,9.1562,160
795a6bf8,22152,9.1589,160
1d6ea4c2,25119,9.1562,160
2e0af854,26108,9.1616,160
6c26ac06,7758,9.1616,54
62b37098,23196,9.1562,160
16dcbd34,24991,9.1616,160
489cd29d,26326,9.1616,160
203c27f8,22058,9.1589,160
5c9edf05,24352,9.1616,160
79a3e965,26044,9.1616,160
1418361b,5640,9.1616,36
6d6179,24980,9.1616,160
2ecb43d3,21140,9.1616,100
6f89a215,25129,9.1589,160
9078640,21828,9.1616,160
3ce19ee3,26036,9.1616,160
2286806,24941,9.1589,160
628a48b0,14824,9.1616,104
162b5ae9,18629,9.1644,100
3490db33,15484,9.1644,100
1907e67,22412,9.1644,160
31ef692d,22273,9.1589,160
17afa7d2,6398,9.1644,1
30dfd9c5,22310,9.1644,160
1c816d9b,23624,9.1644,160
7ddf81eb,24867,9.1644,182
3634fde5,24083,9.1644,160
4fa49420,16428,9.1644,112
4dc5a8f5,22405,9.1644,160
5ed55286,2300,9.1616,18
7291661,26309,9.1644,160
5737cff8,21909,9.1616,160
6f80fb6,24041,9.1644,160
6d168edd,26038,9.1644,160
d74018a,15779,9.1616,100
4d0f2a9b,16077,9.1671,112
4221945b,22612,9.1671,160
4f51153,22146,9.1671,160
4e2a616,15481,9.1671,100
2ffd3b21,14699,9.1671,100
5d5ba031,23479,9.1671,160
700e9241,25679,9.1671,160
3ec34357,23757,9.1671,160
2f00908f,21735,9.1616,160
2f5af776,26325,9.1644,160
2a5f0a1d,22006,9.1671,160
2b42e446,24785,9.1671,160
7693bc78,10329,9.1671,70
f3fc382,26412,9.1671,160
2410be02,26037,9.1644,160
5c891cb1,22011,9.1671,160
5462ac5,16823,9.1644,121
60d5a3b2,18394,9.1671,100
9152d9b,25117,9.1671,160
11875ff9,24960,9.1671,160
30c61365,1988,9.1671,13
4f518fd4,25431,9.1671,160
47342827,26460,9.1699,160
8e7f0e6,18395,9.1699,100
24befd58,6295,9.1699,1
35459ab8,21025,9.1699,100
69bb124e,24466,9.1699,160
42e8f017,22604,9.1671,166
42359e14,14817,9.1699,104
60ba80bc,8480,9.1671,50
1132ef37,23622,9.1699,160
20aab63d,24409,9.1699,160
25c79277,22014,9.1699,160
456e13b2,26110,9.1699,160
4b6c6de5,15832,9.1699,100
4d2178e8,23481,9.1699,160
384f342f,18626,9.1699,100
21024d7b,23289,9.1699,160
40d0141d,25671,9.1699,160
19838425,23732,9.1699,160
9290ffb,26041,9.1699,160
4f89d00e,23996,9.1671,160
6f26db92,22646,9.1726,160
e267b9c,24719,9.1726,160
4b9f5c7c,17317,9.1726,100
7780f717,9986,9.1726,1
3d7c86b6,21912,9.1726,160
7c6b0035,26254,9.1726,160
7d63a616,21924,9.1699,160
40a4c8bd,26413,9.1726,160
1934bf29,25132,9.1699,160
2f3e0e60,14827,9.1726,104
3d7a6e92,18399,9.1726,100
5d493c3d,21142,9.1726,100
3bcee609,18400,9.1726,100
73fcbae,22402,9.1699,160
6d44c229,26142,9.1726,160
695f2b25,24374,9.1699,160
7d634ae7,23865,9.1726,175
315115ec,24253,9.1726,160
484adad3,18177,9.1699,100
585cc6fc,22818,9.1726,160
3f0f9b62,6441,9.1753,1
6c8071a,24037,9.1753,160
18cac952,24717,9.1753,160
269f8791,23222,9.1753,160
6588dcab,22147,9.1753,160
104536e1,5617,9.1753,36
23bee7d7,10115,9.1726,67
6d703aab,26463,9.1726,160
37099b9b,22051,9.1726,160
70c230b2,22638,9.1699,160
14c76455,26445,9.1726,160
4093b945,21910,9.1699,160
2cda669e,25482,9.1699,160
57f4f5dd,22044,9.1753,160
783ec6ba,22429,9.1753,160
253a1169,6300,9.1753,1
43d9bfd6,22009,9.1753,160
791b484d,21918,9.1726,160
5a2b7dc6,16824,9.1753,123
2a013143,5942,9.1753,1
240429af,23866,9.1753,160
51c0c51f,22947,9.1753,160
500447ac,26143,9.1726,160
73acefc6,21925,9.1753,160
76e0f94d,22382,9.1699,160
6bd434a9,16820,9.1726,121
215f22b3,5958,9.1753,1
747f466a,21911,9.1781,160
53143813,22764,9.1781,160
47d23f68,25245,9.1781,160
36898c4e,24353,9.1781,160
7bc58faf,26392,9.1781,160
3f0c06c5,16992,9.1781,100
6e1b7a96,22660,9.1781,160
1c3d13e6,24350,9.1781,160
4ac24676,23623,9.1753,160
3053489c,26441,9.1753,160
3f43d64f,16110,9.1808,112
3efaaf7a,26321,9.1781,160
5a95bca,22677,9.1808,160
71ffcaba,24082,9.1781,160
55d41eda,16220,9.1781,112
29d6c305,17315,9.1808,100
3eb690b,26411,9.1808,160
7d519777,21858,9.1808,160
4c5305b7,21689,9.1808,160
4376bc9d,17918,9.1781,100
5ca7811d,22581,9.1808,160
4dc08b3,26389,9.1781,160
5076cb22,24418,9.1808,160
269217e5,25483,9.1808,160
46ddc543,22007,9.1808,160
2775af0,21688,9.1808,160
22a0c4bb,19093,9.1808,100
44e92416,21216,9.1753,100
72f22e51,26423,9.1753,160
5aad1a91,22033,9.1808,160
1c0e2756,15915,9.1836,100
7e8c8863,23657,9.1836,160
3c72549d,26453,9.1836,160
73c8ca30,26072,9.1808,160
102be2be,25725,9.1836,160
22600bb8,24721,9.1836,160
38355007,25957,9.1836,160
d99947b,26414,9.1836,160
42e8a964,10328,9.1836,70
519db27,2365,9.1836,18
648a7667,6360,9.1836,1
60f7474a,25240,9.1836,160
7250863b,23619,9.1808,160
332bee46,22575,9.1836,160
340fd2ce,23872,9.1836,160
6e980e12,24954,9.1808,160
188f3ca4,16107,9.1808,112
743ab82d,22274,9.1753,160
3ee99dc6,25724,9.1836,160
10affc97,24411,9.1836,160
373b9eec,14818,9.1808,104
71a4883a,26054,9.1836,160
507eadf3,22385,9.1836,160
75d84e0d,16364,9.1808,112
fc16829,24665,9.1863,160
228b0d97,22433,9.1863,160
4daf1615,25676,9.1863,160
181fb2c2,5609,9.1863,36
3dab8507,22281,9.1863,160
47b6d090,5979,9.1863,1
721c69cd,22811,9.1863,160
17f04cee,22678,9.1863,160
761270aa,15817,9.1808,111
2530f950,24069,9.1863,160
7511ca8,26390,9.1863,160
16924f8e,26261,9.1863,160
390f68e,26077,9.1863,160
66e24176,19092,9.1863,100
69d9b55e,22815,9.1863,160
6d3369d4,21899,9.1863,160
6993c67a,25255,9.1863,160
1d8ec3cf,23218,9.189,160
3959f665,25864,9.189,160
4fd25553,21863,9.189,160
3805eac5,24981,9.1863,160
53fec6b1,26234,9.189,160
2562f875,24992,9.189,160
78c74947,10089,9.189,1
6f83c758,6361,9.189,1
4aed5f57,24425,9.189,160
787ea72f,22674,9.189,160
3a315416,2293,9.189,18
4b79fd0f,21789,9.189,160
6b4e04d0,26111,9.189,160
213d21af,24070,9.189,160
66849149,9607,9.189,63
322bb351,25246,9.189,160
5625f86b,4216,9.189,21
3e65d65c,21905,9.189,160
49474c2b,25653,9.1863,160
5230f625,16108,9.189,112
258aac46,22159,9.1918,160
6da50790,26112,9.1918,160
49431037,17916,9.1918,100
b8fce8f,5492,9.1918,37
3a469300,24723,9.189,160
72909935,22049,9.1918,160
27c4c89c,4121,9.1918,21
3830ebe1,19546,9.1918,100
581a8e6c,22753,9.1918,160
763c3ac1,23219,9.1918,160
7c45dae8,24405,9.1918,160
7657b6fb,26370,9.1918,160
359e508,6442,9.1945,1
6eabeb04,1919,9.1945,13
75f68d67,4230,9.1945,21
74f73b6d,22950,9.1945,160
322f7354,14816,9.1945,104
3ef2a750,22407,9.1945,160
3f5cbb66,6424,9.1945,1
73e16820,24401,9.189,160
9ce0b1e,23112,9.1918,160
bd85e70,17525,9.1945,100
323d5e8e,2147,9.1945,17
7fdc37f7,22647,9.1973,160
258134e1,4162,9.1973,21
5bbae4d7,25677,9.1945,160
29458e63,25710,9.1973,160
6fa2e38c,23480,9.1973,160
12d58728,26117,9.1973,160
4b82f4f2,23190,9.1973,160
5480402,23438,9.1945,160
6a8258ff,24426,9.1973,160
1bb5e8d3,22435,9.1973,160
373fe178,21144,9.1973,100
25345ea6,21218,9.1973,100
60193616,24421,9.1973,160
54dea9b6,26391,9.1973,160
632bc50,22381,9.1973,160
5c578b4d,22010,9.1973,160
1c22a674,24038,9.1973,160
442ef954,17914,9.1973,100
1be40a38,22280,9.1973,160
326426d4,4163,9.1973,21
13d6aa37,22413,9.2,160
1acebf3f,22409,9.2,160
2140c394,24427,9.2,160
320113ee,26351,9.1945,160
1420808b,25432,9.2,160
7b78e277,26415,9.2,160
5c03c2ef,20746,9.2,100
66a724e2,24040,9.1973,160
7613c465,22430,9.2,160
7020acdf,25274,9.2,160
32dfb80c,26078,9.2,160
4a44fb8a,8153,9.2,50
8925c97,21864,9.2,160
57cdf953,22669,9.2,160
3f152f23,15475,9.2,100
3d506668,22410,9.2,160
52e00be0,10128,9.1973,67
488c83cf,1986,9.2,13
6f41caf4,22282,9.2,160
70b3fcec,26407,9.2027,160
66c9b9ee,22613,9.2027,160
34a411dc,22016,9.2027,160
189a7e7c,21002,9.2027,100
77a1a51f,26055,9.2027,160
5c0c74cc,6280,9.2,1
50034ebb,6294,9.2027,1
4832a460,21217,9.2027,100
3105a84,11788,9.1973,83
79638ea4,21220,9.2,100
46f62f50,25281,9.2,160
1b3a824a,26082,9.2027,160
1a7f3fd3,25133,9.2027,160
7f8c9496,25958,9.2055,160
877b898,22614,9.2055,160
4790430e,6451,9.2055,1
28d9de25,25247,9.2055,160
24727d88,24976,9.2027,160
4956ad46,21988,9.2,160
2304819d,23851,9.2055,160
3f4165b4,23191,9.2055,160
a47b9bc,24123,9.2055,160
4f8a03c9,21862,9.2055,160
b1ab89d,23873,9.2055,160
7823a98d,23482,9.2055,160
4cfb0ff8,24517,9.2055,160
7b46c582,21219,9.2027,100
64cd0568,10379,9.2082,72
1c7b7bd,8495,9.2055,50
4c098d11,22573,9.2082,160
1557ecb2,22061,9.2082,160
58f0414f,25134,9.2082,160
549ae97c,23874,9.2082,160
685cd60d,22408,9.2082,160
424495c8,26408,9.2082,160
18645ef6,25811,9.2082,160
1bb6958f,23176,9.2082,160
15d4d44a,22039,9.2055,160
66b0936b,24865,9.211,182
7358e9ed,4219,9.211,21
49719a9e,26263,9.211,160
664474d2,18675,9.2055,100
19b54b3b,25680,9.211,160
4ba7faf4,25118,9.2082,160
55819ad4,5612,9.211,36
61220608,21959,9.211,160
24c2d5d8,21690,9.2082,161
61e5c776,22378,9.211,160
103760d2,21989,9.211,160
57fa18ec,22042,9.2137,160
38eba6a4,17524,9.2137,100
5e224217,25878,9.2137,188
718c7636,26040,9.211,160
5543848f,22052,9.2137,160
19239207,7751,9.211,54
403946fd,24422,9.2137,160
4908f5f7,25433,9.211,160
34473360,16821,9.2137,121
51fc6dca,23930,9.2137,160
5fd58d4f,24982,9.2137,160
642f96d2,21919,9.2137,160
1e636299,24207,9.2137,178
1064a5e3,24786,9.211,160
1db548bc,21913,9.211,160
2f95e4fd,5493,9.2082,37
5c59bbb5,26330,9.2164,160
69275660,25880,9.2164,188
18fff35b,26459,9.2164,160
71802e85,22263,9.2164,160
7bf9bd2,24868,9.211,182
5e601350,22622,9.2164,160
1129a9c0,22981,9.2164,160
42e31005,25874,9.2164,188
5ed2a66d,23835,9.2164,160
3666d88f,21214,9.2164,100
77e343bd,16822,9.2164,121
5d0551e7,22012,9.2192,160
efed731,22060,9.2164,160
4f473a11,16365,9.2164,112
1c00f1cf,24121,9.2192,160
42a48b8c,25279,9.2192,160
98ebc7b,21736,9.2192,160
7f6f98e9,17526,9.2192,100
647a9042,23850,9.2192,160
2649faa,2294,9.2164,18
4d0d6f9c,25887,9.2192,188
7e7596f9,6085,9.2192,1
19849e52,14958,9.2192,100
3fb1ae75,26416,9.2192,160
7ddee10e,24410,9.2219,160
4d169677,26235,9.2219,160
c9af37a,17786,9.2219,100
696d6c23,25010,9.2219,160
73435fdb,25720,9.2219,160
6ba9c9b0,14957,9.2192,100
4ca57beb,24722,9.2219,160
39b95862,24843,9.2219,160
33e508ca,5989,9.2219,46
4ab985ef,14970,9.2219,105
49d404e1,6276,9.2192,1
6f783141,21141,9.2164,100
1c711e84,24520,9.2219,160
7c9f698,22442,9.2192,162
1598d73,25288,9.2219,160
2f855620,23177,9.2247,160
3b14f86a,23663,9.2247,160
73a1a4a6,23836,9.2219,160
3ede8db4,24984,9.2247,160
3b6fe819,10380,9.2192,72
32b41cf8,22705,9.2247,160
4eba0154,25882,9.2247,189
27a480b6,25280,9.2247,160
595e8470,22283,9.2192,160
132701c2,24977,9.2247,160
57cc0c9f,22055,9.2247,160
54ee87e0,25273,9.2247,160
4143a2de,24122,9.2247,160
841de2c,16875,9.2219,121
3005c0a1,5613,9.2247,36
d3358c7,24986,9.2219,160
17d45787,16873,9.2274,121
79bef409,25726,9.2274,160
52bcc3ed,26056,9.2274,160
6ffd3e1e,25879,9.2274,188
65a395d1,24624,9.2274,160
24568320,26373,9.2274,160
4552df02,23662,9.2274,160
5413c1,25681,9.2274,160
3d6791eb,16111,9.2274,112
425f31b,24720,9.2274,160
4bc2651d,25886,9.2247,188
7fd56423,24519,9.2274,160
6216b15,16876,9.2301,121
55d80e1c,20497,9.2301,100
d6a6337,23422,9.2274,160
77c178e6,24942,9.2301,160
449706f3,24718,9.2301,160
59caeac5,4237,9.2301,21
51760ee0,21987,9.2247,160
54be5b2a,17917,9.2274,100
2bfb2b22,21957,9.2301,160
4183174f,20500,9.2301,100
1faea793,24978,9.2274,160
113cea61,26352,9.2274,160
37fd9467,26406,9.2301,160
5ac1ccd1,26262,9.2301,160
6e1dc4b8,24518,9.2301,160
46574d7,24406,9.2301,160
727cf9d8,26353,9.2301,160
29f9055c,23933,9.2301,160
b10bbe5,24985,9.2301,160
558fb5d4,23871,9.2274,160
10813785,25009,9.2329,160
712c9a97,6127,9.2301,1
11925414,18181,9.2329,100
29c12cdf,25731,9.2329,160
7a59d7bf,19094,9.2329,100
62d36fc,23935,9.2329,160
130aadd8,22990,9.2274,160
3ac67d2b,24787,9.2329,160
72b89900,25875,9.2329,188
52bfe45c,24184,9.2247,160
3dcab221,22053,9.2329,160
62bc1a29,16874,9.2329,121
7be8bc2d,25469,9.2329,160
4d2e5ac9,2366,9.2356,18
168fa63d,23483,9.2356,160
6a9cf505,6453,9.2274,1
7d5ed66e,2383,9.2356,18
609eda34,22671,9.2329,160
8ad27bc,16109,9.2356,112
369aeb50,25719,9.2356,160
9dd1758,21921,9.2329,160
217f2d25,23423,9.2356,160
4ec68b72,26255,9.2356,160
1f84232d,22823,9.2356,160
3f0e1dc5,25484,9.2356,160
7ef577a6,26328,9.2329,160
57882978,22757,9.2356,160
7394addc,18182,9.2356,100
1f54c343,8135,9.2356,50
7ed26026,15485,9.2384,100
d69661e,24351,9.2384,179
60a94ac8,23889,9.2384,176
4071b99a,24042,9.2356,160
5e368f48,7752,9.2356,54
156cbe75,16366,9.2384,112
2c1b2940,25256,9.2411,160
4125afb5,15477,9.2411,100
c556362,21221,9.2411,100
7cbaeb8b,25566,9.2384,160
19128cf3,25120,9.2384,160
91e9c75,4236,9.2411,21
65aad2e4,23436,9.2438,160
4243e340,25123,9.2438,160
690eae30,10046,9.2438,1
148e6a50,25890,9.2438,188
2780a7d7,26331,9.2411,160
7a041984,6362,9.2411,1
61d89b9f,22623,9.2438,160
14f80776,26035,9.2438,160
2d8f299d,26120,9.2438,160
666757da,8496,9.2438,50
1dc7dac,22672,9.2438,160
2340cc5f,21738,9.2438,160
7952298a,17527,9.2438,100
255778fd,21955,9.2411,160
470440e6,26417,9.2438,160
62834e6d,24885,9.2438,182
a7525ce,25495,9.2438,160
14fb34ed,23852,9.2411,160
711d55e4,22978,9.2466,160
9958d8c,16825,9.2466,121
2aed8225,22824,9.2356,160
77d6bd1f,25408,9.2466,160
67fc87c9,26084,9.2466,160
7cd54ca7,22067,9.2466,160
19e5a9e6,17787,9.2438,100
6bd5d730,22610,9.2466,160
5989475c,24983,9.2466,160
1f331ae2,22778,9.2466,160
1c721402,16112,9.2493,112
3e583e55,4169,9.2493,21
4a94c35f,19095,9.2438,100
188040eb,26154,9.2493,160
68f931b3,22160,9.2493,160
5934cef6,4170,9.2493,21
66e3a682,24987,9.2493,160
5e573b38,21920,9.2466,160
5289e6f4,22812,9.2493,160
3e6b59c1,22155,9.2521,160
41576384,6363,9.2521,1
263e1e6d,25407,9.2521,160
9db435b,26371,9.2521,160
3b9df218,26083,9.2521,160
64fe22c0,24086,9.2493,160
5ccb8169,25813,9.2493,160
5f5c11fb,4238,9.2521,21
25ed02d7,25363,9.2521,160
79d83030,26118,9.2521,160
7376bd71,25465,9.2521,160
732e1638,22841,9.2493,160
272f8c35,10390,9.2521,72
18c392e2,26461,9.2493,160
39fdc674,6450,9.2548,1
5575d097,25812,9.2548,160
132e727d,25436,9.2548,160
483b0a09,24724,9.2521,160
4c6bc56e,24254,9.2548,160
3761451c,25730,9.2548,160
573c6417,26428,9.2548,160
474757bb,22374,9.2548,160
c16ac37,24430,9.2521,160
7c52bf13,22576,9.2548,160
5595ba88,26429,9.2548,160
68e15c83,24429,9.2548,160
5cc99154,24869,9.2521,182
243676b3,23115,9.2575,160
715b2de6,22825,9.2575,160
39ee5535,22015,9.2575,160
21ceeff9,22758,9.2548,160
123bcfff,10133,9.2521,67
5c3e7130,25485,9.2575,160
27d6eba2,25458,9.2575,160
597740b2,24261,9.2575,160
3b100a5b,24625,9.2575,160
2b437f5c,25889,9.2575,188
7d24ecea,17319,9.2575,100
1eb5512c,22853,9.2603,160
9c1d812,21923,9.2603,160
254cc273,17320,9.2603,100
e70680,20501,9.2603,100
15c5f019,25282,9.2603,160
4f5c1df7,25849,9.2603,160
7bd41901,23934,9.2603,160
38480352,22611,9.263,160
2b7797a,23867,9.2603,160
2dab7f7e,25459,9.263,160
58e87958,25672,9.2603,160
76ec77db,22624,9.263,160
ec6b8c7,22770,9.263,160
236d85e3,24412,9.263,160
37836ccc,24391,9.263,160
41a5b5cd,25496,9.263,160
54e2408d,25360,9.263,160
6fd9ca56,23012,9.263,160
31f98f64,21967,9.263,160
43102e6d,24979,9.263,160
2f77f01f,26119,9.263,160
69d73b54,25434,9.2658,160
48fdc742,21960,9.2658,160
a5cfb76,22670,9.2658,160
1a3b052a,6241,9.2658,1
44c42b61,22989,9.2658,160
4ae680a2,23770,9.2658,160
6c07996b,24631,9.2658,160
16d58d6,22767,9.263,160
433d0f84,24886,9.2658,182
3da064d1,21831,9.2658,160
6d3c7ecf,24432,9.2603,160
67c2056,22768,9.2658,160
2d164e32,25283,9.2658,160
132e21ad,5984,9.2658,46
1deaff01,22068,9.2658,160
7a73027a,22154,9.2685,160
658bb4d8,10717,9.2658,74
47918b3d,22819,9.2685,160
5bb6545a,25732,9.2685,160
74ac28d,23421,9.2658,160
602dd98e,25888,9.2685,188
4d922792,22157,9.2685,160
2f108c88,22156,9.2685,160
1785d0c6,14814,9.2685,104
468a3611,22069,9.2685,160
1a7837e5,2295,9.2712,18
1d931708,23118,9.2712,160
6353977,21739,9.2712,160
6cbfd642,24433,9.2712,160
31a79cee,24435,9.2685,160
81d79fc,24975,9.2685,160
1fb0ec50,21968,9.2712,160
49c730e4,22574,9.2712,160
442c375c,18676,9.2685,100
7a64765e,26039,9.2712,160
496193db,24866,9.2685,182
2ad0d192,25409,9.2685,160
3eea19c,23439,9.274,160
69ef32d0,2292,9.274,18
25c3bc32,25487,9.274,160
329a6af4,22826,9.274,160
17293d2c,1993,9.274,13
52939b59,26462,9.274,160
7e639cd8,22066,9.274,160
1fcf942a,25814,9.274,160
41d10aa2,9711,9.274,63
fd60892,26265,9.2712,160
51345967,23890,9.274,177
6cf2a835,16826,9.2712,121
6d31c0ec,25869,9.274,160
e3c77a4,25891,9.2767,188
47f1f8db,26264,9.2767,160
785cea2f,21003,9.2767,100
116bf941,25284,9.2767,160
30dcf926,26057,9.2767,160
6e7904e9,2296,9.2767,18
1b096368,26266,9.2767,160
76e5a6fa,22008,9.2767,160
59ed541e,10090,9.2767,1
3e466ee4,26366,9.2767,160
3e9aafdd,6239,9.2795,1
218827b3,25486,9.2795,160
714a02c9,21922,9.2795,160
70e3f074,25267,9.2795,160
1a6fd712,24626,9.2795,160
7e5fb3c7,6128,9.2795,1
2a43a86c,24434,9.2795,160
41cc1ebe,24725,9.2822,160
7f75c7d5,23854,9.2822,160
21990c8b,14971,9.2822,100
e41e3b,18317,9.2849,100
3753d683,17919,9.2822,100
16cb1739,4232,9.2849,21
7fdfbc3f,14959,9.2849,100
5fea7039,2301,9.2822,18
76244289,23119,9.2822,160
3818f1ab,22848,9.2849,160
3a249cd3,21993,9.2849,160
7a52e1b6,22673,9.2822,160
36c35816,22765,9.2877,160
6227644d,6444,9.2849,1
7d9e09e,8136,9.2877,50
1dcd440b,8154,9.2849,50
3919165,11806,9.2877,83
2fbe7ae9,22045,9.2877,160
7662765f,23855,9.2877,160
2270b0d2,25733,9.2877,160
1789984,24872,9.2877,182
eed3a77,20499,9.2904,100
622a2054,23615,9.2849,160
52587071,25364,9.2904,160
1203eeb2,26156,9.2904,160
376d24eb,22375,9.2877,160
721c3f3b,24431,9.2877,160
15c58d8d,25721,9.2822,187
77af9fb7,22158,9.2932,160
48fbcbc,23772,9.2932,160
5a1b8aba,25135,9.2904,160
496d9325,23771,9.2932,160
707dd660,25241,9.2932,160
32e7beca,7769,9.2904,54
96efe8f,24726,9.2932,160
f26fb42,25567,9.2877,160
2af7a538,22056,9.2932,160
3427a8d0,23875,9.2904,160
5fc41221,22984,9.2877,160
ff322cd,21737,9.2932,160
4a43a25d,21926,9.2932,160
3986e182,10134,9.2959,67
380e257e,14960,9.2932,100
7207bcbc,21224,9.2959,100
65ce19a1,23853,9.2959,160
6c264ce0,22773,9.2959,160
3b205a73,23440,9.2959,160
740de3f7,25883,9.2932,189
22eb302d,22816,9.2959,160
4e22f14d,23223,9.2959,160
619befc6,22917,9.2959,160
3f84ee59,7759,9.2986,54
6a8a27b6,24084,9.2986,160
64ed818,9615,9.2932,63
1dc7917d,24884,9.2986,182
239cb8dc,23774,9.2986,160
49a35ad0,21222,9.2986,100
3b726cd0,22769,9.2904,160
4b8cfdbe,25296,9.2986,160
6a61c1cb,24356,9.3014,160
2cfdde03,25488,9.3014,160
44123a0,5635,9.3014,36
147d4e1d,25427,9.3014,160
280c5f9b,26442,9.3014,160
684b6d54,22161,9.3014,160
4c87bcc8,25428,9.2986,160
e487e9d,23013,9.3014,160
39910d7,25965,9.2986,160
49a367b8,25959,9.2986,160
38b3e3b8,25497,9.2932,160
68601513,6281,9.3014,1
4d0cf53a,22982,9.3014,160
75c2dea5,8485,9.2986,50
246fec12,22704,9.2959,160
3e166762,6132,9.3014,1
6c5a49bf,6094,9.3014,1
1680f4c5,24627,9.3014,160
4bd3c9af,24407,9.3041,160
28870186,25682,9.3041,160
25a75e83,24257,9.3041,160
1b0efc39,22828,9.3041,160
46d11cc6,24319,9.3041,160
53bc510b,25429,9.3041,160
7208e69a,22829,9.3041,160
4e45c046,25437,9.3041,160
4b2b4f61,22438,9.3014,160
5ede7339,10441,9.3041,72
6f7181d,23936,9.3014,160
41926d27,25011,9.3041,160
2d91be18,25737,9.3068,160
47dc3e49,25012,9.3068,160
4db61c1c,5980,9.3068,1
1a703b9c,26157,9.3041,160
605cf928,24628,9.3068,160
32755b51,23664,9.3041,160
2fb18056,26267,9.3068,160
12345279,24127,9.3068,160
35732f4d,4233,9.3068,21
6f1feadf,24354,9.3068,160
5dd3e15c,20502,9.3068,100
6b496dd7,24870,9.3096,182
680ddbad,24414,9.3096,160
70baaa2e,26155,9.3096,160
402d99da,24428,9.3096,160
5074ca12,5992,9.3068,46
56a2a302,26158,9.3096,160
393affa0,2388,9.3096,18
73c53b19,25460,9.3096,160
73ec9822,10091,9.3068,1
3af37916,21963,9.3068,160
7bbfae49,26327,9.3014,160
5f232ccc,22441,9.3096,162
29f14960,17054,9.3096,100
6a0845ef,26045,9.3123,160
7db2ed04,22383,9.3123,160
44c4022,2384,9.3096,18
6cb4aad6,16100,9.3123,112
3b31fb32,25268,9.3123,160
5fb699cc,21223,9.3096,100
18280f7d,25297,9.3123,160
302706aa,22766,9.3096,160
5a970767,19097,9.3096,100
7ad28f5f,24357,9.3123,160
6ecb9f6c,1987,9.3068,13
3640262f,24320,9.3151,160
1aab45b0,22830,9.3151,160
7fbb5c9c,22820,9.3123,160
3eda741b,6095,9.3151,1
5c14e098,25285,9.3151,160
6e162489,24993,9.3123,160
3976440b,7753,9.3151,54
2ad2de,25289,9.3123,160
d4d7219,25729,9.3151,160
59d0063a,21965,9.3151,160
1d57404b,21790,9.3151,160
3447cbb7,22439,9.3151,160
1c49d516,22985,9.3151,160
3dd8ab12,21971,9.3151,160
4facfd87,16878,9.3123,121
1041ba97,7725,9.3178,50
49f98f73,23876,9.3178,160
43e9ef88,22849,9.3178,160
6b0162b7,25291,9.3123,160
7689e842,11749,9.3178,74
3b47c34e,23116,9.3178,169
738e63f7,25722,9.3178,187
7f1757a1,22822,9.3178,160
35e64e47,24436,9.3178,160
1fe3962e,25275,9.3205,160
2691b668,2343,9.3205,18
2600f896,21962,9.3178,160
27d58f7b,24124,9.3205,160
636f09a8,24085,9.3178,160
60bea10d,23940,9.3205,160
4b377984,22821,9.3205,160
6ad2ec3c,10047,9.3205,1
716b9a87,22817,9.3205,160
3e85075c,23674,9.3205,172
63426b0a,9665,9.3205,63
7ee78e09,22827,9.3233,160
6448eb6e,25425,9.3233,160
14c3553a,24043,9.3233,160
690df892,6412,9.3233,1
449ff896,19096,9.3205,100
2426dd95,24258,9.3233,160
672f68f0,11807,9.3233,83
69cb8baa,22986,9.3233,160
6f843769,10442,9.3233,72
54e42947,22756,9.3205,160
4890a3c3,25365,9.3233,160
7db3e7a0,25466,9.3233,160
33c2b800,26121,9.3233,160
4619112e,22983,9.3233,160
26f2e599,22436,9.326,160
b5a3c95,23443,9.326,160
69b654b9,22379,9.326,160
4f12e337,23773,9.326,160
418c0b9a,6447,9.3288,1
1be839aa,26393,9.3288,160
4020b5f2,6301,9.3288,1
1873fd9a,24564,9.3288,160
b5fa767,25467,9.3288,160
3902e5d5,22771,9.3288,160
637dae36,10135,9.3315,67
2637088e,10444,9.3315,72
21afaeff,23120,9.3288,160
faddb52,20498,9.3288,100
12fd88f,24087,9.3315,160
4cfeec16,22440,9.3315,160
3fe9da9e,22443,9.3342,162
1f42d35c,23021,9.3342,160
43465e1d,24994,9.3342,160
22d07a6c,16827,9.3342,121
5d443519,6240,9.3342,1
5495d5de,24565,9.337,160
25d2dfe7,23937,9.337,160
2e769b0c,25426,9.337,160
470d22b,21868,9.337,160
27d231c6,22843,9.337,160
78e0c341,6296,9.337,1
221d2a6,16102,9.337,112
7e10fd37,10427,9.337,72
7545eae4,22759,9.3397,160
313f08e2,23014,9.3397,160
6a22f28d,23939,9.3397,160
335c7564,25424,9.337,160
4dd84285,25735,9.3397,160
41e01d7a,22706,9.3425,160
8d165bc,25292,9.3425,160
79a54723,24259,9.337,160
58f6d697,23776,9.3425,160
57b57b66,24956,9.3425,160
167fa727,25136,9.3452,160
1580dcd1,16877,9.3452,121
1a279da5,25121,9.3397,160
7b2cf298,25736,9.3425,160
560fe764,25438,9.3452,160
73ec8d0,17528,9.3452,100
6c93018f,26448,9.3452,160
7fe63e98,24873,9.3452,182
63c2bbce,25498,9.3452,160
12cb972e,22707,9.3479,160
66a06381,24265,9.3479,160
46e69ccd,25740,9.3425,160
28fc8333,14707,9.3479,100
44625ed4,25508,9.3479,160
5e165129,25745,9.3479,160
10aadf22,23775,9.3479,160
4df04511,6277,9.3479,1
75730add,23938,9.3479,160
28515ce2,21961,9.3479,160
395afa5b,25122,9.3425,160
7e42c795,23121,9.3452,160
55a96b40,22384,9.3507,160
13bced18,5636,9.3507,36
7e743850,22386,9.3507,160
10929de7,26455,9.3507,160
12ce2c51,25738,9.3507,160
b9f1d8a,26046,9.3507,160
eff07de,4212,9.3507,21
7a5fef34,22987,9.3507,160
2536fe97,5991,9.3507,46
21cf2273,16828,9.3507,121
57780063,17055,9.3507,100
525b73f7,24874,9.3507,182
54b25699,21958,9.3479,160
57110d8f,24727,9.3507,160
400bed6d,25654,9.3507,160
180f83a5,24871,9.3507,182
f63f3df,1994,9.3507,13
6aeed0f,16880,9.3534,121
19d11832,23122,9.3507,160
6d4a4b76,26447,9.3479,160
1c7d0545,10449,9.3562,72
72621b72,25293,9.3562,160
d7c9e70,24632,9.3562,160
4d8baa5b,24262,9.3562,160
72254967,24566,9.3562,160
c2b00d2,22854,9.3562,160
6862d4b,23441,9.3562,160
3926b2c7,26372,9.3589,160
45dd123f,1929,9.3589,13
6fe0bcf5,24264,9.3589,160
7f290a20,10391,9.3589,72
279f0ad3,22760,9.3589,160
1044971e,25276,9.3616,160
7aa986f7,24255,9.3616,160
4d66eb88,9666,9.3616,63
1270b965,2368,9.3616,18
26b83052,24263,9.3616,160
1090844c,22779,9.3616,160
6ad0177d,5618,9.3644,36
7cab27fc,26454,9.3644,160
7d7c30d3,25277,9.3644,160
f62087b,22845,9.3616,160
1a21a58e,21225,9.3644,100
4d67a071,21969,9.3644,160
e07f062,22772,9.3644,160
64867520,25739,9.3671,160
78e02bcb,5990,9.3671,46
6ffaec8c,10092,9.3671,1
5ecf95f1,10095,9.3671,1
79d41d42,21866,9.3671,160
9b7c47d,26431,9.3699,160
70f008f3,22787,9.3699,160
485604ed,22844,9.3699,160
6ced6ff8,25435,9.3699,160
5ed835aa,25743,9.3644,160
6a14600b,22784,9.3699,160
4b0a7a5b,21974,9.3671,160
5d37c518,22856,9.3699,160
8f6e0d,24260,9.3726,160
3faee5d9,25358,9.3699,160
b113ae3,10443,9.3699,72
2df0e9dd,23941,9.3699,160
55f9f1e2,6414,9.3726,1
1ca4d76e,23123,9.3726,160
7f58cee7,26449,9.3726,160
554c6ed0,25500,9.3726,160
6b76f455,16103,9.3726,112
4fa0f37a,2367,9.3726,18
75855247,24358,9.3726,160
4c9395e6,21865,9.3753,160
7a9f584a,23675,9.3753,172
70112c78,25652,9.3753,160
326c5f40,26430,9.3753,160
39d36765,22783,9.3753,160
6da42420,25028,9.3753,160
3dc8a0d7,25892,9.3753,188
3d95e22c,25124,9.3726,160
6d533c81,25741,9.3753,160
40792bc9,22232,9.3753,160
211a802f,16221,9.3753,112
592c52c3,22625,9.3671,160
4bba4f48,22785,9.3781,160
3f79d58a,6302,9.3781,1
587f7cb9,23022,9.3781,160
69d9ac65,22813,9.3781,160
4a9721b2,16101,9.3781,112
7196d869,24995,9.3781,160
684f091c,22781,9.3781,160
4f5275e3,24126,9.3781,160
19eb441a,4213,9.3781,21
18de8243,10029,9.3781,1
6a827c24,22231,9.3781,160
2ac11146,22786,9.3726,160
2d90b48d,16881,9.3808,121
5745d88d,4164,9.3808,21
5332b542,23023,9.3808,160
3d075fca,26451,9.3808,160
7e0f17e4,16879,9.3781,121
61b1087,24125,9.3808,160
715275d,21740,9.3808,160
6be05c6f,21226,9.3808,100
6267b037,26443,9.3836,160
2f89cfee,16829,9.3836,121
28f72cda,7715,9.3836,50
5a7fb465,10405,9.3836,72
2e41ae17,26268,9.3863,160
5e6b13bc,22855,9.3863,160
c04b4d,22761,9.3863,160
61d71204,5883,9.3863,44
14656716,22224,9.3863,160
60cc9203,6297,9.3863,1
70d77318,21970,9.3836,160
53c54a03,22437,9.3863,160
51dde915,10093,9.389,1
8439618,4123,9.3836,21
43477bbb,22708,9.389,160
400eff51,26450,9.389,160
1d6a07bd,24256,9.3808,160
3a2ba482,6309,9.3863,1
47a83eeb,1920,9.389,13
5d4547f2,26432,9.389,160
6f2c2f72,1991,9.3836,13
57254198,23017,9.3863,160
4007793,23015,9.3918,160
1067c25d,26452,9.3918,160
6805f949,22230,9.3918,160
f6d5f7f,23030,9.3918,160
311efd00,21966,9.3945,160
8561dee,24129,9.3945,160
26f6f38c,24899,9.3945,182
1356476e,25744,9.3945,160
260d4393,22780,9.389,160
610539aa,24521,9.3945,160
3c77c05f,21867,9.3945,160
702a1d99,25961,9.3863,160
382aa25f,22380,9.3973,160
c4af58c,6235,9.3973,1
33bbccbc,22850,9.3973,160
e3da962,6133,9.3973,1
35ccdc1a,25742,9.4,160
119504a6,21972,9.3973,160
2e5babe9,10330,9.4,70
6927f36b,22846,9.4,160
430ecc27,8486,9.4,50
1833b75f,24568,9.3973,160
7b266b82,19098,9.4,100
27230df0,25489,9.4027,160
8d193ec,24567,9.4027,160
3807c884,26329,9.3973,160
70b5ce7d,25359,9.4027,160
56e49989,11809,9.4055,83
747f6d74,21227,9.4055,100
11d880ff,1992,9.4055,13
4905cb00,22017,9.4055,160
469e1b99,6098,9.4055,1
405089ac,5884,9.4027,44
31480b79,26269,9.4055,160
29fd3093,23445,9.4082,160
1394a4cd,21228,9.4055,100
6dba1f7e,7754,9.4055,54
a809402,23444,9.4082,160
3cf41418,25746,9.4082,160
6f22711a,24579,9.4082,160
af07d87,24878,9.411,182
378cd248,22988,9.411,160
3922703f,22233,9.4082,160
256ae7d7,10400,9.411,72
2cffaab8,5498,9.4082,37
158b512a,25960,9.4055,160
546e248e,24728,9.411,160
58496556,6432,9.411,1
699abdfe,21964,9.411,160
7db023fd,22918,9.4055,160
57b907fc,25490,9.411,160
3e56a12f,4239,9.4137,21
251f1683,7760,9.4137,54
7464d2f2,25151,9.4137,160
bcdf32f,26270,9.4137,160
17aec855,25294,9.4137,160
18f9c7c6,6236,9.4164,1
2d395979,25491,9.4164,160
7656373b,24900,9.4164,182
4cb4c0eb,6310,9.4164,1
13e844eb,22387,9.4192,160
451c7f57,22774,9.4164,160
130d57c5,26456,9.4192,160
a5f44e9,22847,9.4192,160
7498364c,4122,9.4164,21
1e4113ac,21927,9.4192,160
354e2f7,25509,9.4219,160
388131f4,24437,9.4219,160
89a27e,24879,9.4219,182
414bfa5e,5642,9.4219,36
74d48e6d,25470,9.4219,160
63cc91ee,22388,9.4247,160
621e3f28,2303,9.4247,18
5321bc0e,23024,9.4247,160
4da6353e,25963,9.4247,160
1d516d01,4165,9.4247,21
ea5e6fc,22919,9.4247,160
50bafaea,22859,9.4247,160
6c01a5be,25499,9.4247,160
2c493a06,22414,9.4247,160
3a6673eb,22782,9.4274,160
1b55f05d,22775,9.4247,160
4447f4ad,19099,9.4274,100
1cbf3477,23442,9.4247,160
79c3b4ec,4167,9.4274,21
70b36914,22851,9.4301,160
6d52672f,10116,9.4301,67
44d0b847,25286,9.4329,160
21a92026,22789,9.4301,160
45a9942b,22710,9.4329,160
2e39ae43,21237,9.4329,100
70c83ee2,9667,9.4301,63
35bd0a45,22788,9.4356,160
6fea3943,9616,9.4356,63
72a9c88,10030,9.4329,1
e2b488a,24638,9.4356,160
6d83a4ba,26394,9.4384,160
5a28fca9,22450,9.4384,162
531da868,24901,9.4384,182
a05f,24889,9.4384,182
52f610aa,21976,9.4411,160
4b07db02,10445,9.4411,72
3902eb32,21932,9.4384,160
54bbd7cd,6311,9.4384,1
246d1f94,24635,9.4411,160
1a0dbd99,25501,9.4411,160
1da07a6,23018,9.4384,160
1f0af4df,25269,9.4411,160
15055d4c,22709,9.4438,160
595861c7,24130,9.4384,160
2e4efe00,24996,9.4438,160
54cbe617,23124,9.4438,160
662a4b1a,5619,9.4438,36
597a95ae,6373,9.4411,1
43b6811f,22415,9.4466,160
3216bee4,24997,9.4438,160
1ad1c997,6448,9.4466,1
30a82e55,21975,9.4493,160
310c8002,25004,9.4493,160
2e97334c,25295,9.4493,160
4b9d1d3a,24266,9.4466,160
234d14d5,26333,9.4493,160
5404c7da,21741,9.4493,160
58847cea,7772,9.4493,54
408d21bc,25361,9.4521,160
579777b2,25362,9.4521,160
43046283,24413,9.4521,160
328c729d,7726,9.4521,50
47476a77,22225,9.4521,160
6eff1472,21877,9.4521,160
46fb7339,6315,9.4493,1
bd507f1,24634,9.4521,160
475648d0,25468,9.4548,160
2b909d6f,22416,9.4548,160
e531c56,24633,9.4548,160
1819c56a,6136,9.4548,1
6d7c1e71,24875,9.4521,182
42a88d54,2302,9.4548,18
548f88fb,22762,9.4575,160
499a0a4e,22444,9.4575,162
1a8b810c,25505,9.4575,160
26b2595,26271,9.4575,160
f692c3f,26334,9.4575,160
42470025,16882,9.4548,121
77524371,23673,9.4575,172
14608d5a,26374,9.4603,160
92dc2ab,25000,9.4603,160
21cd4b25,24732,9.4603,160
6030a512,5943,9.463,1
75f91fb0,10407,9.463,72
65814118,5643,9.463,36
2b0cd616,10450,9.463,72
53014cb5,21931,9.4603,160
7a519504,25001,9.463,160
3c1f46a5,24998,9.463,160
7b83675,26433,9.4603,160
5bc0e317,26332,9.463,160
1b1006e8,24571,9.4658,160
3bf314f4,21238,9.4658,100
109f0f29,8481,9.4658,50
6565a389,25492,9.4658,160
6690418b,24876,9.4658,182
2982a598,6100,9.4685,1
6f85a6ba,24131,9.4658,160
36dbf00,24128,9.4685,160
207c1992,26481,9.463,160
7c789ed1,22863,9.4685,160
14762030,22776,9.4712,160
708ea72c,26272,9.4712,160
51bbf682,24132,9.4712,160
30fe9026,25471,9.4712,160
4ab7f84d,24133,9.4658,160
8481efe,24636,9.474,160
2d9ad867,23031,9.474,160
2828ad3f,22711,9.474,160
6c1377bc,22852,9.474,160
24642b2e,25037,9.4767,160
5fc68625,25005,9.4685,160
32ea99b7,25371,9.4767,160
45b3a6c1,25962,9.4685,160
490397dc,25030,9.4795,160
400bd802,25964,9.4795,160
2b978988,5974,9.4795,1
4dd68a6c,24569,9.4767,160
16b61469,21977,9.4795,160
690a72c6,24904,9.4795,182
150ba8b9,4171,9.4795,21
bdea9d2,21229,9.474,100
34ca40af,24897,9.4822,182
1c92bae8,25287,9.4822,160
46286a33,21928,9.4822,160
65eec6fc,25510,9.4822,160
552454c1,25290,9.4795,160
2de8e498,4172,9.4849,21
7c511373,6099,9.4849,1
36dacdcc,22864,9.4822,160
538648ce,22445,9.4849,162
5acaedac,24999,9.4849,160
4900092f,9614,9.4849,63
23a6f8b3,24890,9.4877,182
42871431,23016,9.4877,160
4fad3640,23446,9.4877,160
62d17eb,24729,9.4877,160
12da14fd,22857,9.4767,160
6886bc0b,22446,9.4877,162
540d8d5b,24730,9.4904,160
3bba7c8e,8497,9.4904,50
4e3f886d,22226,9.4849,160
20c35c0e,23677,9.4904,172
62fcd917,23942,9.4904,160
3f4757a7,25029,9.4904,160
4c34b35c,26375,9.4904,160
3803d765,7776,9.4904,54
d89dcc2,21929,9.4932,160
3790d251,24572,9.4932,160
5da23431,5621,9.4932,36
6630279b,25002,9.4959,160
19d7eadf,25474,9.4904,160
332081d5,25511,9.4932,160
365f0279,4175,9.4959,21
2d680ceb,5646,9.4932,36
7573a7bc,6305,9.4959,1
44c0f119,6356,9.4959,1
2e06b86d,26457,9.4986,160
5a2efc7,25734,9.4986,160
7359ee7d,24639,9.4986,160
3ddb66a5,4244,9.4959,21
557d78e5,23125,9.4986,160
16f6036a,7727,9.4986,50
2a603dcf,23019,9.4986,160
4ce89868,11810,9.4986,83
72ec7b40,8155,9.4959,50
5427db24,9668,9.5014,63
7098a5ea,6409,9.5014,1
7f820a2a,24637,9.5014,160
79bcc838,23676,9.5014,172
77a1e66a,24570,9.5014,160
6606b5a5,21930,9.5014,160
6996ccd7,22860,9.5041,160
c12bcba,17529,9.5041,100
632e2448,21933,9.5041,160
3c3c1963,22447,9.5041,162
1b440cf1,6303,9.5041,1
48bc29a1,26465,9.5068,160
72dd56ba,22449,9.5014,162
5152ab60,6234,9.5041,1
583ea51c,24887,9.5068,182
434cd966,6134,9.5068,1
4ccbe996,22920,9.5096,160
324ac5ab,6278,9.5068,1
78d4667a,10406,9.5096,72
510cb9e0,2304,9.5096,18
1541110a,25966,9.5123,160
30637d2d,6292,9.5123,1
6b5f3aed,26273,9.5096,160
5354327d,25006,9.5123,160
5fa84ddf,5985,9.5123,46
427cce61,10117,9.5096,67
695d5916,6433,9.5151,1
7b479e82,22790,9.5151,160
4f6fdfe4,24088,9.5151,160
669ce280,7761,9.5178,54
10ebd3a8,10440,9.5178,72
423727f4,24134,9.5151,160
3494c882,22456,9.5178,162
3c3df1cf,7773,9.5178,54
7abc25f4,22455,9.5151,162
18b858b6,24140,9.5205,160
78ee5f08,23025,9.5205,160
41a1434d,5620,9.5205,36
1153f996,23020,9.5178,160
280392ad,26464,9.5233,160
6556675,5944,9.5205,1
75c1cdd,5637,9.526,36
7c2f9345,6452,9.526,1
375f0ca6,24731,9.5233,160
29f6dab9,24881,9.526,182
1a14b2f6,22234,9.526,160
7d49ef9d,24893,9.5288,182
2e7dfe7a,25493,9.5288,160
7dfceeca,11805,9.5288,83
3289e7ef,24880,9.5288,182
d35604a,6316,9.5288,1
2a5722d8,24736,9.5315,160
3f325376,4234,9.5315,21
252260e4,9597,9.5315,63
58e95d30,24894,9.5342,182
7e784157,25158,9.5315,160
537c040d,21973,9.5342,160
65ef7bc6,25506,9.5342,160
777daa96,22858,9.5342,160
4bb33fd7,24739,9.537,160
78dc06c0,24898,9.537,182
66f37356,26275,9.537,160
7cc04c04,14973,9.537,100
2e5f89cc,25152,9.537,160
654a2fb4,7729,9.5397,50
362d70c1,24415,9.5397,160
48d7444a,22457,9.537,162
4bb9dc91,4166,9.5425,29
3567098e,25475,9.537,160
58fb0536,7770,9.5425,54
12894957,22796,9.5425,160
489fb9c0,25507,9.5425,160
6724e707,5494,9.5425,37
3ad2285a,11813,9.5452,83
591903e7,25472,9.5452,160
3f8a36c5,9669,9.5452,63
322c73c3,26482,9.5479,160
39541103,25137,9.5479,160
72f0b65e,24640,9.5479,160
594bc0a2,24888,9.5452,182
3799f950,7728,9.5479,50
667a260b,22228,9.5479,160
114f2edc,24877,9.5507,182
1686b287,25375,9.5507,160
6e2d8a7e,21935,9.5479,160
59d0b3ce,10426,9.5507,72
31815fe6,21934,9.5534,160
2ee2a08e,10428,9.5534,72
43627d4c,21873,9.5534,160
1230d1db,10719,9.5534,74
1d58b4a0,22229,9.5562,160
104cd799,11814,9.5562,83
4c5e589d,25373,9.5562,160
779b409f,2372,9.5589,18
47450aaf,10718,9.5534,74
63b1e9be,14974,9.5589,100
3db80afa,24891,9.5589,182
700ea456,21874,9.5589,160
15370a4e,22861,9.5534,160
6d0ec20e,25494,9.5589,160
662fd743,10408,9.5562,72
2b1322c5,25019,9.5562,160
18f26c3,5495,9.5589,37
6a11080,25153,9.5589,160
6ab1e5f3,22458,9.5616,162
4779f791,22227,9.5616,160
754ee0b1,23026,9.5616,160
7be5cb88,25372,9.5616,160
1e9e277a,24892,9.5671,182
68a17713,22448,9.5671,162
16538e47,22763,9.5671,160
149abf54,26276,9.5671,160
3c04a351,26471,9.5644,160
2ebcd567,25512,9.5699,160
24974741,21872,9.5699,160
53be1bfa,6364,9.5671,1
65363c98,8156,9.5671,50
1a7e8f52,26466,9.5671,160
246528c9,25038,9.5699,160
10cb8755,23043,9.5699,160
58147fc6,10722,9.5699,74
462786ca,22993,9.5699,160
12a1a06a,25043,9.5699,160
5e1c7c44,23678,9.5699,172
258dd20e,2373,9.5726,18
3193fb34,5638,9.5726,36
5fe611a3,7756,9.5726,54
405b48c5,6312,9.5726,1
79d90d0a,25014,9.5753,160
7d18e2d6,22777,9.5753,160
364e42d9,14975,9.5781,100
594a36ba,25502,9.5781,160
43cd5036,24091,9.5781,160
79f904cb,22792,9.5753,160
70bfa865,25017,9.5781,160
3d65d9a7,22791,9.5808,160
22c00b08,26274,9.5781,160
56862a3a,25967,9.5753,160
316ff96d,1922,9.5808,13
12c7a082,10409,9.5808,72
3512d757,24573,9.5753,160
1c777d23,6242,9.5808,1
4370c5fa,6454,9.5836,1
2d19fd3a,25300,9.5836,160
288f370b,25155,9.5808,160
3e22a1df,25040,9.5808,160
1d296123,10392,9.5863,72
7284cf3,22921,9.5863,160
3a1089c0,25301,9.5753,160
58825395,2377,9.5863,18
73852d03,25171,9.589,160
25737a29,25374,9.589,160
1b93b9ce,25513,9.589,160
51c75fd2,21742,9.589,160
b708ddc,25257,9.589,160
5f13f05a,7762,9.5836,54
1f0f8c81,11811,9.589,83
35ec1ca9,25018,9.5918,160
7861af44,26472,9.5918,160
33378e13,5872,9.5918,43
58656e68,25140,9.589,160
57f406d5,24136,9.5918,160
9d2dba3,25298,9.589,160
2a851d6,21240,9.5918,100
de00086,24911,9.5918,182
700bfe22,22991,9.5918,160
20326dc7,10393,9.589,72
7e05397c,21875,9.5918,160
9304ac7,6378,9.5918,1
49568cd6,25503,9.5918,160
39ccb7b3,25007,9.5945,160
44bf514a,25015,9.5945,160
13a64e78,2370,9.5945,18
43f71ad6,25476,9.5945,160
184b48b9,22712,9.5945,160
6586475a,23044,9.5945,160
5b0d6fa1,24882,9.5945,182
784e5d07,22866,9.5973,160
7a793f36,22797,9.5973,160
3835ae40,25302,9.5973,160
6f5e928b,6279,9.5973,1
62a668b3,4124,9.5973,21
50de4b55,10429,9.5973,72
5f1e88a6,21936,9.5973,160
6cad8cfc,6101,9.5973,1
79ff6887,2371,9.6,18
6426ff1d,10042,9.6,1
40dd9b86,6102,9.6,1
1d1f9221,22862,9.6,160
62ae67f9,24135,9.5973,160
22a0f8ce,9608,9.6027,63
495e98b2,24902,9.6,182
49943709,25020,9.6027,160
4badd5ec,7757,9.6027,54
76e8e093,25013,9.6027,160
41c96a9d,10136,9.6027,67
5aadf2cf,11808,9.6027,83
678b6a20,10022,9.6055,1
f4f25a7,6416,9.6055,1
2ae89317,1921,9.6055,13
1fe6370f,25366,9.6082,160
238094b9,6304,9.6082,1
5594ef73,22713,9.6055,160
d33cad7,25378,9.6082,160
6946b9,25515,9.611,160
ce08d50,6096,9.611,1
4776f654,5647,9.611,36
3b0abefd,23038,9.6137,160
15fab8dc,9624,9.6137,63
32f8c386,4176,9.6137,21
304e8a6d,25514,9.6082,160
40e55ddd,8498,9.6164,50
5ca5bad4,25039,9.6164,160
2ef6ee6a,7755,9.6164,54
6e0a8f30,22451,9.6164,163
5dab60d5,8482,9.6164,50
1a1a8584,21230,9.6164,100
70fb38af,21869,9.6164,160
14465ac8,24733,9.6164,160
69e71d64,23042,9.6192,160
532e6c67,25154,9.6192,160
7d94fc0c,5496,9.6137,37
1dd6e523,24583,9.6192,160
34c19876,11815,9.6192,83
667fe7cb,26395,9.6192,160
659cafb7,25477,9.6192,160
4571ba37,24576,9.6219,160
6f24a047,24582,9.6192,160
571e87fd,25016,9.6219,160
577f7bbe,25041,9.6192,160
1f97c364,11790,9.6219,83
55fb6e49,21870,9.6192,160
f574780,10720,9.6219,74
2cc3121d,14972,9.6247,100
76793a64,16222,9.6247,112
5af71d9e,24137,9.6247,160
7b5a7947,1923,9.6247,13
75ddd943,25003,9.6274,160
4ac86786,21876,9.6247,160
4afd7bae,26473,9.6274,160
283188ac,24905,9.6274,182
95cac,21232,9.6274,100
1750588f,2369,9.6274,18
1b859a2f,22475,9.6274,162
12f83a8e,14709,9.6301,100
5055fb3,25968,9.6301,160
3628b495,25504,9.6301,160
7c0e62c0,25473,9.6301,160
3cf6ba10,23045,9.6301,160
4b6dcb8c,21233,9.6301,100
4c4e3fb6,23028,9.6301,160
1812b425,22452,9.6329,163
1938455d,25031,9.6329,160
4557977,5497,9.6329,37
15661a39,26485,9.6356,160
6bed37ae,5986,9.6356,46
647a5071,24737,9.6356,160
3dfcd4ec,10456,9.6356,72
41eec6d9,24577,9.6356,160
4c50f15d,9618,9.6356,63
4e82ff3e,10455,9.6384,72
78cdd747,24574,9.6384,160
bcddd33,24642,9.6384,160
4fa21e89,26484,9.6356,160
433d439,6379,9.6411,1
5d11a08e,23027,9.6411,160
4bf03384,22867,9.6411,160
14f92a25,21743,9.6356,160
3efab9e6,10410,9.6411,72
ef1b69f,10129,9.6411,67
6280bf92,24575,9.6438,160
5e34721f,2374,9.6438,18
27b864a0,4240,9.6438,21
1412164e,5981,9.6438,1
79cea061,6415,9.6411,1
1eb82040,24903,9.6466,182
383ff6a5,23679,9.6438,172
4621b928,23943,9.6466,160
cc82109,22868,9.6493,160
1f9a917a,25516,9.6493,160
49e7aeeb,22714,9.6493,160
1be96f8e,24912,9.6493,182
751e3c74,25376,9.6466,160
4a21bc06,26176,9.6466,160
37f89bd7,24734,9.6493,160
5110d7fb,24738,9.6493,160
338fc33c,10394,9.6521,72
335c5b00,23036,9.6521,160
47383b76,9623,9.6493,63
101652fa,22865,9.6521,160
be6e1b,6247,9.6493,1
18bbab18,2375,9.6521,18
3de768ea,17530,9.6548,100
7d931c3,22992,9.6548,160
4c546334,24144,9.6548,160
6f1f655b,24735,9.6521,160
7af62af0,1931,9.6548,13
736b7bf8,26467,9.6548,160
223eaace,1924,9.6548,13
24dbd674,26396,9.6521,160
499ddf5b,22794,9.6575,160
1aa0a80b,24906,9.6575,182
5766ba42,6243,9.6548,1
2d770006,4241,9.6575,21
4d76c902,26474,9.6575,160
7ffaafed,26475,9.6603,160
28c50206,11791,9.6603,83
70cd0c8b,24641,9.6603,160
52d7091c,6377,9.6603,1
30810dae,23048,9.6603,160
38562283,10721,9.6575,74
1a2e4994,25969,9.6603,160
1a7bade5,23041,9.6603,160
708ec85f,10130,9.6603,67
485a479d,25299,9.663,160
2050d5eb,6366,9.6603,1
7b4ea67,26159,9.6603,160
67035081,24584,9.663,160
6149b00e,21744,9.663,160
3f77bb1d,6380,9.663,1
7b357515,5972,9.6575,1
5dec0815,25172,9.663,160
2096dc71,4177,9.663,21
4d6f58b,25138,9.6575,160
5d250684,14976,9.663,100
c73c1ad,26177,9.6658,160
3b197ac8,9617,9.6658,63
5c3e90eb,24580,9.6658,160
61af97d9,6410,9.6658,1
74767689,25032,9.6658,160
77ccbac9,6137,9.6685,1
75f67edd,7771,9.6685,54
65a06334,6138,9.6712,1
11151189,24092,9.6685,160
4db11ea3,23029,9.6685,160
356a532a,6368,9.674,1
10571697,25159,9.674,160
50bd4993,4245,9.6712,21
42b5bbbf,25139,9.674,160
808a76,6365,9.6712,1
246ad91e,10430,9.674,72
69ab3b4a,24138,9.6767,160
616b8f36,24581,9.6795,160
69eadd5a,11812,9.6767,83
5ba0b359,22871,9.6767,160
34a783d1,24895,9.6795,182
46f71e72,5499,9.6795,37
7b583ba5,21241,9.6795,100
25bc65ec,6374,9.6795,1
2d8dd381,21234,9.6822,100
45507884,26486,9.6822,160
53774ccc,26160,9.6822,160
69c8d014,23049,9.6822,160
2f9d4bc4,26488,9.6822,160
6c4f946d,24098,9.6822,160
5b7a404,8487,9.6822,50
2ad08cd6,25021,9.6822,160
6f563123,23033,9.6849,160
7faa3c58,6306,9.6822,1
7a5c609b,10043,9.6849,1
4705302d,24643,9.6849,160
3c73ff25,21239,9.6849,100
699da227,24917,9.6849,182
371c491e,23034,9.6877,160
19faeb59,6135,9.6877,1
77903413,24145,9.6877,160
73183c5c,4129,9.6849,21
2619cf98,25368,9.6877,160
68775821,23682,9.6877,172
1e31c990,11750,9.6877,74
2cf9ecd6,25160,9.6877,160
44f483de,25162,9.6877,160
16906d31,25379,9.6904,160
67d4b3a,24089,9.6904,160
6501887f,22476,9.6877,162
50b0d72,25173,9.6932,160
10e71107,21235,9.6904,100
7c2facba,25045,9.6932,160
37b67bcd,6449,9.6932,1
15848130,24908,9.6877,182
4aee2549,25141,9.6932,160
48b97e6f,22487,9.6932,162
60fe3156,24095,9.6932,160
38898626,24146,9.6932,160
6f4d75af,7777,9.6959,54
61350b8f,22876,9.6959,160
3797cf5b,6244,9.6959,1
50899b98,22881,9.6959,160
6fcbdf03,22880,9.6932,160
5340cde0,5644,9.6932,36
42a5325f,10137,9.6986,67
b8530f7,22795,9.6986,160
174c2f44,4243,9.6986,21
4a888f18,24141,9.6986,160
4236cf80,1932,9.6959,13
1c886fec,5500,9.6986,37
7d0a9d33,24588,9.7014,160
9b417dd,25047,9.6932,160
5be2c914,21879,9.7014,160
71749c1a,6367,9.7014,1
2f48dd08,5468,9.7014,37
6823ed7,21871,9.7014,160
2fa1cb25,6103,9.7014,1
7ae01687,22478,9.6986,162
1329344e,24147,9.7041,160
44ad47a,8157,9.7041,50
2593df35,8501,9.7041,50
5f3db12e,22479,9.6986,162
56c75c3,21236,9.7068,100
57578810,24094,9.7068,160
1773103c,8158,9.7068,50
34fa7cb5,24907,9.7068,182
18dd8260,25380,9.7068,160
670bcb0a,14708,9.7068,100
6c069fb8,22460,9.7068,162
5e00e7d7,22793,9.7068,160
382453b9,11789,9.7096,83
56bea1f5,5645,9.7096,36
53d84ba5,24100,9.7096,160
1301d46,10401,9.7096,72
376dcb74,25046,9.7096,160
b7bf539,25142,9.7123,160
6f6ecd7,23037,9.7123,160
785a11a3,26487,9.7096,160
529c85de,26468,9.7123,160
483fadaf,24090,9.7123,160
524589ff,22477,9.7123,162
59ab426e,22488,9.7123,162
d2da65f,10120,9.7123,67
3b296051,26483,9.7123,160
50feb283,6375,9.7123,1
3c48baec,22994,9.7123,160
ecef04e,22459,9.7123,162
d757bcb,6139,9.7151,1
6720bcc2,5501,9.7151,37
2a8a419f,25042,9.7178,160
303700b,22800,9.7178,160
6d0a3b64,24909,9.7178,182
215b43bd,6313,9.7151,1
1dd1f57c,22869,9.7178,160
271c67d0,25303,9.7178,160
64e42a08,25022,9.7123,160
42e9be7c,21231,9.7178,100
7e047c5e,24919,9.7205,182
6bcc6680,26161,9.7205,160
7cdfd056,4242,9.7205,21
5a5c9878,24644,9.7205,160
6c6c1cf7,26162,9.7205,160
291dcf18,8506,9.7205,50
26089e19,24139,9.7151,160
7bb3e00a,23035,9.7205,160
59272163,23039,9.7233,160
7734d02f,25044,9.7205,160
3016a4de,26181,9.7178,160
520c1c93,21244,9.7205,100
257eecc8,24918,9.7233,182
66242b41,26335,9.726,160
36db1568,24585,9.726,160
673f0e34,25048,9.726,160
620a6659,6457,9.726,1
50d0060f,22722,9.726,160
3e4e2928,22870,9.7315,160
219fde7b,2376,9.7315,18
10964cbf,2390,9.7315,18
1ce85d7b,24645,9.7315,160
43623ad0,10048,9.7288,1
108b5396,22489,9.7342,162
4d2e221a,26163,9.7342,160
40a6d0dc,22996,9.7342,160
18733727,24142,9.7288,160
f6ea689,10451,9.7315,72
50ddcd19,21745,9.7342,160
728c9009,26178,9.7288,160
7421d2d,24910,9.7342,182
73013886,25367,9.737,160
19f8d374,7778,9.737,54
40c86853,6140,9.7315,1
45a8eb4,23004,9.7315,160
7e7a2a58,5945,9.7397,1
40f1858b,24896,9.7397,182
6a5313ae,26477,9.7397,160
56eb4944,5946,9.7397,1
6945203,5614,9.737,36
29938063,22799,9.7425,160
65029507,22726,9.7397,160
3985ffb9,6369,9.7425,1
692f418a,5469,9.7342,37
2401bf9,22798,9.7452,160
605f4f56,25381,9.7452,160
4d0f02e6,2389,9.7425,18
78aa03bc,22498,9.7452,162
29e04f3a,23050,9.7452,160
9f10b03,22461,9.7425,162
1ac128a6,10118,9.7452,67
2fec112a,26164,9.7452,160
7735088,5975,9.7452,1
6dbfa76,25377,9.7452,160
45273a7e,26165,9.7452,160
15cc7613,21746,9.7425,160
5a6650c1,26491,9.7452,160
478cac15,10034,9.7479,1
2e58353b,8499,9.7452,50
1eddf6d8,10402,9.7507,72
68d777fe,10389,9.7507,72
742d1b95,26469,9.7534,160
dfd27d,10452,9.7534,72
22913a77,24586,9.7534,160
6fd8dcf7,24740,9.7534,160
538b73cb,6458,9.7507,1
b086c3,22877,9.7534,160
5e0e44e0,10395,9.7562,72
7e02e092,25970,9.7562,160
1627299b,26492,9.7589,160
556b2fa7,5490,9.7589,37
646cfacd,5502,9.7589,37
747e9861,25024,9.7616,160
5df61bea,7774,9.7616,54
6ac52552,22728,9.7616,160
59741809,23003,9.7589,160
301b75c5,23683,9.7616,172
319aa7b,6299,9.7616,1
411807bb,22462,9.7644,162
3c016276,22727,9.7644,160
51451757,5982,9.7616,1
2888e926,23032,9.7644,160
435614af,25143,9.7671,160
74f3cc61,4180,9.7671,21
df59207,25304,9.7671,160
7787cbc,22995,9.7644,160
62db9b46,23002,9.7671,160
115b08de,25179,9.7671,160
56c30496,23944,9.7726,160
7b215e50,24148,9.7726,160
247c11e0,10123,9.7726,67
5a658e99,4246,9.7726,21
68576f68,5466,9.7726,37
64da3f38,10033,9.7753,1
2d0ed685,22879,9.7753,160
5c2cceaa,6097,9.7753,1
2acb92f0,24101,9.7753,160
1f5d5b6e,6307,9.7753,1
6700e81f,7780,9.7781,54
443c1cfe,22997,9.7808,160
7e5fc34d,10453,9.7781,72
8f59264,11751,9.7808,74
7d863e3f,8507,9.7808,50
522a30a9,10411,9.7836,72
52ebde27,10035,9.7836,1
a727f0b,22878,9.7836,160
5847f3cc,24104,9.7836,160
355c7147,1925,9.7836,13
72be87a6,5973,9.7836,1
5979169d,24103,9.7836,160
75bb98db,21242,9.7863,100
3629e457,6298,9.7863,1
593ce354,23052,9.7863,160
7dfe2ca5,4173,9.7863,21
314592e3,21246,9.7863,100
2099b7a8,22490,9.7863,162
1e81c6ac,26478,9.7863,160
1aef963c,26489,9.7863,160
12964add,24102,9.7863,160
7b1f5a0a,22729,9.789,160
fd910e6,26166,9.789,160
6290d242,5993,9.789,46
72b4dc1a,24587,9.789,160
67729881,21243,9.7863,100
4a037375,5467,9.7918,37
170c1c05,22801,9.789,160
52d4b033,24741,9.7918,160
15cdd4af,23945,9.7918,160
2589c564,6434,9.7918,1
71ab0696,25033,9.7918,160
2c809270,24589,9.7918,160
76830df7,24111,9.7945,160
155ffb4,21878,9.7945,160
62d2da51,6370,9.7918,1
252b40b5,24112,9.7945,160
5209390b,24105,9.7945,160
29bd6419,23006,9.7945,160
12bf7a48,24108,9.7973,160
6c7259d8,22500,9.7973,162
299af749,6249,9.7973,1
3c15b8ad,25369,9.7973,160
27d137ee,23040,9.8,160
accb5a,25305,9.7973,160
e9b2cca,22480,9.8,162
7ffd0d12,23051,9.8,160
cc807a9,26167,9.8,160
2c109b04,24646,9.7973,160
6427a287,25034,9.8027,160
1a7931f5,21247,9.8027,100
7ce9dffb,21245,9.8027,100
6bebd8e9,24913,9.8027,182
32816c89,25180,9.8027,160
66288d9e,4125,9.8055,21
61a415b5,6237,9.8055,1
5380087d,23053,9.8055,160
6619be74,6358,9.8055,1
72b44378,10454,9.8055,72
422902c2,24920,9.8055,182
5f45631a,5615,9.8055,36
1e0ddcfa,22463,9.8027,162
5a61f130,26503,9.8082,160
4d9dfca6,26502,9.8082,160
665c017f,24099,9.8082,160
1275e31d,22499,9.8055,162
72020f0f,2385,9.8082,18
68cf27ef,24914,9.8082,182
62ef07a5,23680,9.8082,172
4035bf92,23054,9.8055,160
46e40912,23046,9.8082,160
4095779,26476,9.811,160
707f7e51,25163,9.8082,160
7b3467d8,25146,9.811,160
61fc8534,24742,9.811,160
c587fb6,25181,9.8137,160
6a925bb6,23684,9.8082,172
484f37d0,4179,9.8192,21
1b8834c1,4214,9.8164,21
3f1cd329,23007,9.8192,160
32c0eb9b,10023,9.8164,1
7bee1f0a,25023,9.8192,160
37100dd2,25144,9.8192,160
78fa7149,24109,9.8164,160
cdca0b,6105,9.8192,1
35e475ba,5491,9.8192,37
27ebca54,26504,9.8192,160
4e5f628e,24096,9.8219,160
4392d19a,24110,9.8219,160
2ad9049,25147,9.8219,160
29f6d96c,4247,9.8219,21
4785d3cb,10446,9.8247,72
4c99819,24925,9.8247,182
51da2724,22883,9.8247,160
39927051,4127,9.8219,21
3f9bca8e,26182,9.8247,160
203959a8,25164,9.8219,160
49cbcdef,9625,9.8247,63
492830f5,10447,9.8247,72
28865ce4,26168,9.8274,160
4298a445,23047,9.8247,160
5978f509,4130,9.8274,21
17aaf763,10119,9.8247,67
55abbd4c,8503,9.8247,50
5d8c9094,24097,9.8274,160
477786bd,24922,9.8301,182
50b5bae0,26490,9.8274,160
404aa89a,2381,9.8301,18
173d0d50,25035,9.8274,160
61d646b3,10044,9.8301,1
48833c02,24578,9.8247,160
7762ac2d,26169,9.8301,160
71b21db6,6245,9.8301,1
a8b2f53,10412,9.8329,72
1f9048e0,4128,9.8301,21
4e22143c,6459,9.8301,1
2f1cefe3,5472,9.8329,37
1a22cbf1,25026,9.8301,160
7c3eace4,22724,9.8329,160
6950f8bf,7775,9.8329,54
61f42ccb,9626,9.8329,63
3f29473d,4181,9.8301,21
7782c4cc,22882,9.8329,160
7ed21f54,25036,9.8329,160
3e00f631,1933,9.8356,13
6558a1cf,6318,9.8329,1
4be54e63,26479,9.8329,160
27cd1258,25182,9.8356,160
1de085e9,8483,9.8356,50
36b6c645,2391,9.8356,18
2a205777,2380,9.8356,18
44e6d5d8,6317,9.8384,1
7d6e120b,25174,9.8384,160
1c19dd93,6250,9.8384,1
5ae690ff,4248,9.8384,21
342aba88,11816,9.8329,83
4610e1c0,23056,9.8411,160
29e727f2,6435,9.8411,1
4be35d43,26397,9.8411,160
1944e4e9,23000,9.8411,160
78dbe3b3,22884,9.8411,160
39041389,23057,9.8411,160
176308cf,7782,9.8438,54
685c48af,25175,9.8411,160
6c405a3d,26179,9.8438,160
56019ae1,6357,9.8411,1
71603de9,5995,9.8466,46
89bd36b,23055,9.8466,160
6861f017,24093,9.8466,160
6272c484,26505,9.8493,160
494b5e43,24113,9.8493,160
562c165b,8508,9.8493,50
1058f734,22723,9.8466,160
173963ed,26480,9.8521,160
66675b71,25027,9.8521,160
387e9cb9,10404,9.8493,72
4881612a,24149,9.8493,160
4b921d59,22717,9.8521,160
2f87c165,10036,9.8521,1
5ba566f5,26470,9.8521,160
17f2b26c,25306,9.8548,160
6046386f,22453,9.8521,163
54390989,10457,9.8548,72
45246682,22492,9.8521,162
3546221d,10031,9.8548,1
35a36f63,6106,9.8548,1
2b4cb537,26183,9.8575,160
4dbad6aa,24591,9.8575,160
96d4a6f,23008,9.8575,160
49e853ca,21880,9.8575,160
3d47430a,23685,9.8575,172
526e9833,6283,9.8603,1
1cc57a44,10413,9.8575,73
44e90382,24915,9.8603,182
7d1f0f0,26506,9.8548,160
c2c85c3,23001,9.8603,160
2aa53b75,25025,9.8603,160
1d85633f,22483,9.8603,162
155b560f,5470,9.8575,37
2bcb9318,6104,9.863,1
7db1cbfa,2386,9.863,18
7e4c39aa,4126,9.863,21
47a35df1,21248,9.863,100
58b5e0e2,10124,9.8575,67
486631c7,25439,9.863,160
742edea,24114,9.863,160
74df18e3,22501,9.8658,162
3d59c51b,22730,9.8658,160
1b3c20ad,25145,9.8658,160
29759579,22718,9.863,160
6b41febb,10414,9.8658,72
51f63650,22464,9.8685,162
422432ca,22732,9.8658,160
1250121d,8484,9.8685,50
5f734737,24106,9.8685,160
26d9000,10094,9.8685,1
6a290bec,24916,9.8712,182
78fb3c4e,5473,9.8658,37
16f84ec1,26184,9.8712,160
54068858,22468,9.874,162
76529f5f,25307,9.874,160
5f1b97ea,10138,9.874,67
57eac497,6314,9.8767,1
33016ed,6455,9.8767,1
63140a9b,26498,9.8767,160
15ed9c1,10403,9.8685,72
116b01,22731,9.8767,160
377c5c4a,24590,9.874,160
527ff6f4,22885,9.874,160
3958290,22511,9.8767,162
1e5a0297,22719,9.8767,160
409600ab,24923,9.8767,182
75d65135,4174,9.8767,21
6ddba048,6238,9.8767,1
37f159a9,2382,9.8767,19
3cb37535,26180,9.8795,160
131df131,25156,9.8795,160
63fe38a1,10415,9.8795,72
5e7f1966,25440,9.8795,160
79c2c541,25168,9.8795,160
5aa2731,8502,9.8822,50
5bd72b36,22502,9.8822,162
17033c15,4182,9.8822,21
3191a3ba,25183,9.8822,160
5e168004,22720,9.8822,160
a51b758,2378,9.8822,18
4bcd193,6376,9.8822,1
388c3ecd,26507,9.8849,160
52708f78,26170,9.8849,160
4c344484,8500,9.8849,50
559c0919,10131,9.8849,67
50e4daff,8509,9.8849,58
37ce6a70,5616,9.8849,36
6eed5012,24592,9.8849,160
38b009f8,22491,9.8877,162
d510b36,23058,9.8877,160
341b8a7e,8504,9.8904,50
49086d06,22503,9.8904,162
17b04411,22999,9.8904,160
4de1c9f5,22485,9.8932,162
a731e5,22715,9.8932,160
7526e678,5996,9.8932,46
702b4b51,24593,9.8932,160
7a41680f,9621,9.8932,63
392cb8d3,22998,9.8932,160
7bfb8ca8,6436,9.8932,1
51202145,7781,9.8959,54
20d03a7e,22465,9.8959,162
129b6ea6,26494,9.8959,160
54a50ab1,11818,9.8959,83
7c66e497,25184,9.9014,160
5bdfa97f,5624,9.9014,36
ba59148,8488,9.9014,50
2a874988,22802,9.9014,160
610e4213,22495,9.9014,162
47bc8b1c,6371,9.9068,1
60347d72,22469,9.9068,162
706fa3f5,25370,9.9068,160
63626931,22493,9.9068,162
4025ea2a,26509,9.9068,160
3b9c0b1,10723,9.9068,74
ec4ab38,5471,9.9068,37
21ff394b,2379,9.9068,18
283c7ccd,2387,9.9096,18
26108fca,22872,9.9096,160
6bffa074,6456,9.9096,1
7e9f7030,10037,9.9096,1
e4b531a,23009,9.9068,160
1104a173,22506,9.9096,162
5cf557aa,24594,9.9096,160
77c3aa67,26511,9.9123,160
72d85a5f,26499,9.9123,160
46e3724e,22470,9.9123,162
2cef391b,10096,9.9123,1
305d253f,22472,9.9123,162
5a2721c1,9619,9.9151,63
750b27c1,22508,9.9123,162
5183bce2,22496,9.9123,162
6a1d9278,25169,9.9151,160
6dc675c,5648,9.9151,36
37b1fc77,24143,9.9151,160
c5ad116,26510,9.9123,160
6e1c5363,8505,9.9178,50
dd64e48,25165,9.9178,160
b5e93d8,24926,9.9123,182
1a99b497,22716,9.9178,160
33b48480,8489,9.9205,50
3f3f5ede,22873,9.9205,160
44deb174,6437,9.9205,1
24e37f,14977,9.9205,100
563a53f6,24595,9.9178,160
35c70987,22874,9.9205,160
7f1b70f0,9622,9.9178,63
689c7b17,10032,9.9233,1
2d100174,6284,9.9233,1
67853542,24597,9.9233,160
a0830b2,22482,9.9233,162
2eb04df3,5622,9.926,36
25ffdff1,26171,9.926,160
4efd5fb3,24921,9.9233,182
7ac92e69,26186,9.9233,160
2631910,22514,9.926,162
300ad20e,7763,9.926,54
8c9719b,10139,9.926,67
438f4d90,24596,9.926,160
6f7c4fc7,24647,9.9288,160
3427158e,9620,9.9288,63
77a1ff38,6129,9.9288,1
60e12f39,22721,9.9288,160
4e7bcf91,6417,9.9288,1
203e9d69,10458,9.9288,72
43f4a3ee,24107,9.9288,160
33c6fa7d,10140,9.9315,67
4f73457b,22509,9.9315,162
5bde364f,6246,9.9315,1
37d32b92,5988,9.9342,46
19bd6de2,6372,9.9315,1
27c47dbe,5474,9.9342,37
6ce8096a,6130,9.9342,1
41c9517b,22481,9.9315,162
5e755755,2392,9.9342,18
8f12bce,26173,9.9342,160
4eed0e65,14711,9.9342,100
14449ca4,11819,9.9342,83
3ae5ba05,22473,9.9342,162
4fc1dff6,5987,9.9342,46
b768f9d,26174,9.937,160
3e48096a,22504,9.937,162
6960c78,10125,9.9397,67
3501c551,22507,9.937,162
670aebd3,24151,9.9397,160
1639b68,10121,9.9397,67
510dee9,25149,9.9397,160
12b269dc,10132,9.9397,67
6ccf31b9,22505,9.9397,162
321d18b4,25185,9.9397,160
57df5a3c,6248,9.9397,1
543b21b8,23010,9.9397,160
66a03a01,25170,9.9397,160
35f2decf,24152,9.9397,160
55465e6a,14710,9.9425,100
1c1c34fc,4249,9.9397,21
39379d6a,26175,9.9425,160
36ccf0,25166,9.9425,160
4011ff82,23946,9.9397,160
6bdc0627,10724,9.9425,74
6db25306,26185,9.9397,160
600989e9,5625,9.9425,36
75b2e8c,5994,9.9425,46
48f92c0a,25167,9.9425,160
47456080,25161,9.9452,160
372c6c70,22516,9.9452,162
1bc6fdbd,22515,9.9397,162
2ce987ab,6282,9.9452,1
45379f07,24927,9.9452,182
442f62d7,7783,9.9452,54
647fa2f,22512,9.9452,162
51361e60,23005,9.9452,160
65a65713,10049,9.9452,1
d2794ad,10126,9.9452,67
10b4c9ce,22466,9.9452,162
3cb3e570,26500,9.9507,160
45059a46,25176,9.9507,160
7a0361eb,11817,9.9507,83
4ccf3ddc,10448,9.9507,72
6f74d950,26501,9.9507,160
64ab952,24928,9.9507,182
67a78c49,23011,9.9534,160
52336cbc,22725,9.9507,160
1bc481f3,10097,9.9534,1
33d75794,7779,9.9534,54
48172bf0,4131,9.9534,21
1309237f,25177,9.9507,160
5a96eb2e,26188,9.9534,160
65623296,22497,9.9534,162
14dbdd61,23681,9.9534,172
4e13065e,5623,9.9507,36
23315b29,26172,9.9534,160
33899aa8,4178,9.9534,21
57b33b5b,10038,9.9534,1
519fca5b,26497,9.9562,160
1dc9c419,25157,9.9562,160
5aa0df0,22875,9.9562,160
2ec536a2,5997,9.9562,46
5c5438fb,25148,9.9562,160
2a5e12e3,24153,9.9562,160
34cd9303,10725,9.9589,74
1896f54d,22513,9.9589,162
3521494a,22474,9.9589,162
15f36b48,26187,9.9589,160
4b3e0008,25178,9.9589,160
8bcc517,22517,9.9589,162
62fff255,26495,9.9616,160
2cd874b2,26493,9.9616,160
2d3f44f5,10122,9.9616,67
7fe2943c,24924,9.9616,182
4467f588,26496,9.9616,160
5977420d,22484,9.9616,162
5997ca0b,24150,9.9616,160
3605486f,26508,9.9616,160
6cae3c23,22486,9.9616,162
4e4a8fab,10039,9.9589,1
32e3c5e,22494,9.9644,162
5dad79e7,10050,9.9644,1
261d1c6f,22510,9.9644,162
47738df6,25150,9.9644,160
41bd5d35,5976,9.9644,1
5de7335d,8490,9.9644,50
6b330b47,22467,9.9644,162
25839c2a,22454,9.9644,163
efc395a,26512,9.9616,160
2f7fb947,22471,9.9644,162
6a659e03,10416,9.9616,72
